1668 3.574363e-008 8.852349e-004
733 3.824595e-008 9.151305e-004
1733 1.259058e-008 1.011058e-003
836 4.616293e-007 1.012732e-003
876 2.684089e-008 1.061994e-003
1173 7.823913e-008 1.098929e-003
1100 1.321213e-007 1.113668e-003
1201 8.205037e-008 1.122609e-003
1322 9.385890e-008 1.131667e-003
1062 1.399289e-007 1.136392e-003
1635 5.798876e-007 1.136495e-003
1413 7.894188e-008 1.142150e-003
1049 3.367621e-007 1.143548e-003
1055 3.321008e-007 1.144323e-003
1736 1.416561e-007 1.144554e-003
1993 3.549484e-007 1.156224e-003
1066 8.498509e-007 1.165209e-003
1070 6.202079e-007 1.173835e-003
483 1.514649e-007 1.180294e-003
720 7.420188e-008 1.186177e-003
1084 5.572754e-007 1.188393e-003
711 2.396755e-007 1.192164e-003
1090 2.323648e-007 1.196756e-003
1382 4.388996e-007 1.202452e-003
1613 5.498430e-008 1.204494e-003
702 3.389769e-007 1.213117e-003
1889 1.960343e-006 1.214051e-003
632 1.455698e-006 1.217713e-003
451 6.377497e-007 1.226185e-003
62 2.391232e-007 1.226358e-003
1043 2.192147e-007 1.227441e-003
433 8.642483e-007 1.230006e-003
1994 3.901184e-007 1.230918e-003
353 5.521821e-007 1.236646e-003
175 5.620511e-007 1.242349e-003
245 8.443820e-007 1.250998e-003
1089 6.207371e-007 1.256446e-003
1272 2.316617e-007 1.256616e-003
1047 6.190041e-007 1.259598e-003
180 2.349693e-007 1.265604e-003
1046 6.162684e-008 1.276056e-003
251 5.921535e-007 1.276171e-003
982 1.249280e-006 1.289017e-003
1781 2.519077e-007 1.296540e-003
789 1.433734e-006 1.299654e-003
1073 7.710907e-007 1.301206e-003
704 3.903721e-007 1.304455e-003
1989 1.664097e-006 1.308607e-003
596 1.013014e-006 1.319733e-003
1087 6.808807e-007 1.322028e-003
375 1.610518e-006 1.324071e-003
1921 1.592727e-006 1.331882e-003
1347 2.039506e-007 1.335727e-003
677 1.431094e-007 1.335824e-003
994 6.225560e-008 1.341739e-003
1000 9.499426e-008 1.342323e-003
1317 7.206877e-007 1.354242e-003
737 4.187605e-007 1.354321e-003
1378 1.018007e-006 1.359709e-003
732 1.505056e-007 1.359906e-003
1465 4.168215e-007 1.376601e-003
259 1.469153e-006 1.379062e-003
46 9.418862e-007 1.401746e-003
1679 4.121095e-007 1.404309e-003
1022 2.411157e-007 1.405515e-003
1489 2.727254e-006 1.405791e-003
1332 6.551324e-007 1.411914e-003
290 1.165434e-007 1.418179e-003
1060 1.028201e-006 1.419092e-003
1463 1.624565e-006 1.424157e-003
1310 4.278282e-007 1.437715e-003
725 8.385760e-007 1.438209e-003
1807 2.779732e-006 1.446530e-003
1704 1.535132e-006 1.457300e-003
641 1.480801e-006 1.459243e-003
562 2.265892e-006 1.465478e-003
757 1.052283e-006 1.477690e-003
948 2.833619e-007 1.482478e-003
1058 1.881495e-006 1.486756e-003
520 1.556800e-007 1.487737e-003
699 9.914299e-007 1.494900e-003
1226 6.326297e-006 1.495550e-003
185 6.439709e-007 1.498114e-003
1159 1.895774e-007 1.502392e-003
1025 1.620646e-007 1.512191e-003
430 4.099883e-006 1.512859e-003
1181 6.212228e-006 1.516937e-003
1091 2.475674e-006 1.523708e-003
1033 1.099464e-006 1.525017e-003
1535 1.751201e-006 1.528551e-003
165 1.795261e-006 1.529951e-003
639 6.867861e-007 1.530162e-003
262 1.722000e-006 1.541246e-003
772 5.040173e-007 1.542739e-003
1690 4.347006e-006 1.545168e-003
1908 1.836538e-006 1.553067e-003
395 4.079572e-006 1.558277e-003
629 3.803835e-006 1.561567e-003
1820 5.229728e-007 1.561720e-003
531 7.744196e-008 1.572117e-003
1071 4.567211e-006 1.573466e-003
1370 2.126118e-006 1.578463e-003
1085 3.619477e-006 1.584168e-003
706 1.788428e-006 1.587957e-003
1462 2.967543e-006 1.618268e-003
861 5.078392e-007 1.619015e-003
1456 2.726542e-006 1.621273e-003
1068 1.946473e-006 1.629770e-003
1637 8.047430e-007 1.636606e-003
1683 3.831333e-006 1.643560e-003
1831 8.454368e-007 1.657060e-003
1691 1.454868e-006 1.659478e-003
1928 1.615648e-006 1.664528e-003
1948 1.297498e-006 1.666467e-003
1313 1.085960e-006 1.672815e-003
1367 1.691664e-006 1.676900e-003
58 1.095471e-006 1.678501e-003
1092 3.850459e-006 1.688893e-003
1441 7.772776e-007 1.699370e-003
964 2.086842e-006 1.709028e-003
1520 3.185553e-007 1.714003e-003
1475 4.629913e-007 1.738125e-003
1902 1.857314e-006 1.739660e-003
1618 5.077905e-006 1.740849e-003
1477 8.045493e-008 1.744147e-003
465 2.169479e-006 1.751953e-003
1176 7.860050e-007 1.756393e-003
244 2.811563e-006 1.760047e-003
1005 4.293009e-006 1.782147e-003
1112 3.578180e-007 1.784960e-003
1461 4.660107e-006 1.785558e-003
1873 1.227236e-006 1.790887e-003
674 4.342986e-006 1.793854e-003
1997 2.952755e-006 1.796567e-003
1065 2.212012e-007 1.800230e-003
479 9.169349e-007 1.803886e-003
1109 2.631140e-007 1.809899e-003
774 4.461390e-006 1.814239e-003
1054 1.959891e-006 1.821989e-003
1392 4.382043e-006 1.824580e-003
484 3.269679e-006 1.831148e-003
1639 1.149744e-006 1.831669e-003
1925 3.153272e-006 1.841733e-003
415 2.087564e-006 1.844353e-003
1009 2.018794e-006 1.845643e-003
282 3.161810e-006 1.847259e-003
1732 6.522592e-007 1.852199e-003
1323 3.432702e-006 1.857800e-003
1138 4.517653e-008 1.859652e-003
1074 1.321165e-006 1.860842e-003
1705 3.046702e-006 1.866462e-003
274 2.035263e-007 1.868790e-003
166 4.687354e-006 1.872213e-003
752 8.273127e-007 1.872885e-003
512 2.917491e-006 1.887074e-003
1188 1.836097e-006 1.887377e-003
1571 2.846285e-006 1.892544e-003
1198 1.135611e-005 1.899927e-003
597 4.641918e-006 1.902431e-003
1938 5.047999e-006 1.902836e-003
1154 1.324086e-006 1.904275e-003
1019 9.011332e-007 1.907376e-003
1790 9.332103e-006 1.908902e-003
690 2.226425e-006 1.921785e-003
1026 1.334566e-007 1.931806e-003
1695 9.228194e-006 1.938461e-003
1487 9.570417e-007 1.939522e-003
1205 8.048991e-008 1.939758e-003
1923 5.003610e-006 1.941596e-003
1448 2.225637e-006 1.942920e-003
907 2.781804e-006 1.943399e-003
1968 5.071627e-006 1.948256e-003
763 2.477410e-007 1.950210e-003
1874 1.347781e-006 1.953526e-003
721 1.210857e-005 1.954222e-003
902 7.839123e-007 1.958133e-003
988 1.353079e-006 1.961539e-003
1803 1.230478e-006 1.962681e-003
1116 4.531120e-008 1.965768e-003
944 3.294362e-007 1.966572e-003
604 8.622812e-007 1.970641e-003
1457 3.585601e-006 1.981453e-003
990 3.592951e-006 1.984866e-003
1190 2.348958e-007 1.985149e-003
1464 1.494403e-006 1.985221e-003
1343 2.041669e-006 1.993731e-003
1752 1.589438e-006 1.993815e-003
1804 3.318207e-006 1.994813e-003
1246 6.672119e-007 1.996485e-003
1111 5.330080e-006 2.005338e-003
1359 8.933439e-007 2.007191e-003
1539 4.668609e-006 2.014079e-003
1133 6.883658e-007 2.018089e-003
1983 1.313084e-006 2.022761e-003
231 6.278639e-007 2.030629e-003
1316 4.960454e-006 2.031093e-003
638 1.370999e-006 2.038431e-003
288 2.005105e-006 2.052309e-003
1331 9.521620e-007 2.054326e-003
1706 4.289725e-006 2.055965e-003
493 4.946181e-006 2.057471e-003
543 1.164197e-005 2.061503e-003
1864 1.164979e-005 2.071223e-003
760 2.959027e-006 2.075130e-003
1105 9.750186e-007 2.078481e-003
1061 6.635335e-006 2.078520e-003
1819 6.111767e-008 2.080704e-003
417 4.601856e-006 2.084923e-003
219 7.897892e-006 2.087328e-003
1404 7.668853e-006 2.099209e-003
1279 2.334893e-006 2.101991e-003
1052 6.395138e-006 2.112476e-003
1437 3.301170e-006 2.113961e-003
946 2.495646e-006 2.135786e-003
685 2.067109e-007 2.145869e-003
335 3.268595e-007 2.146619e-003
1140 2.455583e-007 2.149716e-003
1924 3.311409e-006 2.169653e-003
835 2.451163e-006 2.174579e-003
379 1.095991e-005 2.180364e-003
1848 8.135495e-007 2.182917e-003
1216 1.002654e-006 2.193636e-003
263 1.703653e-005 2.196040e-003
1587 8.090852e-006 2.204527e-003
1225 5.266554e-006 2.205377e-003
476 1.445904e-006 2.217127e-003
1191 3.793886e-006 2.224188e-003
1799 3.064286e-006 2.224963e-003
938 5.354484e-006 2.231083e-003
1856 6.225317e-007 2.244408e-003
136 8.386172e-007 2.247710e-003
1458 3.270572e-006 2.248582e-003
60 8.514705e-007 2.251515e-003
65 5.059130e-006 2.251587e-003
1342 7.416537e-006 2.260062e-003
449 3.040086e-006 2.261759e-003
224 1.517670e-006 2.264481e-003
881 6.624095e-007 2.274052e-003
448 5.044482e-006 2.277820e-003
436 1.731517e-006 2.285299e-003
1947 9.274903e-006 2.287150e-003
730 6.721723e-006 2.302687e-003
1876 2.657507e-006 2.314404e-003
1045 1.764125e-006 2.317504e-003
640 1.561698e-006 2.339997e-003
1150 4.434868e-007 2.346544e-003
314 7.459750e-006 2.349455e-003
611 1.635486e-006 2.352427e-003
217 4.925140e-006 2.366282e-003
1414 1.367710e-006 2.366708e-003
917 6.694273e-007 2.370317e-003
447 2.294597e-006 2.381706e-003
256 1.052847e-006 2.382689e-003
1148 8.899140e-007 2.386525e-003
960 4.009607e-007 2.397378e-003
1215 6.030826e-006 2.400169e-003
1746 4.238707e-006 2.401019e-003
953 2.248628e-007 2.412274e-003
2000 1.428348e-006 2.413085e-003
1069 5.820952e-006 2.416002e-003
1417 1.149984e-005 2.417341e-003
1256 2.055026e-005 2.418294e-003
745 2.403240e-006 2.423223e-003
1308 2.896197e-006 2.430928e-003
714 4.196651e-007 2.435361e-003
83 2.614488e-006 2.435405e-003
1328 5.050671e-006 2.435929e-003
1072 2.018440e-006 2.440021e-003
1156 2.226814e-006 2.441938e-003
1189 4.969840e-006 2.452213e-003
1095 2.746150e-005 2.452771e-003
1369 1.070267e-007 2.454619e-003
1795 2.203801e-005 2.454938e-003
1982 5.409096e-006 2.470951e-003
533 5.493330e-006 2.499266e-003
398 2.754274e-006 2.500344e-003
45 3.725437e-006 2.509103e-003
552 3.627245e-006 2.509953e-003
1107 1.680814e-006 2.518164e-003
1536 2.249558e-006 2.527002e-003
44 3.916315e-006 2.545725e-003
1724 4.367367e-006 2.553993e-003
1616 1.214380e-006 2.562627e-003
838 7.095398e-006 2.562979e-003
782 5.044525e-006 2.564368e-003
744 1.454792e-006 2.570680e-003
1738 1.922809e-005 2.573400e-003
1160 6.061719e-006 2.575475e-003
565 1.276407e-005 2.578629e-003
155 4.127316e-006 2.580105e-003
1867 6.912335e-007 2.595666e-003
393 1.225265e-006 2.600741e-003
918 1.067224e-006 2.601062e-003
1407 2.392116e-006 2.607453e-003
979 9.384518e-006 2.613757e-003
656 5.447908e-006 2.614813e-003
1877 3.368292e-006 2.620552e-003
692 2.466813e-006 2.625496e-003
1676 1.151550e-006 2.626875e-003
1315 5.811623e-006 2.634306e-003
718 1.285055e-007 2.638366e-003
1300 5.656049e-006 2.643267e-003
1844 1.757516e-006 2.655646e-003
1775 3.316638e-006 2.658125e-003
1814 4.177118e-006 2.661092e-003
577 5.031866e-007 2.661350e-003
1390 1.378554e-005 2.664357e-003
350 6.007554e-006 2.674125e-003
1670 6.014204e-006 2.675740e-003
1980 4.436682e-005 2.677948e-003
1086 8.727823e-006 2.687553e-003
466 9.093372e-007 2.691025e-003
1440 3.607348e-006 2.699090e-003
2001 6.016500e-006 2.708712e-003
1888 1.693159e-006 2.715075e-003
722 4.945212e-007 2.722320e-003
88 1.340171e-006 2.725510e-003
1397 2.505161e-006 2.727760e-003
1044 5.688603e-006 2.748469e-003
1780 7.657389e-007 2.748485e-003
1901 1.316893e-005 2.750751e-003
734 6.464208e-006 2.759625e-003
1379 1.822920e-005 2.777664e-003
808 4.213373e-006 2.782117e-003
916 1.239716e-006 2.793156e-003
892 1.012022e-006 2.808272e-003
1030 5.061852e-006 2.811197e-003
1007 6.520356e-006 2.825010e-003
1434 5.441559e-006 2.825501e-003
1038 3.285553e-006 2.825972e-003
1863 5.717191e-006 2.826753e-003
1774 3.071285e-006 2.835413e-003
1830 1.600210e-006 2.841630e-003
1684 1.902549e-005 2.853623e-003
724 8.573647e-006 2.858175e-003
753 1.045412e-006 2.861342e-003
1494 1.067311e-006 2.868361e-003
1593 2.676139e-006 2.873019e-003
81 3.258775e-006 2.876902e-003
1636 1.589159e-006 2.880962e-003
1435 6.043368e-006 2.891248e-003
1922 3.033545e-005 2.894841e-003
522 4.189040e-006 2.894992e-003
667 3.202867e-005 2.897863e-003
1499 1.188450e-006 2.899643e-003
941 6.080340e-006 2.903360e-003
709 2.992684e-006 2.904449e-003
1589 2.902610e-007 2.904869e-003
1040 3.614201e-006 2.905453e-003
1389 7.974329e-006 2.914922e-003
933 1.772757e-006 2.920858e-003
1416 1.673594e-006 2.921625e-003
621 2.291007e-005 2.929465e-003
1453 3.274233e-007 2.945254e-003
1449 6.942855e-007 2.948316e-003
1301 1.671297e-006 2.967896e-003
921 8.964529e-006 2.973876e-003
234 1.341009e-005 2.988802e-003
1082 9.000241e-006 2.990112e-003
1582 1.257895e-006 2.991615e-003
554 1.147519e-006 2.992339e-003
51 3.970510e-006 2.993551e-003
998 1.532221e-005 2.999224e-003
1037 2.073615e-007 3.001086e-003
1295 3.493026e-006 3.002297e-003
1638 2.131351e-006 3.014853e-003
1801 3.693004e-005 3.032358e-003
426 3.308857e-005 3.036883e-003
1381 1.818312e-006 3.039154e-003
1859 2.830226e-006 3.054904e-003
1633 7.141960e-007 3.055676e-003
818 9.944254e-006 3.071185e-003
1490 1.959049e-006 3.072567e-003
1858 4.035757e-006 3.074035e-003
302 5.856586e-006 3.094010e-003
796 4.475168e-007 3.097579e-003
1990 8.825963e-006 3.099728e-003
1782 1.581901e-006 3.108401e-003
358 1.097181e-005 3.110138e-003
73 1.383377e-005 3.118434e-003
55 5.984669e-006 3.121309e-003
560 4.162075e-006 3.133543e-003
376 5.135405e-006 3.140498e-003
1240 6.358927e-006 3.145044e-003
177 7.475651e-007 3.155908e-003
1083 1.699663e-005 3.159913e-003
1648 4.870724e-006 3.160984e-003
600 2.000047e-005 3.161847e-003
1244 2.535360e-006 3.166193e-003
1286 8.100044e-007 3.166418e-003
1193 1.662968e-006 3.167686e-003
225 6.741904e-007 3.172183e-003
1344 1.766248e-006 3.184353e-003
450 4.501406e-006 3.193746e-003
1212 1.426620e-005 3.195798e-003
1197 6.418858e-006 3.196416e-003
735 3.901103e-006 3.205925e-003
1601 1.541147e-006 3.214145e-003
771 6.812677e-006 3.216079e-003
312 1.349268e-005 3.227610e-003
1241 6.403853e-005 3.240273e-003
1817 1.858529e-005 3.243624e-003
799 7.382853e-006 3.247666e-003
1293 2.725394e-006 3.256734e-003
913 6.764018e-006 3.260215e-003
1590 1.318089e-005 3.260312e-003
1785 1.071907e-005 3.273798e-003
739 8.676358e-006 3.274553e-003
1123 1.333937e-005 3.278124e-003
453 1.796763e-005 3.282737e-003
827 7.655588e-006 3.291977e-003
460 2.553767e-006 3.293643e-003
1374 1.906206e-006 3.297138e-003
627 4.440379e-006 3.299046e-003
138 9.894826e-006 3.306658e-003
624 1.028162e-005 3.326639e-003
1454 9.484028e-006 3.327827e-003
1882 1.492989e-005 3.334181e-003
472 9.889840e-006 3.348667e-003
1834 4.118603e-006 3.354765e-003
1821 7.375482e-007 3.364012e-003
1617 8.286183e-007 3.375908e-003
963 1.686024e-006 3.386898e-003
1076 2.220004e-005 3.400585e-003
1336 1.193666e-005 3.409439e-003
1729 7.895842e-006 3.409568e-003
935 2.616810e-006 3.431108e-003
1103 1.010817e-005 3.432295e-003
1835 2.693404e-006 3.436739e-003
1537 4.799360e-006 3.442611e-003
1605 6.897023e-005 3.458453e-003
110 1.046692e-005 3.461246e-003
1846 6.323603e-007 3.466616e-003
1762 1.621601e-005 3.470273e-003
1868 1.739089e-005 3.470468e-003
1473 7.584592e-006 3.471876e-003
1678 1.082611e-006 3.476869e-003
270 1.885379e-006 3.483491e-003
955 4.597535e-006 3.487995e-003
1964 7.314331e-006 3.493086e-003
492 1.513345e-005 3.499343e-003
1905 3.805399e-005 3.509579e-003
822 1.644598e-006 3.513875e-003
983 9.058048e-006 3.520029e-003
1125 8.303162e-006 3.521562e-003
578 9.731046e-006 3.521679e-003
654 2.536011e-005 3.521708e-003
1075 4.071651e-006 3.531073e-003
1592 1.005311e-005 3.537264e-003
299 5.576007e-006 3.541307e-003
1099 4.375287e-006 3.543445e-003
1299 2.089239e-005 3.547353e-003
1320 5.766997e-006 3.548193e-003
1247 1.100878e-005 3.555262e-003
1612 1.221752e-006 3.557374e-003
478 1.951251e-007 3.568251e-003
102 9.635061e-006 3.577285e-003
118 4.588699e-006 3.583015e-003
650 1.661409e-005 3.591334e-003
703 6.613785e-006 3.591760e-003
1996 8.700643e-006 3.594711e-003
1766 1.583759e-005 3.611418e-003
574 1.238705e-005 3.622158e-003
1549 1.070492e-005 3.625218e-003
1914 1.012335e-005 3.636387e-003
388 4.814689e-006 3.641636e-003
601 6.984039e-006 3.655936e-003
1088 3.769365e-005 3.672017e-003
168 1.744515e-005 3.681660e-003
1470 3.524321e-007 3.682156e-003
1373 2.174057e-005 3.684301e-003
1208 1.015680e-005 3.691029e-003
1909 2.700573e-005 3.694289e-003
1423 4.634618e-006 3.695687e-003
620 2.135955e-006 3.700874e-003
805 8.228311e-006 3.705980e-003
1792 3.623998e-005 3.717093e-003
1029 1.504403e-005 3.720822e-003
1907 1.385953e-006 3.722736e-003
1207 1.409926e-005 3.734796e-003
405 1.117028e-005 3.743638e-003
575 4.621980e-006 3.748891e-003
1446 9.148909e-005 3.752818e-003
1937 1.941373e-005 3.754864e-003
158 3.783755e-007 3.775514e-003
1444 1.031426e-005 3.781782e-003
1405 5.157757e-007 3.789977e-003
66 3.345654e-005 3.790138e-003
1897 3.900128e-006 3.796830e-003
1538 4.907479e-006 3.797220e-003
77 4.722147e-006 3.814776e-003
1436 1.087467e-005 3.819400e-003
859 8.279420e-007 3.824948e-003
1483 4.156869e-005 3.826648e-003
1651 4.784328e-006 3.832073e-003
204 1.386158e-006 3.835557e-003
801 3.935293e-006 3.837426e-003
1284 2.189233e-005 3.838170e-003
1366 3.202028e-006 3.843424e-003
253 4.612713e-006 3.857451e-003
279 8.197087e-006 3.863204e-003
1838 3.653720e-005 3.867990e-003
1443 3.371312e-006 3.879492e-003
1360 6.824902e-006 3.881324e-003
1427 1.062940e-005 3.882331e-003
347 2.819540e-006 3.885820e-003
164 2.879193e-005 3.892174e-003
1986 7.626275e-006 3.893297e-003
1496 5.142947e-006 3.898148e-003
1388 5.583007e-005 3.917567e-003
1978 2.448500e-006 3.926238e-003
464 2.695100e-005 3.932767e-003
1372 2.747222e-006 3.936869e-003
474 1.040858e-005 3.937294e-003
1419 2.382800e-005 3.940673e-003
676 5.731821e-005 3.947351e-003
794 1.275445e-005 3.952867e-003
488 1.774021e-005 3.953793e-003
974 1.864125e-005 3.956445e-003
277 1.656575e-006 3.965294e-003
294 1.245782e-005 3.978294e-003
342 2.058923e-005 3.993440e-003
1158 4.882230e-006 4.002001e-003
61 4.842702e-006 4.003898e-003
1595 8.872687e-006 4.007572e-003
1402 2.633552e-005 4.007935e-003
1972 4.745488e-006 4.010541e-003
1920 2.659837e-005 4.013589e-003
1700 3.113970e-006 4.014473e-003
227 4.595477e-006 4.026087e-003
1261 6.618217e-006 4.027805e-003
218 1.822969e-005 4.029470e-003
54 7.356438e-006 4.062849e-003
1974 2.976286e-006 4.065826e-003
243 2.894463e-006 4.072085e-003
431 2.521670e-006 4.080683e-003
1079 1.073766e-005 4.081212e-003
518 1.743530e-005 4.104374e-003
440 3.048931e-006 4.111142e-003
1791 2.422541e-005 4.120541e-003
34 2.442163e-005 4.128163e-003
439 6.951619e-006 4.136490e-003
257 9.208235e-006 4.139329e-003
161 1.765218e-005 4.147432e-003
1509 1.105264e-005 4.151488e-003
1500 1.188275e-005 4.153283e-003
1227 1.064076e-005 4.154014e-003
792 1.142952e-005 4.156118e-003
306 1.247192e-004 4.166457e-003
1365 1.452095e-006 4.180193e-003
1400 8.250411e-006 4.191765e-003
1946 2.128449e-006 4.194973e-003
1604 1.010571e-005 4.196395e-003
750 3.089308e-005 4.208569e-003
712 6.278506e-006 4.221184e-003
443 2.577797e-005 4.249270e-003
1127 3.620226e-006 4.260843e-003
1129 1.398272e-005 4.260911e-003
1579 7.499277e-006 4.262649e-003
1412 3.324319e-006 4.265145e-003
212 1.160742e-005 4.269621e-003
1591 2.583485e-006 4.273067e-003
1385 3.893071e-006 4.275787e-003
1625 3.758381e-006 4.280676e-003
486 6.922381e-006 4.288283e-003
239 1.592837e-005 4.295415e-003
717 3.646671e-005 4.300880e-003
727 7.253212e-007 4.316020e-003
1716 2.557596e-006 4.317691e-003
1403 5.468703e-006 4.331538e-003
1384 5.979435e-006 4.333143e-003
1077 1.077056e-005 4.343034e-003
1788 3.508584e-006 4.349946e-003
1358 1.755852e-005 4.355549e-003
434 8.060980e-006 4.358844e-003
1741 4.652563e-006 4.364747e-003
1418 5.530600e-006 4.366142e-003
1550 7.273369e-007 4.381470e-003
71 1.149235e-006 4.388886e-003
1281 1.853959e-005 4.391528e-003
1326 1.402518e-005 4.393849e-003
1048 4.671771e-006 4.395262e-003
122 1.360136e-005 4.402896e-003
511 5.070319e-006 4.406548e-003
595 1.432124e-005 4.408974e-003
875 2.165115e-005 4.409006e-003
390 3.594160e-007 4.412850e-003
67 1.110051e-005 4.414265e-003
1141 7.901162e-006 4.416158e-003
1658 1.177995e-005 4.420733e-003
647 1.292254e-005 4.423353e-003
1307 8.422660e-006 4.429237e-003
117 1.825790e-005 4.429519e-003
1645 2.445532e-005 4.453018e-003
1857 2.495442e-006 4.457010e-003
1608 2.518600e-006 4.458244e-003
1759 1.276582e-005 4.460103e-003
678 1.803575e-005 4.462658e-003
148 2.857278e-005 4.482591e-003
1818 4.707125e-006 4.492492e-003
170 2.384412e-005 4.496906e-003
1870 3.040873e-005 4.499408e-003
126 1.422191e-005 4.502993e-003
1998 3.189789e-005 4.509411e-003
1258 1.714514e-005 4.518483e-003
1214 7.765712e-005 4.519704e-003
190 9.123810e-006 4.522007e-003
1236 1.980963e-006 4.527262e-003
1906 1.350729e-005 4.564342e-003
832 2.639087e-005 4.566838e-003
325 1.990941e-005 4.570677e-003
98 1.817502e-005 4.584276e-003
1532 9.273635e-006 4.586321e-003
1551 2.939599e-005 4.608957e-003
1252 1.335389e-005 4.615761e-003
1354 4.024254e-006 4.616080e-003
966 2.332879e-005 4.621708e-003
423 2.626095e-005 4.628634e-003
1506 1.878968e-005 4.646602e-003
284 1.954981e-006 4.649951e-003
653 1.368194e-006 4.689897e-003
1118 2.466594e-006 4.689898e-003
315 1.031188e-006 4.692434e-003
1459 1.601900e-005 4.696307e-003
1598 2.318754e-005 4.710498e-003
1572 7.051363e-005 4.721551e-003
607 5.451728e-006 4.747650e-003
75 2.914138e-005 4.763139e-003
1204 2.289073e-005 4.769349e-003
992 2.173889e-005 4.777122e-003
1501 4.833948e-006 4.785266e-003
1121 4.029890e-005 4.807133e-003
1213 2.928606e-006 4.821623e-003
1196 4.991696e-006 4.827323e-003
1806 8.204458e-006 4.828399e-003
642 8.239762e-006 4.831898e-003
1386 9.812213e-006 4.865373e-003
228 7.959350e-006 4.876339e-003
1442 8.739975e-006 4.880063e-003
287 4.130607e-006 4.890822e-003
1387 1.947024e-005 4.913828e-003
1363 1.159667e-005 4.916189e-003
238 3.191728e-006 4.921553e-003
1415 3.481396e-005 4.932775e-003
1498 1.792158e-006 4.940927e-003
1767 1.825733e-005 4.941499e-003
1569 3.430321e-005 4.944679e-003
505 3.010399e-005 4.946110e-003
1991 1.493497e-005 4.948810e-003
96 4.123531e-005 4.948890e-003
261 4.228721e-005 4.954607e-003
614 9.563782e-006 4.959992e-003
63 8.152681e-006 4.961696e-003
708 1.616052e-006 4.974870e-003
53 4.750597e-005 4.977560e-003
1518 1.016812e-005 4.984867e-003
1338 5.022476e-005 4.991374e-003
293 6.404670e-006 4.994175e-003
1754 2.798795e-006 4.997700e-003
1218 9.755497e-006 5.013318e-003
1977 1.363063e-005 5.029076e-003
298 3.259735e-006 5.037446e-003
435 6.416979e-006 5.041047e-003
1294 1.978115e-005 5.042833e-003
766 1.414950e-005 5.066365e-003
1426 1.768722e-005 5.072532e-003
1424 1.768722e-005 5.072532e-003
1425 1.768722e-005 5.072532e-003
728 2.161266e-005 5.072836e-003
192 9.730794e-006 5.076155e-003
194 9.730794e-006 5.076155e-003
1163 6.798340e-005 5.087898e-003
1306 8.022275e-005 5.095859e-003
1692 1.019535e-005 5.107017e-003
1566 3.283466e-006 5.108516e-003
619 2.492930e-005 5.109143e-003
923 8.794323e-007 5.109180e-003
1153 3.115478e-006 5.114448e-003
613 3.947402e-006 5.146838e-003
1529 2.335651e-005 5.150333e-003
661 1.068867e-005 5.167621e-003
456 9.731296e-006 5.175690e-003
221 5.709174e-006 5.176946e-003
934 4.213556e-005 5.193866e-003
52 1.302019e-005 5.196008e-003
1254 2.478056e-006 5.200490e-003
1511 3.374736e-005 5.201281e-003
324 1.288780e-006 5.202065e-003
767 5.118384e-006 5.204042e-003
95 5.228517e-006 5.205376e-003
517 1.579483e-005 5.208765e-003
1008 2.452172e-005 5.217117e-003
1886 2.917060e-005 5.218843e-003
1139 1.152377e-005 5.221018e-003
268 1.177675e-005 5.239762e-003
826 1.739200e-005 5.253308e-003
630 5.035844e-005 5.271747e-003
682 1.226034e-005 5.282443e-003
1505 9.880342e-006 5.291436e-003
76 2.292467e-005 5.291802e-003
849 3.096615e-006 5.297180e-003
791 1.976103e-005 5.317529e-003
810 6.509238e-006 5.319919e-003
69 2.735422e-005 5.326754e-003
626 8.145438e-006 5.330744e-003
710 1.814177e-005 5.333020e-003
813 4.847093e-006 5.349957e-003
1455 1.991009e-005 5.351015e-003
551 2.154564e-005 5.368311e-003
713 4.779171e-005 5.376167e-003
1885 7.832725e-006 5.451319e-003
1833 1.670349e-005 5.460911e-003
74 2.328656e-006 5.461296e-003
1929 2.900706e-005 5.464331e-003
1314 5.332406e-005 5.475999e-003
783 4.281667e-005 5.483995e-003
556 1.384327e-005 5.518159e-003
1232 4.963604e-006 5.525724e-003
1428 1.377870e-005 5.546138e-003
438 6.135754e-006 5.560790e-003
47 1.931608e-005 5.561882e-003
1053 1.055085e-005 5.582143e-003
1731 1.629054e-005 5.587144e-003
1042 4.531799e-005 5.605674e-003
894 6.977610e-006 5.634337e-003
442 1.462094e-005 5.642384e-003
452 5.335670e-005 5.647318e-003
747 3.515368e-005 5.663804e-003
286 3.983226e-006 5.670199e-003
1245 1.445231e-005 5.679467e-003
580 2.863252e-006 5.687543e-003
1170 6.049312e-006 5.689196e-003
831 1.960188e-005 5.691018e-003
1812 5.223988e-006 5.707945e-003
193 1.103058e-005 5.709221e-003
1755 1.109108e-005 5.724987e-003
937 4.738367e-006 5.751531e-003
1715 1.149586e-006 5.756357e-003
868 1.564055e-005 5.762346e-003
759 1.157601e-004 5.767527e-003
1351 7.021980e-005 5.777426e-003
344 1.057848e-004 5.778997e-003
846 8.723370e-006 5.792653e-003
1291 4.042160e-005 5.795745e-003
550 1.468049e-006 5.796813e-003
736 1.751651e-005 5.838204e-003
615 3.097090e-006 5.845439e-003
784 2.403923e-006 5.847673e-003
1665 4.042247e-005 5.848127e-003
1357 5.090717e-006 5.862204e-003
847 3.384841e-005 5.868083e-003
468 1.635864e-006 5.876223e-003
1662 3.381860e-005 5.878720e-003
1546 3.046358e-005 5.885449e-003
553 2.372946e-005 5.898182e-003
987 7.232276e-006 5.930645e-003
1751 4.985251e-006 5.930988e-003
499 5.410313e-005 5.936378e-003
1039 5.145834e-005 5.937844e-003
898 3.813157e-005 5.944723e-003
1361 6.246746e-005 5.955027e-003
1239 1.554934e-005 5.958117e-003
1533 1.851478e-005 5.966438e-003
1337 7.970001e-005 5.968843e-003
1394 6.830787e-006 5.976901e-003
1472 6.308397e-006 5.997115e-003
1304 1.523221e-005 6.009635e-003
1514 2.570527e-006 6.038765e-003
386 3.152678e-005 6.042859e-003
1957 1.121826e-005 6.053858e-003
1495 1.661170e-005 6.061992e-003
1340 3.647352e-005 6.083132e-003
349 3.499142e-005 6.083821e-003
1250 3.187695e-006 6.101435e-003
283 3.270435e-006 6.105102e-003
139 3.181715e-005 6.116226e-003
1985 3.178615e-005 6.133675e-003
1468 9.510736e-006 6.137141e-003
1180 7.385385e-006 6.140028e-003
1798 7.336867e-006 6.147312e-003
48 2.111058e-005 6.167155e-003
973 2.832761e-005 6.169759e-003
1166 7.051950e-005 6.170476e-003
785 6.276324e-005 6.170578e-003
1955 3.862746e-005 6.176148e-003
1904 5.836643e-005 6.176495e-003
569 3.746902e-005 6.192364e-003
1952 5.099684e-006 6.194427e-003
41 1.980524e-005 6.195417e-003
971 2.036566e-005 6.212301e-003
977 5.188457e-005 6.232309e-003
374 2.378446e-006 6.233447e-003
997 2.558372e-005 6.279786e-003
1966 4.963506e-006 6.291893e-003
1634 3.939163e-006 6.300732e-003
1014 5.274495e-005 6.308173e-003
1778 1.172986e-005 6.325949e-003
1513 1.472261e-005 6.333163e-003
189 5.285070e-005 6.358784e-003
33 3.282727e-005 6.370847e-003
812 1.776182e-005 6.383313e-003
1878 2.846708e-006 6.384305e-003
1144 2.944278e-006 6.387814e-003
905 6.547703e-006 6.398915e-003
191 7.398646e-006 6.403727e-003
336 1.375256e-004 6.411487e-003
1747 2.063225e-006 6.419548e-003
1764 6.584487e-006 6.422506e-003
1562 1.985163e-005 6.424380e-003
829 7.851003e-005 6.430420e-003
167 1.071118e-005 6.430849e-003
124 3.570358e-005 6.430899e-003
920 1.086182e-006 6.438370e-003
1783 5.438070e-006 6.471791e-003
769 1.047655e-005 6.510119e-003
864 3.067140e-006 6.513780e-003
1303 1.098693e-005 6.529381e-003
1492 3.084373e-006 6.538176e-003
1842 3.967433e-006 6.542006e-003
1016 5.422688e-005 6.580827e-003
1375 2.378480e-005 6.587537e-003
141 1.844627e-005 6.598476e-003
1391 3.928115e-005 6.603397e-003
1126 1.255782e-005 6.620465e-003
1512 9.561315e-006 6.624737e-003
1445 1.419753e-005 6.640885e-003
30 9.958037e-006 6.676057e-003
793 1.528987e-005 6.688488e-003
272 6.278643e-005 6.689073e-003
967 3.910844e-005 6.713136e-003
1132 2.332026e-005 6.780028e-003
1355 1.808849e-005 6.781867e-003
420 2.696021e-005 6.804299e-003
761 3.271690e-005 6.806341e-003
1108 2.120287e-005 6.814405e-003
1433 2.080923e-005 6.828366e-003
121 2.337716e-005 6.828417e-003
697 4.582543e-006 6.832262e-003
305 1.508611e-004 6.838590e-003
322 1.723847e-006 6.848523e-003
729 4.405550e-006 6.872829e-003
414 3.062014e-005 6.885053e-003
1761 2.786512e-006 6.906928e-003
311 4.258821e-005 6.921552e-003
330 1.968316e-005 6.921813e-003
1843 4.052695e-005 6.930483e-003
1521 2.619033e-006 6.931497e-003
1677 1.905394e-006 6.932188e-003
1348 1.167961e-005 6.947769e-003
616 4.857135e-005 6.952222e-003
1510 2.101670e-005 6.952650e-003
1230 1.181437e-005 6.963163e-003
1135 8.698747e-005 6.974355e-003
655 2.547425e-005 7.013452e-003
1597 1.896302e-005 7.051748e-003
1467 4.454760e-005 7.057567e-003
1713 2.608381e-005 7.059385e-003
631 4.220898e-005 7.078893e-003
72 3.035904e-005 7.090310e-003
196 3.484547e-005 7.091894e-003
382 3.098010e-005 7.097588e-003
768 3.372727e-005 7.105954e-003
1899 2.201874e-005 7.121706e-003
1872 1.301873e-006 7.124379e-003
1330 1.166886e-005 7.135509e-003
1027 2.395706e-005 7.164124e-003
814 1.218682e-005 7.176392e-003
399 1.747354e-005 7.184866e-003
1664 2.829358e-005 7.191873e-003
1534 1.863511e-005 7.193914e-003
1861 1.322901e-006 7.207013e-003
184 1.436845e-005 7.212885e-003
523 3.471045e-006 7.231856e-003
178 1.221027e-005 7.244954e-003
1811 6.282034e-006 7.250547e-003
1182 4.959989e-006 7.310718e-003
235 2.403873e-006 7.315526e-003
800 5.216542e-005 7.330299e-003
1719 8.663070e-006 7.333648e-003
716 1.986130e-005 7.337342e-003
851 1.521835e-005 7.341807e-003
9 1.490731e-005 7.349570e-003
914 2.039130e-006 7.352845e-003
1603 3.537948e-006 7.358877e-003
85 9.464473e-006 7.373263e-003
589 7.501091e-005 7.426632e-003
576 3.577411e-005 7.465192e-003
906 6.827356e-006 7.469198e-003
91 7.008783e-005 7.492250e-003
741 6.577350e-006 7.494882e-003
1393 2.363152e-006 7.512544e-003
1544 1.850483e-005 7.522555e-003
1438 2.046790e-005 7.528850e-003
79 1.965701e-005 7.543026e-003
558 3.433989e-005 7.566424e-003
1411 7.392302e-005 7.581370e-003
1234 2.872542e-006 7.582729e-003
1697 3.220611e-005 7.635630e-003
1750 1.389417e-005 7.637633e-003
391 5.135898e-005 7.666007e-003
1098 7.348938e-006 7.671285e-003
1915 1.078358e-005 7.687949e-003
255 1.539435e-005 7.695337e-003
587 3.724938e-005 7.696972e-003
1999 9.432926e-005 7.703536e-003
285 2.239651e-005 7.708883e-003
886 3.857380e-006 7.708942e-003
68 6.356167e-005 7.715140e-003
1169 3.687519e-006 7.720994e-003
1352 1.075783e-005 7.721276e-003
1471 2.036387e-005 7.722888e-003
804 5.864556e-005 7.723880e-003
481 6.335396e-006 7.757451e-003
94 3.448504e-005 7.761802e-003
1644 6.509304e-006 7.768470e-003
1377 1.890090e-005 7.778038e-003
236 9.609302e-005 7.779133e-003
489 5.709531e-005 7.805656e-003
1745 1.024913e-005 7.815743e-003
939 7.293832e-005 7.829836e-003
508 7.761866e-005 7.837938e-003
1770 1.064992e-005 7.839921e-003
1333 1.636315e-004 7.848569e-003
528 1.566714e-005 7.862726e-003
153 1.565402e-005 7.878564e-003
1777 8.190815e-005 7.887827e-003
673 2.045928e-005 7.895285e-003
43 6.069708e-005 7.900392e-003
1056 3.032193e-005 7.914291e-003
1350 1.729237e-005 7.919831e-003
421 7.657993e-005 7.921240e-003
1523 2.293238e-005 7.933716e-003
608 7.208596e-005 7.936625e-003
1708 4.181017e-006 7.951710e-003
1829 1.578722e-005 7.956414e-003
1722 1.094588e-005 7.976715e-003
666 3.391017e-005 8.003238e-003
425 1.871074e-005 8.010068e-003
593 1.706146e-005 8.014774e-003
1031 2.857788e-005 8.020304e-003
1110 3.581129e-005 8.033859e-003
618 1.345477e-005 8.042851e-003
114 5.505459e-006 8.063669e-003
49 5.496369e-005 8.069560e-003
86 2.983851e-005 8.070895e-003
59 2.667173e-005 8.071951e-003
1265 6.984547e-006 8.074365e-003
1024 2.954082e-005 8.083213e-003
17 3.078702e-005 8.091746e-003
651 4.962563e-006 8.094522e-003
179 2.419272e-005 8.097399e-003
1554 1.032237e-005 8.120673e-003
623 5.336396e-005 8.147625e-003
337 8.386462e-005 8.153746e-003
1903 4.310395e-005 8.157253e-003
635 5.125345e-006 8.172434e-003
993 1.012217e-005 8.174796e-003
756 9.740787e-005 8.184103e-003
1228 3.653768e-005 8.195845e-003
12 3.712945e-005 8.201512e-003
473 3.542390e-005 8.206771e-003
1749 7.456197e-006 8.225871e-003
1809 3.215072e-005 8.249720e-003
1586 4.584874e-005 8.250817e-003
369 3.909126e-005 8.252346e-003
1202 6.310050e-005 8.295846e-003
1224 6.266228e-006 8.296074e-003
610 4.575595e-005 8.304650e-003
715 4.072638e-005 8.309069e-003
1660 6.214807e-005 8.359237e-003
252 9.033140e-006 8.365476e-003
1003 6.476273e-005 8.367667e-003
579 5.211558e-005 8.373313e-003
1771 2.257194e-005 8.375027e-003
507 2.013029e-005 8.376366e-003
1329 1.172288e-004 8.379236e-003
1269 1.848952e-005 8.401889e-003
260 7.004770e-006 8.408959e-003
755 8.325807e-005 8.424931e-003
665 8.288147e-006 8.434774e-003
1001 1.085599e-005 8.445573e-003
746 4.016784e-005 8.450832e-003
659 1.426272e-004 8.459611e-003
233 1.147094e-005 8.473472e-003
1469 3.393553e-005 8.475633e-003
1813 3.266657e-005 8.477397e-003
1187 2.812313e-004 8.505581e-003
777 1.172969e-004 8.511490e-003
880 4.503629e-005 8.516915e-003
1219 6.935023e-005 8.529977e-003
751 2.798215e-005 8.531843e-003
341 3.343589e-005 8.536982e-003
780 1.401839e-005 8.573715e-003
111 3.076272e-005 8.582140e-003
378 7.804326e-005 8.615020e-003
160 2.187178e-005 8.616641e-003
823 2.017371e-005 8.648635e-003
1720 1.016856e-005 8.660650e-003
519 2.497190e-005 8.670184e-003
64 6.086759e-005 8.670701e-003
1429 5.564854e-005 8.674293e-003
1334 7.893380e-005 8.683578e-003
758 2.683009e-005 8.752984e-003
389 2.703073e-005 8.793402e-003
908 5.066323e-006 8.794146e-003
1675 6.465768e-005 8.796810e-003
491 3.654826e-005 8.840037e-003
670 2.027607e-005 8.840176e-003
1268 1.147197e-006 8.865219e-003
1057 3.679419e-005 8.873125e-003
532 1.134338e-005 8.878816e-003
545 1.281236e-005 8.884196e-003
176 3.707537e-005 8.930225e-003
1674 8.322121e-006 8.957684e-003
480 2.975886e-005 8.988865e-003
530 1.344159e-004 9.011310e-003
542 3.903024e-005 9.030930e-003
877 8.296463e-006 9.040150e-003
1010 5.518179e-005 9.051826e-003
742 2.826611e-005 9.071503e-003
1574 2.230346e-005 9.108081e-003
764 1.140373e-005 9.142352e-003
961 2.131200e-005 9.144874e-003
625 2.628578e-005 9.154629e-003
1594 1.365651e-005 9.157866e-003
1325 5.595891e-006 9.180561e-003
1927 2.623675e-005 9.189981e-003
1450 2.529717e-005 9.197883e-003
1406 2.993004e-005 9.214935e-003
1793 7.802809e-006 9.217855e-003
1479 6.616423e-006 9.218995e-003
1519 5.276181e-006 9.220454e-003
1600 1.343622e-005 9.228351e-003
510 1.293046e-005 9.231762e-003
169 1.127751e-004 9.233507e-003
384 2.919670e-005 9.246862e-003
1421 4.439766e-005 9.252458e-003
1289 3.257026e-005 9.259946e-003
1890 8.116479e-005 9.264060e-003
1171 1.659400e-005 9.318687e-003
1528 4.281300e-005 9.365169e-003
1353 1.793842e-005 9.388356e-003
1298 1.564180e-005 9.388689e-003
912 7.437255e-006 9.411335e-003
1531 7.666121e-005 9.426301e-003
1563 9.244204e-006 9.438158e-003
500 9.525557e-006 9.440915e-003
981 3.440089e-005 9.450311e-003
628 1.185114e-004 9.453051e-003
1346 2.147736e-004 9.536479e-003
689 8.685219e-006 9.555423e-003
146 1.782855e-005 9.557875e-003
1013 2.729523e-005 9.564370e-003
1884 4.685493e-004 9.580986e-003
154 1.725615e-005 9.591525e-003
1880 1.610734e-004 9.606676e-003
1919 7.929444e-006 9.618788e-003
202 5.111666e-005 9.627361e-003
1249 2.425239e-006 9.633313e-003
89 9.984110e-005 9.741572e-003
57 1.162129e-004 9.765335e-003
1559 2.008495e-005 9.842830e-003
411 1.076457e-004 9.892310e-003
788 9.634451e-005 9.896986e-003
1094 4.414698e-005 9.899342e-003
762 1.465220e-004 9.951033e-003
266 2.281861e-005 9.959486e-003
226 1.851705e-005 1.004890e-002
97 1.844101e-005 1.009174e-002
1892 5.199481e-005 1.010981e-002
1657 1.614712e-005 1.011615e-002
1504 5.032618e-005 1.011635e-002
1739 2.571180e-005 1.014681e-002
787 5.874531e-005 1.015039e-002
368 4.510415e-005 1.016717e-002
359 7.662956e-005 1.018186e-002
956 1.189501e-004 1.018235e-002
1410 1.719443e-005 1.018474e-002
1507 7.924308e-005 1.019100e-002
310 1.199209e-004 1.021845e-002
958 7.706876e-005 1.021991e-002
965 1.689895e-004 1.022266e-002
1185 7.958805e-006 1.025050e-002
945 7.730589e-005 1.028450e-002
1883 3.670548e-005 1.028954e-002
1516 1.411681e-005 1.032814e-002
609 4.465573e-005 1.033452e-002
1420 8.645035e-005 1.041683e-002
1871 1.178360e-005 1.042051e-002
1936 2.768166e-005 1.042553e-002
765 1.024086e-006 1.042589e-002
548 1.351237e-005 1.043238e-002
962 4.852958e-006 1.044902e-002
1865 2.470149e-005 1.045054e-002
637 2.571649e-005 1.048879e-002
970 6.538849e-005 1.051845e-002
989 1.700184e-004 1.055980e-002
109 2.672382e-005 1.057148e-002
701 8.991721e-005 1.057246e-002
156 2.340445e-005 1.058081e-002
506 9.726228e-005 1.058457e-002
213 1.360186e-004 1.062202e-002
308 1.154726e-005 1.062412e-002
412 1.818845e-005 1.065524e-002
1737 8.123882e-005 1.065764e-002
127 1.065912e-005 1.066966e-002
1669 2.168772e-005 1.068960e-002
115 1.518812e-004 1.069791e-002
1941 1.081094e-004 1.070395e-002
657 3.162193e-005 1.072240e-002
1647 3.725357e-005 1.072283e-002
1611 2.309438e-005 1.072349e-002
1709 5.036508e-005 1.074348e-002
1482 2.116958e-005 1.074350e-002
1130 1.158307e-005 1.077725e-002
590 2.603630e-005 1.078606e-002
1879 1.428168e-005 1.080433e-002
1102 3.117506e-005 1.083727e-002
1718 1.613778e-005 1.084867e-002
1020 3.747964e-006 1.086407e-002
599 8.171780e-005 1.086664e-002
606 4.549693e-005 1.087069e-002
1035 6.961854e-006 1.090924e-002
1710 3.492947e-006 1.093844e-002
1078 7.166461e-005 1.094541e-002
134 6.608460e-005 1.095615e-002
1763 1.232690e-005 1.098261e-002
1805 6.325181e-007 1.099166e-002
931 5.878656e-006 1.101925e-002
1493 2.847646e-005 1.102079e-002
1287 1.092085e-004 1.105323e-002
1588 1.585517e-004 1.108222e-002
740 6.251024e-005 1.108987e-002
1114 6.068625e-005 1.111481e-002
1911 1.338867e-004 1.115938e-002
1828 3.914136e-005 1.116271e-002
887 3.511006e-005 1.116460e-002
198 4.204844e-005 1.116994e-002
888 1.409724e-005 1.117352e-002
566 7.039709e-005 1.117908e-002
107 3.049813e-005 1.119055e-002
157 6.141968e-005 1.119977e-002
1556 1.844226e-005 1.121902e-002
183 2.075938e-004 1.125337e-002
84 4.081134e-005 1.128871e-002
1067 2.680488e-005 1.129933e-002
214 1.544389e-005 1.131083e-002
1659 5.092415e-005 1.131965e-002
1931 5.129330e-005 1.133343e-002
602 1.063953e-004 1.136233e-002
1581 5.504673e-005 1.141087e-002
1335 1.057786e-005 1.141789e-002
1526 1.483383e-005 1.146698e-002
1262 8.985520e-005 1.149456e-002
1685 5.617502e-005 1.151239e-002
163 1.802141e-004 1.153678e-002
1540 4.370529e-005 1.157273e-002
120 7.900544e-005 1.159518e-002
863 2.105763e-004 1.160113e-002
215 2.072392e-005 1.161754e-002
195 1.420166e-004 1.163952e-002
1238 4.940085e-005 1.167257e-002
546 5.439961e-005 1.178748e-002
617 2.469282e-005 1.180427e-002
56 9.295612e-005 1.181332e-002
1527 3.316160e-005 1.186273e-002
1725 6.554557e-005 1.197269e-002
340 3.295378e-005 1.203273e-002
137 3.419978e-005 1.208926e-002
1134 1.104699e-004 1.209208e-002
1584 3.450318e-005 1.210059e-002
968 1.831312e-004 1.210428e-002
1887 9.232212e-005 1.211539e-002
428 1.149984e-004 1.216119e-002
1933 6.219838e-005 1.216468e-002
1168 2.588847e-004 1.219834e-002
1321 1.422820e-005 1.226624e-002
1460 3.391722e-005 1.227833e-002
1296 1.957446e-005 1.232895e-002
900 6.895694e-005 1.240862e-002
1958 3.094882e-005 1.245651e-002
470 5.709295e-005 1.245972e-002
841 6.656447e-005 1.246190e-002
1345 6.712666e-006 1.251638e-002
1614 1.548550e-004 1.254099e-002
1021 2.322156e-005 1.255114e-002
162 9.349719e-005 1.260619e-002
1682 1.320027e-005 1.260622e-002
1255 2.745215e-004 1.261181e-002
1935 1.292364e-005 1.263439e-002
1113 1.998466e-005 1.263664e-002
93 1.102158e-004 1.267963e-002
1362 3.057777e-004 1.269215e-002
1478 3.200430e-005 1.269954e-002
1965 7.110221e-005 1.271249e-002
1034 9.948909e-005 1.271374e-002
1950 5.636902e-005 1.273181e-002
843 6.823436e-005 1.278981e-002
502 6.692253e-005 1.280031e-002
910 2.839676e-004 1.280463e-002
1124 1.225594e-005 1.285621e-002
1945 4.272237e-005 1.288598e-002
899 2.466158e-005 1.288868e-002
999 8.279695e-005 1.290007e-002
401 1.215285e-004 1.302525e-002
1673 4.081453e-005 1.302949e-002
1565 3.135657e-005 1.303249e-002
1179 7.697638e-005 1.305955e-002
582 3.019497e-005 1.309746e-002
646 1.753140e-005 1.316078e-002
205 1.235300e-004 1.316176e-002
824 8.223582e-005 1.316227e-002
271 3.394263e-005 1.318328e-002
1288 1.063388e-004 1.319395e-002
471 9.739167e-005 1.320429e-002
1251 2.848524e-005 1.321257e-002
839 1.224954e-005 1.321441e-002
1688 2.623538e-004 1.321620e-002
458 1.133335e-004 1.324952e-002
247 1.315057e-004 1.327351e-002
410 3.637383e-005 1.335987e-002
1849 1.010851e-005 1.341095e-002
837 8.498152e-006 1.344556e-002
182 1.138688e-004 1.352442e-002
1622 5.645624e-005 1.359204e-002
1757 2.380400e-005 1.359555e-002
1627 3.748894e-005 1.360793e-002
1832 2.150304e-005 1.362270e-002
1568 1.045866e-005 1.365528e-002
1852 1.686822e-005 1.367277e-002
684 2.891912e-005 1.371349e-002
446 2.198722e-005 1.381680e-002
1758 3.698368e-004 1.386701e-002
199 1.893842e-005 1.388403e-002
1530 2.822797e-005 1.388464e-002
300 3.093981e-005 1.392080e-002
526 3.524771e-005 1.399364e-002
1779 3.843462e-005 1.403818e-002
254 1.213194e-004 1.405843e-002
995 1.004514e-005 1.419956e-002
366 1.617357e-004 1.421370e-002
1451 2.065886e-004 1.422105e-002
1850 6.395072e-006 1.432428e-002
370 6.434981e-005 1.433804e-002
159 3.652077e-005 1.444594e-002
723 2.269307e-005 1.444722e-002
634 1.214335e-004 1.444959e-002
360 3.657185e-004 1.446981e-002
1175 1.275787e-004 1.448391e-002
1184 9.320033e-005 1.452012e-002
1900 1.460585e-004 1.453461e-002
1548 1.193771e-004 1.454765e-002
206 5.391200e-005 1.455187e-002
1769 2.823188e-005 1.458444e-002
949 3.564085e-005 1.460036e-002
1524 4.667776e-005 1.460141e-002
1845 5.647177e-005 1.462175e-002
333 8.755547e-005 1.462495e-002
380 6.845880e-005 1.467140e-002
922 4.026297e-005 1.469818e-002
571 6.532406e-005 1.472319e-002
1661 3.382640e-004 1.474943e-002
1802 1.201911e-004 1.476185e-002
1930 3.694546e-005 1.477176e-002
1229 1.298452e-004 1.479268e-002
1960 7.890315e-005 1.487411e-002
1860 8.755583e-005 1.487681e-002
1233 2.054875e-004 1.492016e-002
681 2.504863e-004 1.500525e-002
1122 1.916403e-004 1.501205e-002
229 7.954574e-005 1.503222e-002
1371 2.180553e-004 1.507639e-002
786 8.134254e-005 1.508977e-002
773 1.761153e-005 1.512810e-002
28 7.116854e-005 1.515548e-002
1656 4.417264e-005 1.515910e-002
862 6.976389e-006 1.529932e-002
1023 2.239963e-005 1.531213e-002
276 2.377914e-005 1.531980e-002
957 1.409947e-004 1.536883e-002
459 2.006195e-004 1.536992e-002
686 5.746677e-005 1.538622e-002
291 7.959289e-005 1.539110e-002
658 9.772272e-005 1.545125e-002
297 3.657839e-005 1.548157e-002
475 6.406903e-005 1.551917e-002
457 8.973388e-005 1.552966e-002
367 4.723338e-005 1.555077e-002
1680 1.487090e-004 1.555985e-002
947 2.774040e-005 1.557868e-002
959 5.854264e-005 1.558694e-002
693 6.380509e-005 1.564309e-002
25 9.414148e-005 1.568558e-002
1794 2.739326e-005 1.570827e-002
1797 3.765086e-005 1.573059e-002
78 1.788014e-004 1.579924e-002
820 1.071783e-004 1.583855e-002
1267 3.613060e-005 1.584030e-002
815 1.831024e-004 1.584406e-002
984 1.108694e-004 1.587301e-002
1398 2.972534e-005 1.591589e-002
1211 1.863316e-004 1.595833e-002
222 2.385141e-004 1.596864e-002
1093 1.130318e-004 1.598433e-002
1671 1.145218e-004 1.602740e-002
1474 1.661181e-005 1.606379e-002
1210 2.235348e-004 1.607504e-002
1693 2.298449e-004 1.609314e-002
1765 2.449636e-005 1.611964e-002
1221 4.509341e-005 1.614263e-002
671 1.191340e-004 1.618137e-002
598 1.429390e-004 1.622965e-002
1476 5.545809e-005 1.631238e-002
1282 3.410223e-004 1.634731e-002
1339 1.072435e-004 1.642954e-002
726 2.430092e-005 1.643614e-002
1274 2.126431e-005 1.644081e-002
1522 2.066465e-004 1.647081e-002
1432 1.613296e-005 1.647187e-002
980 1.188887e-004 1.652197e-002
1096 1.248745e-004 1.652223e-002
1735 6.834131e-005 1.658555e-002
856 1.070556e-004 1.660333e-002
858 1.157026e-004 1.660378e-002
304 1.155600e-004 1.660905e-002
151 9.979457e-005 1.661771e-002
943 2.158068e-005 1.670688e-002
1011 3.102618e-005 1.671465e-002
1356 1.920553e-004 1.678925e-002
1383 4.357972e-005 1.679494e-002
936 9.281647e-005 1.680694e-002
1727 7.310681e-005 1.681830e-002
123 1.781726e-004 1.684588e-002
1953 7.619547e-005 1.692620e-002
112 5.866076e-005 1.696859e-002
603 8.299352e-005 1.697341e-002
10 2.163253e-004 1.700400e-002
387 4.528180e-005 1.704538e-002
707 2.345027e-004 1.705642e-002
1422 2.559940e-004 1.705739e-002
909 9.893248e-005 1.710135e-002
1157 1.188016e-004 1.717728e-002
1717 1.189708e-004 1.717992e-002
680 5.968483e-005 1.719820e-002
338 2.220110e-004 1.719863e-002
1161 5.175463e-005 1.721829e-002
688 5.454329e-005 1.725683e-002
1575 1.349517e-005 1.732312e-002
295 1.217281e-005 1.736184e-002
1756 8.089436e-005 1.747182e-002
1305 1.373871e-004 1.750948e-002
803 2.794233e-004 1.759986e-002
514 3.675792e-005 1.760671e-002
828 1.070394e-004 1.761287e-002
1399 5.541163e-005 1.763360e-002
1283 4.695693e-005 1.771158e-002
705 1.523783e-004 1.781198e-002
1466 6.512401e-005 1.785557e-002
825 5.843585e-005 1.792914e-002
834 4.006971e-005 1.796232e-002
1956 4.902053e-005 1.799363e-002
323 1.221754e-004 1.804070e-002
781 2.293093e-004 1.814659e-002
1816 7.456200e-005 1.815697e-002
397 2.531094e-005 1.815842e-002
1488 7.777714e-005 1.819318e-002
1913 5.938456e-004 1.825845e-002
1151 1.036983e-003 1.828939e-002
1681 5.310831e-005 1.831646e-002
22 1.141424e-004 1.833211e-002
811 9.386015e-005 1.833406e-002
978 1.100031e-004 1.837797e-002
1728 2.278790e-004 1.839239e-002
267 3.745902e-005 1.843710e-002
36 2.117827e-004 1.843946e-002
424 1.365485e-004 1.847299e-002
348 1.436957e-004 1.848835e-002
1220 4.406038e-005 1.859618e-002
242 9.870708e-005 1.867740e-002
1327 7.187046e-005 1.868249e-002
105 1.230100e-004 1.868970e-002
1827 1.899703e-004 1.876464e-002
1223 2.352702e-004 1.880904e-002
1776 2.091045e-005 1.887479e-002
363 6.006083e-005 1.888910e-002
1784 6.939046e-005 1.896319e-002
197 3.913459e-005 1.908188e-002
140 9.279366e-005 1.914284e-002
1714 6.879792e-005 1.919955e-002
790 1.896782e-004 1.921820e-002
303 2.492567e-005 1.921853e-002
778 5.010306e-005 1.951755e-002
404 4.236901e-005 1.953433e-002
1137 8.961055e-005 1.953574e-002
871 3.510493e-005 1.957738e-002
559 3.902825e-004 1.961190e-002
355 2.488099e-005 1.962163e-002
833 3.667286e-005 1.963559e-002
1525 1.227316e-004 1.974699e-002
1396 6.151486e-005 1.984996e-002
605 1.785582e-004 1.985087e-002
636 4.199323e-005 1.985088e-002
1815 3.098468e-005 1.997920e-002
188 1.326080e-004 2.005576e-002
1654 1.315365e-004 2.009203e-002
1969 2.712573e-004 2.021691e-002
1194 1.225040e-004 2.022525e-002
911 4.974872e-005 2.022606e-002
1744 2.229494e-004 2.022885e-002
477 2.872338e-005 2.031882e-002
1912 4.047313e-004 2.032633e-002
132 6.931253e-005 2.035118e-002
1940 3.647251e-005 2.037836e-002
1059 1.030320e-004 2.044362e-002
1962 1.058064e-004 2.047619e-002
1853 4.514512e-004 2.052031e-002
1259 5.363594e-004 2.055026e-002
691 2.894326e-004 2.060807e-002
1734 1.785208e-004 2.068818e-002
645 1.043570e-004 2.071630e-002
915 2.823866e-004 2.075061e-002
776 3.901786e-004 2.080424e-002
648 1.721160e-004 2.080630e-002
1273 2.305007e-004 2.082362e-002
904 1.871939e-006 2.087293e-002
1686 4.373279e-004 2.093322e-002
890 2.848052e-005 2.098621e-002
889 5.945436e-005 2.099982e-002
1145 4.289913e-005 2.103428e-002
403 7.739592e-005 2.103433e-002
821 3.153291e-005 2.107720e-002
672 6.142984e-005 2.111090e-002
422 1.690330e-004 2.133584e-002
664 2.038970e-004 2.134413e-002
1104 1.512807e-004 2.138477e-002
1768 1.158906e-004 2.156350e-002
1222 2.914606e-005 2.167132e-002
331 5.357757e-005 2.167570e-002
591 7.277000e-005 2.179680e-002
662 7.259892e-005 2.181049e-002
31 7.257991e-005 2.183769e-002
1866 9.808276e-005 2.184297e-002
280 2.652785e-005 2.189136e-002
544 3.025439e-004 2.212673e-002
903 1.826074e-004 2.219168e-002
584 9.373846e-005 2.224052e-002
513 4.028183e-005 2.225660e-002
1643 2.831451e-005 2.233466e-002
50 3.836168e-004 2.240377e-002
521 1.816541e-004 2.242311e-002
1984 1.017334e-004 2.246047e-002
1063 1.924724e-005 2.254004e-002
932 2.190587e-004 2.254091e-002
392 8.285364e-005 2.254858e-002
1485 6.725737e-005 2.269152e-002
1981 4.927330e-004 2.293751e-002
1101 2.345917e-005 2.295717e-002
1840 1.278054e-004 2.302861e-002
1893 1.079649e-004 2.305272e-002
1142 8.058384e-004 2.311160e-002
1545 3.164293e-004 2.313592e-002
494 1.557863e-004 2.321104e-002
1017 4.071674e-004 2.335544e-002
1959 7.838983e-005 2.347706e-002
320 5.445808e-005 2.349556e-002
147 1.840774e-004 2.358078e-002
503 2.506157e-004 2.366075e-002
770 9.433888e-005 2.376431e-002
1136 4.044368e-004 2.378416e-002
1119 6.955322e-005 2.379834e-002
171 1.279817e-004 2.382189e-002
356 3.393030e-004 2.382389e-002
104 5.682906e-005 2.402922e-002
1970 2.627671e-004 2.406505e-002
209 1.472531e-004 2.418614e-002
1290 6.688244e-005 2.424173e-002
806 3.328025e-004 2.432059e-002
668 3.679781e-004 2.442664e-002
1275 4.028808e-004 2.447815e-002
586 1.330187e-004 2.452610e-002
1558 2.392361e-004 2.453850e-002
1918 4.375404e-005 2.478096e-002
1015 5.227384e-005 2.489737e-002
418 8.784186e-004 2.491387e-002
396 9.548765e-005 2.493721e-002
211 2.016374e-004 2.499319e-002
748 6.755430e-005 2.504255e-002
1596 3.146847e-005 2.518356e-002
1607 5.937288e-004 2.534230e-002
1481 5.204508e-005 2.541418e-002
1932 1.517708e-004 2.555281e-002
540 3.772436e-005 2.559951e-002
1943 1.460171e-004 2.563119e-002
27 2.075313e-004 2.563841e-002
1431 1.522141e-004 2.567100e-002
1243 2.442411e-004 2.568192e-002
683 8.042323e-005 2.583492e-002
652 1.050395e-004 2.595517e-002
1687 6.066460e-005 2.598635e-002
454 9.133120e-005 2.614929e-002
362 8.634869e-005 2.639082e-002
1217 2.151915e-005 2.645680e-002
264 2.915265e-005 2.645686e-002
549 3.632512e-005 2.672588e-002
840 2.465214e-004 2.675572e-002
1324 1.004945e-003 2.677478e-002
930 7.278838e-005 2.685173e-002
1578 2.627850e-004 2.687292e-002
893 7.429069e-005 2.697973e-002
954 1.434859e-004 2.710325e-002
461 8.563178e-005 2.728496e-002
1364 1.441520e-004 2.736977e-002
895 4.335361e-004 2.744314e-002
929 2.011214e-004 2.748808e-002
644 8.940117e-005 2.753760e-002
572 6.016803e-005 2.754588e-002
1896 2.940728e-004 2.756656e-002
972 1.944315e-004 2.757293e-002
1231 1.124739e-004 2.767042e-002
1855 1.304522e-005 2.769190e-002
1264 1.473774e-004 2.773334e-002
82 2.832987e-004 2.775359e-002
1186 4.580024e-004 2.779795e-002
1910 1.735565e-004 2.785256e-002
926 1.241630e-004 2.786420e-002
373 1.254597e-004 2.787884e-002
1786 4.621066e-005 2.792387e-002
816 6.342303e-004 2.794515e-002
1841 2.794710e-004 2.804416e-002
1839 1.316290e-004 2.819328e-002
779 1.346475e-004 2.835124e-002
567 2.481172e-004 2.839266e-002
186 2.812798e-004 2.842399e-002
1743 1.874304e-004 2.848872e-002
844 2.672151e-004 2.852411e-002
275 1.572211e-004 2.857776e-002
1667 4.914311e-005 2.862592e-002
1203 9.831958e-005 2.870936e-002
1318 5.074393e-005 2.881845e-002
1963 3.860857e-004 2.883690e-002
536 7.000600e-005 2.885067e-002
1576 4.957039e-004 2.891396e-002
1641 3.089954e-004 2.894157e-002
951 8.218010e-005 2.896135e-002
1721 5.481662e-005 2.896916e-002
524 6.519639e-004 2.900623e-002
860 3.612435e-004 2.910005e-002
207 3.296097e-005 2.911943e-002
845 9.069643e-005 2.912181e-002
952 1.825319e-004 2.916082e-002
612 8.162191e-005 2.917141e-002
1789 7.443760e-005 2.924382e-002
585 1.168675e-004 2.931152e-002
1177 4.218899e-004 2.943786e-002
1149 6.833439e-004 2.946488e-002
223 3.362605e-004 2.953674e-002
1711 4.381517e-004 2.956969e-002
365 1.244231e-004 2.961528e-002
694 2.867752e-004 2.964404e-002
802 4.937422e-005 2.974844e-002
1810 5.801313e-004 2.980486e-002
281 2.199958e-004 2.993183e-002
1004 7.518624e-005 3.010091e-002
113 4.328449e-004 3.010178e-002
885 1.573767e-004 3.023308e-002
1712 2.015086e-004 3.027124e-002
1064 3.449206e-004 3.037282e-002
106 2.566741e-004 3.046350e-002
1266 4.766049e-005 3.051122e-002
525 4.548629e-004 3.064982e-002
869 1.830903e-005 3.066871e-002
490 1.937846e-004 3.071146e-002
1080 1.863984e-004 3.074654e-002
561 4.183905e-005 3.078462e-002
498 1.765426e-004 3.081991e-002
135 2.978982e-004 3.086922e-002
1995 2.506899e-004 3.088265e-002
865 1.405638e-004 3.099480e-002
1753 2.421326e-004 3.100812e-002
1640 1.108750e-004 3.101077e-002
152 5.037735e-005 3.101404e-002
1395 2.065851e-004 3.101985e-002
1051 1.687706e-004 3.115357e-002
1302 1.280733e-004 3.121023e-002
1271 5.353256e-004 3.124009e-002
441 1.410859e-004 3.135721e-002
469 1.226426e-004 3.147964e-002
1979 5.455757e-005 3.148108e-002
1895 1.634051e-004 3.154712e-002
1368 7.289978e-005 3.157437e-002
1650 3.977046e-004 3.160383e-002
444 1.499948e-004 3.165728e-002
1689 5.902500e-004 3.167770e-002
343 2.994670e-004 3.191370e-002
969 3.933749e-004 3.197052e-002
1309 1.215757e-004 3.199851e-002
1560 3.415552e-004 3.209338e-002
1666 2.616026e-004 3.213808e-002
1248 2.985588e-004 3.218949e-002
1944 7.426739e-004 3.224360e-002
1822 1.031664e-003 3.228647e-002
1988 3.779678e-004 3.231893e-002
145 1.543766e-004 3.247169e-002
15 1.397954e-004 3.249530e-002
901 2.542224e-004 3.251777e-002
1628 2.775145e-004 3.256626e-002
216 1.403807e-004 3.269160e-002
581 5.303047e-004 3.271864e-002
278 9.096811e-004 3.287189e-002
142 2.632347e-004 3.315311e-002
1987 6.039116e-005 3.319211e-002
879 7.744752e-004 3.344379e-002
570 1.275090e-004 3.364575e-002
1701 1.374037e-004 3.365173e-002
529 4.862330e-004 3.413460e-002
1951 9.644110e-005 3.418653e-002
1452 9.234949e-005 3.432747e-002
1081 4.099384e-004 3.433048e-002
1502 3.212474e-004 3.451572e-002
925 2.150388e-004 3.452848e-002
1851 1.263561e-005 3.457258e-002
1694 2.507406e-004 3.459910e-002
1209 1.602185e-004 3.468801e-002
1285 4.806960e-004 3.472473e-002
547 1.504171e-004 3.475441e-002
870 4.422494e-005 3.480605e-002
173 5.148299e-004 3.485600e-002
775 1.084656e-003 3.493776e-002
1276 3.356806e-004 3.501489e-002
700 6.270919e-005 3.504634e-002
372 2.617904e-005 3.521932e-002
669 1.298322e-004 3.533265e-002
1976 1.769403e-004 3.533832e-002
1147 2.458633e-004 3.536845e-002
1823 1.045653e-004 3.540639e-002
1707 9.588903e-005 3.552484e-002
557 2.581959e-004 3.555391e-002
975 7.606084e-004 3.579839e-002
326 2.621045e-004 3.619420e-002
1609 5.702713e-004 3.643977e-002
897 1.328246e-004 3.651100e-002
1926 4.015619e-004 3.704474e-002
1128 3.178421e-005 3.712216e-002
1961 4.482648e-004 3.744808e-002
116 2.923252e-004 3.749077e-002
1583 2.160620e-004 3.774820e-002
8 3.782707e-004 3.787298e-002
1106 7.142888e-004 3.791079e-002
1263 1.020947e-004 3.798758e-002
928 6.464146e-005 3.800146e-002
258 1.324001e-004 3.845767e-002
1626 1.283566e-004 3.848387e-002
1491 3.578087e-005 3.850334e-002
1954 8.064885e-004 3.886839e-002
573 3.710622e-004 3.893813e-002
1898 2.127013e-004 3.895901e-002
1800 2.766877e-004 3.906293e-002
334 8.858488e-005 3.914266e-002
882 1.240133e-004 3.915075e-002
1183 1.186518e-003 3.927000e-002
1199 1.057186e-003 3.942940e-002
1036 1.073293e-003 3.950960e-002
1097 2.481685e-004 3.976102e-002
1824 1.957767e-004 3.978090e-002
319 3.129014e-004 3.985325e-002
807 1.854262e-004 3.997271e-002
1836 3.289359e-004 4.000975e-002
1480 9.002409e-005 4.003522e-002
1632 3.115710e-004 4.031523e-002
1875 9.540729e-004 4.096516e-002
455 3.095565e-004 4.102217e-002
495 3.471128e-004 4.112960e-002
150 9.228351e-005 4.120320e-002
738 6.393324e-004 4.128074e-002
516 2.245080e-004 4.131436e-002
622 5.369449e-004 4.165747e-002
1730 6.180282e-004 4.176950e-002
92 2.903966e-004 4.181821e-002
1847 1.795182e-004 4.184004e-002
1934 1.627101e-004 4.190139e-002
515 2.960056e-004 4.197073e-002
539 2.134950e-004 4.206702e-002
1152 5.549858e-004 4.230950e-002
200 4.427577e-004 4.244061e-002
269 4.199712e-004 4.245889e-002
14 7.277348e-004 4.257677e-002
1881 5.586608e-005 4.269912e-002
1623 8.229732e-005 4.305022e-002
1409 1.291940e-004 4.313541e-002
240 7.920175e-005 4.365753e-002
1164 2.055189e-004 4.366013e-002
884 1.469100e-004 4.367583e-002
364 1.459050e-004 4.406407e-002
1486 3.898503e-004 4.410230e-002
1652 4.480551e-004 4.414586e-002
1235 8.710031e-005 4.416655e-002
1297 2.259338e-004 4.425707e-002
1195 9.694376e-004 4.446974e-002
731 2.578743e-004 4.451436e-002
1131 4.851239e-004 4.455962e-002
467 3.383683e-004 4.467209e-002
357 1.369760e-004 4.469793e-002
16 1.040502e-004 4.521824e-002
1967 1.364140e-004 4.529931e-002
1787 7.019861e-004 4.549506e-002
307 7.820803e-004 4.643400e-002
144 7.046784e-004 4.679557e-002
21 2.762672e-004 4.686320e-002
409 4.405820e-004 4.714969e-002
87 1.309404e-003 4.745122e-002
660 6.324848e-004 4.752346e-002
1619 1.031355e-003 4.756097e-002
80 3.106020e-004 4.764990e-002
487 5.322060e-004 4.767491e-002
1120 6.356812e-004 4.770579e-002
857 7.353525e-004 4.804526e-002
985 8.785947e-005 4.818446e-002
1726 6.144698e-004 4.859437e-002
1401 4.152062e-004 4.865670e-002
695 1.152570e-003 4.876272e-002
1484 5.007284e-004 4.915574e-002
210 1.671172e-004 4.924359e-002
1740 2.329160e-004 4.933280e-002
130 2.790444e-004 4.945640e-002
588 4.833943e-005 4.955746e-002
1942 1.335081e-004 4.990076e-002
1703 2.687194e-004 5.018342e-002
1620 6.368434e-005 5.047368e-002
830 4.105919e-004 5.150303e-002
754 2.426925e-004 5.185164e-002
854 2.098106e-004 5.185491e-002
1557 3.575412e-004 5.190265e-002
848 2.560121e-004 5.194985e-002
1002 4.698330e-004 5.223772e-002
1206 4.367987e-004 5.229497e-002
316 6.427090e-004 5.232595e-002
896 2.698842e-005 5.246584e-002
1430 1.282997e-003 5.265302e-002
1663 5.241084e-004 5.265373e-002
462 8.719216e-004 5.276169e-002
555 2.275609e-004 5.301060e-002
1517 5.511715e-004 5.340328e-002
463 6.440246e-005 5.415679e-002
950 2.508658e-004 5.434464e-002
874 5.939768e-004 5.446211e-002
853 1.072587e-003 5.451127e-002
534 5.424449e-004 5.507190e-002
7 1.232669e-003 5.534718e-002
568 2.773129e-004 5.546176e-002
329 8.254291e-004 5.575577e-002
1143 2.617206e-004 5.599860e-002
485 2.122999e-004 5.680318e-002
873 2.539891e-004 5.688142e-002
1041 3.282336e-004 5.693822e-002
309 3.122269e-004 5.736622e-002
1973 9.388731e-004 5.744917e-002
1742 4.769440e-004 5.746282e-002
1277 7.451032e-004 5.793765e-002
429 3.848513e-004 5.884357e-002
1564 1.006580e-003 5.913471e-002
1698 2.930770e-004 5.919783e-002
371 4.934275e-004 5.941008e-002
149 2.695287e-004 5.951154e-002
1631 6.713444e-004 5.961934e-002
1542 4.589882e-004 5.969797e-002
361 5.241723e-004 5.988854e-002
1257 1.337894e-004 6.013436e-002
1825 1.163389e-003 6.015310e-002
643 1.261354e-004 6.025666e-002
237 6.987772e-004 6.031455e-002
1172 4.699457e-004 6.071395e-002
594 3.218917e-004 6.097278e-002
5 2.570409e-004 6.134530e-002
1508 4.792668e-004 6.165703e-002
445 2.144798e-004 6.167967e-002
1975 3.834653e-004 6.197594e-002
866 3.090333e-004 6.241239e-002
108 2.714128e-004 6.246106e-002
265 1.802471e-004 6.291392e-002
1655 6.210375e-004 6.304550e-002
927 7.271940e-004 6.305112e-002
407 2.571253e-004 6.331750e-002
1018 5.494842e-004 6.365696e-002
1826 1.213371e-003 6.369933e-002
679 2.859476e-004 6.433010e-002
437 6.125826e-004 6.444803e-002
1561 1.166609e-003 6.512938e-002
1278 8.420350e-004 6.547821e-002
1312 5.951385e-004 6.552148e-002
250 3.109089e-004 6.553210e-002
354 8.710029e-004 6.555489e-002
201 4.948076e-004 6.560420e-002
1155 5.090037e-004 6.614731e-002
432 6.635345e-004 6.658591e-002
819 6.776765e-004 6.682257e-002
2 8.350693e-004 6.725019e-002
1503 5.020392e-004 6.749803e-002
1555 8.422842e-004 6.758285e-002
527 9.855373e-004 6.771998e-002
1200 4.975958e-004 6.772906e-002
249 7.930426e-004 6.871193e-002
482 5.580479e-004 6.915993e-002
208 2.762695e-004 6.925722e-002
797 1.120407e-003 6.931776e-002
318 1.063391e-003 7.006252e-002
852 7.524039e-004 7.006314e-002
1552 7.566664e-004 7.068925e-002
1280 6.219856e-004 7.122110e-002
143 3.286813e-004 7.134745e-002
1497 4.815435e-004 7.272884e-002
1702 4.920862e-004 7.285241e-002
1115 2.388671e-003 7.297699e-002
1653 1.312145e-003 7.336214e-002
924 2.236391e-003 7.339350e-002
101 3.374910e-004 7.354941e-002
246 4.810354e-004 7.376788e-002
103 1.172263e-003 7.424007e-002
1854 1.025666e-003 7.429273e-002
1949 1.924276e-004 7.483549e-002
18 1.861256e-004 7.491905e-002
1992 4.733672e-004 7.497076e-002
940 5.602011e-004 7.505579e-002
181 3.078632e-004 7.570894e-002
377 1.267117e-003 7.638124e-002
538 7.372037e-004 7.653411e-002
90 2.633576e-003 7.710640e-002
1028 1.116863e-004 7.752096e-002
1891 4.908675e-004 7.772775e-002
942 7.973299e-004 7.804963e-002
1162 1.006778e-003 7.892411e-002
346 1.829594e-003 7.924152e-002
328 6.648878e-004 7.944342e-002
1629 1.548999e-003 7.981839e-002
125 9.817391e-004 8.015902e-002
172 8.252841e-004 8.043770e-002
339 1.284887e-003 8.050145e-002
976 1.421741e-003 8.082983e-002
40 9.094793e-004 8.085081e-002
1672 5.757472e-004 8.089916e-002
119 2.533087e-003 8.102846e-002
1178 1.041689e-003 8.205312e-002
1630 4.931219e-004 8.256907e-002
1547 2.022836e-003 8.273230e-002
1167 5.296794e-004 8.275334e-002
1146 1.050703e-003 8.289299e-002
174 1.209378e-003 8.333562e-002
416 1.031764e-003 8.343709e-002
1192 1.475026e-004 8.351844e-002
1349 1.404895e-004 8.420618e-002
19 2.234055e-003 8.439058e-002
203 6.112538e-004 8.487623e-002
131 4.332938e-004 8.506915e-002
383 4.345505e-004 8.513589e-002
273 2.932431e-004 8.570818e-002
32 1.174884e-003 8.606974e-002
675 6.694839e-004 8.773886e-002
798 1.575576e-003 8.802581e-002
1837 1.836946e-003 8.856594e-002
1117 2.384375e-003 8.963130e-002
70 1.431173e-003 8.983437e-002
296 6.847475e-004 9.111181e-002
1006 8.001472e-004 9.135087e-002
855 4.578455e-004 9.219394e-002
345 1.375862e-003 9.271133e-002
24 6.333496e-004 9.360732e-002
35 1.091365e-003 9.424883e-002
1624 1.562622e-003 9.425982e-002
1585 1.592264e-003 9.455367e-002
497 1.611763e-004 9.618202e-002
919 7.292860e-004 9.629269e-002
1621 9.932149e-005 9.656437e-002
719 1.836020e-003 9.678944e-002
1599 2.449448e-004 9.806805e-002
1319 1.379428e-003 9.973938e-002
1773 7.319432e-004 1.004940e-001
535 1.643662e-003 1.012686e-001
289 1.194300e-003 1.013593e-001
496 3.654680e-004 1.013708e-001
1971 1.608191e-003 1.016523e-001
1615 1.144017e-003 1.022177e-001
504 9.970821e-004 1.023204e-001
427 1.137741e-003 1.026098e-001
698 1.776582e-004 1.029286e-001
301 1.690011e-003 1.034479e-001
1862 1.581600e-003 1.043353e-001
317 1.362663e-003 1.044917e-001
381 4.095896e-003 1.046815e-001
1869 9.889011e-004 1.048695e-001
1439 7.682567e-004 1.048894e-001
1341 1.147255e-003 1.051711e-001
1515 3.042524e-003 1.055223e-001
1237 2.773982e-004 1.065922e-001
1939 1.151891e-003 1.065978e-001
541 3.365924e-003 1.065991e-001
1543 1.656859e-003 1.076994e-001
1174 1.400891e-003 1.081378e-001
220 4.442146e-004 1.081866e-001
878 7.987646e-004 1.087920e-001
649 1.081026e-003 1.091976e-001
1796 1.129014e-003 1.093683e-001
1380 2.118330e-003 1.094466e-001
891 2.492772e-004 1.111998e-001
1012 5.289521e-004 1.125825e-001
23 1.149052e-003 1.131426e-001
872 4.832909e-004 1.141519e-001
352 2.148711e-003 1.145342e-001
13 3.121320e-003 1.150810e-001
1573 4.887311e-004 1.164166e-001
749 8.339090e-004 1.168620e-001
1032 3.866580e-004 1.182651e-001
1642 1.660672e-003 1.183260e-001
501 1.472804e-003 1.184199e-001
809 2.711729e-003 1.184731e-001
1696 3.215993e-004 1.186318e-001
20 2.849638e-003 1.189024e-001
883 1.809568e-003 1.197647e-001
1723 3.001058e-003 1.203567e-001
1649 2.404391e-003 1.209061e-001
1408 1.100505e-003 1.213556e-001
583 1.636225e-003 1.221181e-001
413 6.124634e-004 1.222252e-001
1570 3.498540e-003 1.228163e-001
537 1.182575e-003 1.231286e-001
4 5.034442e-004 1.263796e-001
1577 3.954844e-003 1.265869e-001
1541 2.224433e-003 1.273250e-001
1260 1.734905e-003 1.288229e-001
743 1.961994e-003 1.295329e-001
867 8.687669e-004 1.308942e-001
11 3.368875e-003 1.320804e-001
1606 5.447823e-004 1.327177e-001
1253 1.750430e-003 1.344432e-001
1760 1.531824e-003 1.348822e-001
332 1.457413e-003 1.361329e-001
1242 9.379337e-004 1.411536e-001
248 1.554984e-004 1.424701e-001
100 1.476421e-003 1.426849e-001
406 3.227388e-003 1.434869e-001
986 3.659658e-003 1.446916e-001
1772 1.062607e-003 1.461558e-001
292 1.843350e-003 1.482627e-001
842 1.066613e-003 1.488089e-001
1270 2.771542e-003 1.491117e-001
1292 1.296178e-003 1.494289e-001
996 1.769962e-003 1.494999e-001
321 1.406464e-003 1.500570e-001
230 1.254180e-003 1.519316e-001
1311 1.563007e-003 1.565140e-001
1699 1.644142e-003 1.598136e-001
385 2.348187e-003 1.602823e-001
991 1.226462e-003 1.614300e-001
633 1.907400e-003 1.657263e-001
408 1.938313e-003 1.669832e-001
817 1.331974e-003 1.669894e-001
592 2.562433e-003 1.698011e-001
850 1.572017e-003 1.702699e-001
1916 2.021322e-003 1.713282e-001
402 1.779540e-003 1.792268e-001
99 6.314330e-004 1.800170e-001
1917 4.167254e-004 1.831076e-001
1165 1.480424e-003 1.853513e-001
663 2.518576e-003 1.931045e-001
696 2.575936e-003 1.937660e-001
232 1.779893e-003 1.942965e-001
1580 2.238977e-003 1.953445e-001
129 1.808229e-003 1.967666e-001
509 1.882596e-003 2.036068e-001
313 2.098838e-003 2.037742e-001
1894 1.954892e-003 2.052500e-001
1748 1.450823e-003 2.084578e-001
687 1.580831e-003 2.137765e-001
37 4.341849e-003 2.169374e-001
128 2.939926e-003 2.190730e-001
1050 3.440114e-003 2.206717e-001
26 4.100725e-003 2.237284e-001
42 2.161566e-003 2.278722e-001
1447 1.790680e-003 2.286461e-001
1553 1.452173e-003 2.351552e-001
241 2.612888e-003 2.393695e-001
3 9.289680e-004 2.423107e-001
394 3.845133e-003 2.435782e-001
38 4.279922e-003 2.460700e-001
1610 2.542862e-003 2.543798e-001
29 1.107715e-003 2.581316e-001
419 2.177304e-003 2.694087e-001
187 1.735849e-003 2.782839e-001
1808 2.852611e-003 2.830669e-001
327 2.645251e-003 2.863236e-001
795 2.877715e-003 2.873093e-001
1602 6.822446e-003 2.887770e-001
39 2.000108e-003 2.929603e-001
351 2.002862e-003 3.110571e-001
133 3.795006e-003 3.180342e-001
1376 3.002023e-003 3.206836e-001
564 1.813518e-003 3.429012e-001
1567 5.931477e-003 3.497141e-001
6 4.384674e-003 3.600926e-001
1646 1.993610e-003 3.890579e-001
563 4.904242e-003 4.362292e-001
400 5.689106e-003 5.469581e-001
