448 2.018797e-008 9.084159e-004
449 5.628720e-008 9.101394e-004
446 5.859358e-008 9.135872e-004
457 1.746961e-008 9.242042e-004
1060 1.073087e-007 9.531133e-004
450 2.955021e-008 9.924804e-004
20 2.073074e-008 1.022177e-003
1512 2.744576e-007 1.026238e-003
1059 6.841525e-008 1.027637e-003
925 4.762579e-007 1.030327e-003
456 4.310634e-008 1.030907e-003
1074 2.659361e-007 1.040900e-003
474 3.794849e-008 1.047310e-003
921 1.928145e-007 1.052041e-003
461 4.062627e-008 1.053608e-003
467 4.369093e-008 1.081053e-003
1372 6.733421e-007 1.083546e-003
468 3.966328e-008 1.091199e-003
1370 7.440967e-007 1.102168e-003
453 3.322889e-007 1.109788e-003
1022 3.463007e-007 1.111926e-003
472 1.986805e-007 1.112509e-003
463 3.029803e-007 1.112831e-003
189 1.991665e-008 1.133167e-003
34 1.134426e-006 1.134154e-003
1219 1.369382e-006 1.139734e-003
936 2.560625e-007 1.143654e-003
465 1.240218e-007 1.148429e-003
1688 3.564890e-007 1.151195e-003
1090 3.459822e-008 1.193536e-003
183 1.387616e-008 1.195864e-003
33 4.264986e-007 1.197280e-003
980 1.625432e-007 1.207073e-003
987 1.543427e-006 1.207085e-003
190 5.177194e-008 1.207109e-003
1229 1.512875e-006 1.210805e-003
1052 1.356389e-007 1.211878e-003
12 1.473991e-007 1.215269e-003
471 8.044875e-008 1.215793e-003
447 1.326893e-007 1.221373e-003
452 1.387417e-007 1.222874e-003
1084 9.334652e-008 1.223781e-003
1091 9.334652e-008 1.223781e-003
458 2.127771e-007 1.225140e-003
1089 8.867644e-008 1.229345e-003
1364 8.287096e-007 1.230205e-003
1086 1.457214e-007 1.230257e-003
185 9.201771e-008 1.230555e-003
455 5.120246e-007 1.235216e-003
454 2.190461e-007 1.237542e-003
1657 5.310487e-007 1.242235e-003
857 7.347054e-007 1.259954e-003
1552 3.869135e-007 1.260493e-003
1601 8.488904e-007 1.261430e-003
927 9.293913e-007 1.268685e-003
1723 1.243469e-007 1.300439e-003
475 2.345238e-007 1.304594e-003
473 3.520273e-007 1.307357e-003
464 3.621742e-007 1.308291e-003
469 3.562772e-007 1.309435e-003
70 7.697597e-007 1.318398e-003
1741 1.135741e-007 1.327414e-003
81 1.696134e-006 1.332284e-003
1363 1.059058e-007 1.341542e-003
879 2.340794e-007 1.343573e-003
868 3.662781e-007 1.348683e-003
880 5.556798e-007 1.349330e-003
1087 3.641134e-007 1.355524e-003
874 8.011406e-007 1.358871e-003
1676 1.432969e-006 1.369244e-003
922 3.861864e-007 1.372484e-003
466 2.358641e-007 1.375033e-003
1024 4.237788e-007 1.376501e-003
919 5.743332e-007 1.380278e-003
864 2.574869e-007 1.385281e-003
871 6.748980e-008 1.387304e-003
60 8.783807e-007 1.387464e-003
881 1.591323e-007 1.388469e-003
873 2.799987e-007 1.397891e-003
884 1.006939e-006 1.399732e-003
69 3.868717e-007 1.401742e-003
877 1.008902e-006 1.408643e-003
476 1.264242e-007 1.408764e-003
1710 3.975645e-007 1.410373e-003
943 6.482912e-006 1.412333e-003
1724 3.498908e-007 1.412689e-003
321 5.077652e-008 1.424871e-003
863 1.009392e-006 1.427336e-003
1651 1.455954e-005 1.429570e-003
876 2.591932e-007 1.429605e-003
1067 3.774587e-008 1.438645e-003
933 6.202968e-006 1.440769e-003
865 1.618384e-006 1.441271e-003
867 2.562970e-006 1.452729e-003
1096 6.324472e-007 1.455383e-003
1081 1.083345e-007 1.456889e-003
885 1.663193e-006 1.457149e-003
1068 8.398750e-008 1.463504e-003
1116 4.598519e-007 1.464484e-003
856 4.130758e-007 1.465999e-003
932 4.801086e-007 1.467272e-003
1082 4.038838e-007 1.474064e-003
487 1.990945e-007 1.481802e-003
859 2.907331e-007 1.486531e-003
870 7.227829e-007 1.491075e-003
1231 1.687079e-006 1.498432e-003
1001 1.822081e-006 1.498555e-003
883 4.083916e-006 1.498632e-003
1105 6.750313e-007 1.499490e-003
1016 2.590480e-006 1.504261e-003
862 1.179217e-006 1.513425e-003
1322 2.475153e-007 1.522765e-003
1721 4.464889e-007 1.523613e-003
1506 2.189987e-006 1.532844e-003
1017 2.583173e-006 1.534669e-003
1000 4.423273e-006 1.536142e-003
479 7.820159e-007 1.536173e-003
1055 2.437336e-007 1.540214e-003
935 1.969194e-006 1.545836e-003
910 1.098795e-006 1.548095e-003
1080 4.200638e-007 1.549401e-003
942 1.814711e-006 1.553446e-003
1095 1.786674e-006 1.556326e-003
1371 1.071390e-006 1.556809e-003
549 8.159453e-007 1.561847e-003
1645 8.102075e-007 1.566152e-003
1117 4.203531e-007 1.569493e-003
1066 4.047684e-007 1.569653e-003
869 6.972089e-007 1.582108e-003
1742 2.860899e-006 1.584669e-003
188 3.833659e-008 1.591394e-003
1342 8.527913e-007 1.603206e-003
1078 4.787362e-007 1.608318e-003
1069 1.722641e-007 1.610961e-003
179 9.696948e-008 1.611714e-003
184 6.348316e-008 1.613140e-003
173 1.019073e-007 1.615038e-003
1020 1.654459e-006 1.626446e-003
913 3.772465e-006 1.632209e-003
170 1.715053e-007 1.635448e-003
164 2.355466e-007 1.637375e-003
1003 3.023494e-006 1.640394e-003
1108 1.918967e-006 1.644052e-003
177 2.600084e-007 1.650919e-003
166 1.693518e-007 1.654298e-003
1625 4.132270e-007 1.657921e-003
80 7.271398e-006 1.664380e-003
938 1.758132e-006 1.665266e-003
88 2.582652e-007 1.665610e-003
1023 1.831883e-006 1.668501e-003
165 2.547317e-007 1.676845e-003
882 2.095573e-006 1.680896e-003
1630 1.402393e-006 1.687502e-003
122 2.490171e-006 1.696181e-003
17 6.162774e-006 1.700229e-003
1453 3.068941e-006 1.705598e-003
383 3.785548e-006 1.707997e-003
63 1.592925e-006 1.710383e-003
1451 2.266899e-006 1.711409e-003
1290 1.663830e-006 1.712664e-003
918 1.898425e-006 1.723184e-003
1901 1.858470e-007 1.731278e-003
451 1.524433e-006 1.736884e-003
470 2.375335e-007 1.745044e-003
381 3.721440e-006 1.746499e-003
485 3.739953e-007 1.750031e-003
1062 1.100498e-006 1.754814e-003
1519 6.036280e-007 1.762670e-003
1083 1.989896e-006 1.766023e-003
607 2.475598e-007 1.773080e-003
1261 1.869059e-006 1.773576e-003
84 1.893493e-006 1.775073e-003
878 1.238942e-006 1.780728e-003
1053 4.445286e-007 1.784027e-003
4 1.846499e-006 1.788650e-003
1224 2.658844e-006 1.827660e-003
1360 9.138116e-006 1.836443e-003
481 7.326369e-007 1.843871e-003
872 2.248286e-007 1.854619e-003
1608 2.367767e-006 1.865282e-003
1725 2.775203e-006 1.871419e-003
1365 1.237498e-006 1.876777e-003
1611 1.562641e-007 1.881521e-003
217 1.740621e-006 1.886671e-003
39 8.957582e-007 1.891483e-003
1135 7.790426e-006 1.891683e-003
1318 6.865694e-007 1.896068e-003
1572 1.088867e-006 1.896152e-003
187 2.857021e-007 1.900587e-003
866 1.215394e-006 1.904735e-003
597 2.777523e-007 1.907824e-003
598 1.737530e-006 1.913950e-003
604 6.544963e-007 1.914140e-003
606 6.610848e-007 1.917728e-003
599 6.521933e-007 1.918408e-003
1267 4.086320e-007 1.923977e-003
937 2.983491e-006 1.925504e-003
317 6.154864e-008 1.928336e-003
940 1.593397e-005 1.930167e-003
1607 4.209842e-007 1.940326e-003
318 2.329577e-007 1.941390e-003
1405 2.000622e-006 1.951487e-003
1109 1.280222e-006 1.957619e-003
1114 8.715257e-007 1.959705e-003
1373 7.856178e-007 1.963631e-003
1628 4.275058e-007 1.970654e-003
1223 1.304066e-006 1.975469e-003
1058 8.204836e-007 1.976257e-003
1719 1.185918e-007 1.981104e-003
1232 5.007852e-007 1.984319e-003
858 1.281257e-006 1.994661e-003
1660 4.068614e-007 2.006882e-003
1324 1.965586e-006 2.008686e-003
608 1.105045e-006 2.010383e-003
1013 7.814858e-007 2.016761e-003
600 1.694719e-006 2.020481e-003
1123 3.175619e-006 2.030660e-003
605 1.700512e-006 2.033654e-003
1668 1.076331e-005 2.034030e-003
484 2.618710e-006 2.034300e-003
1403 2.038812e-006 2.036020e-003
1382 3.940853e-006 2.042766e-003
1963 4.686702e-007 2.044809e-003
988 5.158825e-006 2.046077e-003
480 7.473261e-007 2.048560e-003
1744 7.753584e-007 2.050010e-003
483 1.052836e-007 2.058673e-003
1708 1.494840e-007 2.060443e-003
917 2.289761e-006 2.061513e-003
992 2.055187e-006 2.062177e-003
994 8.126994e-007 2.069589e-003
1057 1.923557e-006 2.073734e-003
920 7.582611e-006 2.074473e-003
319 2.531740e-006 2.080632e-003
1015 8.798020e-007 2.089539e-003
1413 1.836628e-006 2.093979e-003
482 1.793740e-007 2.101676e-003
1025 1.278086e-006 2.103224e-003
181 1.775314e-007 2.117132e-003
945 3.410141e-006 2.131420e-003
1442 6.572101e-007 2.135466e-003
589 4.015233e-006 2.147414e-003
3 4.178061e-006 2.149530e-003
312 1.072878e-006 2.153805e-003
1603 4.615539e-006 2.153909e-003
1369 3.690849e-006 2.157778e-003
186 7.590816e-007 2.161674e-003
939 8.659259e-006 2.172855e-003
1612 8.443720e-007 2.176567e-003
1521 2.039837e-006 2.187904e-003
1233 8.369733e-007 2.188389e-003
1106 1.394031e-006 2.191353e-003
1717 9.989018e-008 2.191542e-003
1745 8.262907e-007 2.193005e-003
993 2.132001e-006 2.200510e-003
1685 5.181375e-007 2.203448e-003
1613 4.683944e-006 2.204482e-003
1239 1.281940e-006 2.204769e-003
178 1.826272e-006 2.222423e-003
1244 3.172863e-006 2.232653e-003
782 9.820760e-007 2.233506e-003
1226 5.045060e-007 2.247231e-003
810 1.448941e-006 2.248050e-003
304 7.282094e-007 2.263860e-003
211 1.978546e-006 2.264637e-003
213 1.842465e-006 2.272500e-003
364 2.936110e-006 2.272805e-003
352 2.936110e-006 2.272805e-003
995 5.108734e-006 2.282928e-003
1294 5.886551e-007 2.284173e-003
356 4.600116e-007 2.286167e-003
556 1.061275e-005 2.292763e-003
1246 1.419845e-006 2.308177e-003
1408 2.233480e-006 2.308907e-003
1103 1.201744e-005 2.318476e-003
930 2.028064e-005 2.319035e-003
1237 2.204620e-006 2.327380e-003
346 1.149819e-006 2.339949e-003
551 4.814828e-006 2.343941e-003
1230 2.250933e-006 2.344595e-003
944 1.796684e-005 2.347652e-003
1008 8.803594e-006 2.354513e-003
1376 1.041965e-005 2.364768e-003
362 4.523651e-007 2.371534e-003
1496 3.543290e-005 2.375727e-003
9 4.729500e-008 2.380745e-003
1129 5.032093e-006 2.381183e-003
1417 4.723416e-006 2.392398e-003
1242 2.111788e-006 2.400361e-003
5 3.786089e-006 2.417090e-003
559 1.239967e-006 2.423021e-003
983 3.631755e-006 2.426343e-003
1599 7.508208e-006 2.426706e-003
1235 1.479303e-006 2.438745e-003
1018 2.141543e-006 2.441522e-003
278 3.042151e-006 2.441958e-003
1319 1.223697e-006 2.442623e-003
76 1.315309e-006 2.443875e-003
1100 1.299411e-005 2.445682e-003
1407 3.673695e-006 2.446084e-003
1397 1.735521e-005 2.447933e-003
547 2.923622e-006 2.449498e-003
1245 1.495141e-006 2.478357e-003
1604 1.365451e-006 2.480737e-003
1568 8.328944e-006 2.483325e-003
1580 1.481499e-007 2.489578e-003
1061 7.642004e-006 2.492642e-003
320 4.636808e-008 2.506205e-003
87 5.045602e-006 2.507623e-003
1127 5.517404e-006 2.508384e-003
1021 1.429247e-005 2.512474e-003
602 1.901317e-006 2.516733e-003
1728 1.467392e-006 2.519693e-003
1236 2.372172e-006 2.537126e-003
313 7.042574e-008 2.540942e-003
314 1.120578e-007 2.545609e-003
1674 4.749096e-006 2.549205e-003
908 5.710742e-006 2.553777e-003
1428 2.667528e-005 2.557905e-003
1010 3.612124e-006 2.566973e-003
1383 1.731575e-005 2.572623e-003
1549 9.186299e-007 2.574501e-003
308 2.740548e-007 2.576912e-003
460 2.461497e-007 2.587213e-003
1493 1.198915e-005 2.599234e-003
1005 3.915167e-006 2.605996e-003
1102 8.902891e-006 2.611355e-003
915 1.409792e-005 2.623929e-003
248 1.418431e-006 2.633363e-003
82 9.570452e-006 2.644676e-003
307 3.039903e-008 2.645609e-003
979 1.006258e-006 2.645744e-003
305 2.718639e-007 2.648080e-003
311 1.745894e-007 2.650403e-003
1072 3.894130e-006 2.656154e-003
1654 2.082465e-006 2.665343e-003
315 7.461456e-008 2.674997e-003
306 2.796096e-007 2.677570e-003
1301 1.153815e-005 2.678351e-003
1221 1.026856e-005 2.685692e-003
561 5.252871e-006 2.688555e-003
256 1.407043e-006 2.699606e-003
388 2.145075e-006 2.714561e-003
99 2.418370e-005 2.727701e-003
1243 5.783044e-006 2.730494e-003
1393 3.269480e-006 2.732405e-003
1696 2.416248e-006 2.743174e-003
351 1.351040e-006 2.743600e-003
562 8.357064e-006 2.744139e-003
1125 5.755459e-006 2.745615e-003
1038 9.274893e-007 2.748336e-003
564 1.235959e-005 2.753533e-003
996 2.528225e-006 2.757140e-003
1563 2.711339e-005 2.760340e-003
1329 1.608091e-007 2.762273e-003
601 7.974397e-006 2.772252e-003
1658 3.755532e-006 2.774395e-003
1362 5.060983e-006 2.775797e-003
548 3.144954e-006 2.782854e-003
98 4.577763e-006 2.783747e-003
1265 9.268909e-007 2.793114e-003
1402 7.762254e-006 2.793488e-003
655 6.200882e-007 2.795421e-003
1128 1.396200e-005 2.802065e-003
347 2.035812e-006 2.803090e-003
394 2.306221e-006 2.804387e-003
107 1.595665e-006 2.807138e-003
1707 4.236182e-006 2.808984e-003
251 3.795312e-006 2.810560e-003
316 5.067180e-007 2.810886e-003
1007 2.507678e-006 2.811013e-003
999 1.066136e-005 2.822074e-003
1354 1.434030e-006 2.835055e-003
581 5.540492e-006 2.835647e-003
1458 5.173070e-007 2.842708e-003
1136 2.208832e-005 2.844006e-003
1124 3.873544e-006 2.844910e-003
1368 3.306069e-006 2.847393e-003
283 7.578886e-006 2.856703e-003
1238 3.952239e-006 2.861475e-003
971 1.619230e-006 2.870270e-003
477 7.318549e-006 2.871122e-003
35 1.768502e-006 2.878135e-003
22 1.604216e-005 2.878490e-003
909 3.655809e-006 2.879151e-003
1473 3.695748e-006 2.879302e-003
15 3.763439e-007 2.881132e-003
1509 4.583165e-006 2.887509e-003
462 1.610900e-006 2.887817e-003
341 1.200589e-005 2.890660e-003
153 1.578698e-006 2.914313e-003
1012 6.353135e-006 2.922054e-003
928 3.166090e-005 2.922272e-003
1961 2.299049e-007 2.928959e-003
167 1.367445e-007 2.930076e-003
1272 2.183834e-006 2.936892e-003
1606 8.022925e-008 2.938074e-003
1101 2.123064e-005 2.943841e-003
1234 2.679949e-006 2.945056e-003
1489 3.794609e-006 2.953322e-003
26 1.776427e-005 2.969039e-003
954 1.631312e-006 2.977072e-003
176 3.641803e-007 2.987511e-003
1107 2.393110e-006 2.991238e-003
1415 2.176155e-006 2.994629e-003
162 2.344956e-007 2.995187e-003
956 1.676518e-006 3.000328e-003
155 9.463439e-007 3.000566e-003
240 6.245204e-006 3.003706e-003
985 4.126711e-006 3.005726e-003
1014 1.045168e-005 3.006700e-003
1122 5.367100e-006 3.006899e-003
141 1.006792e-006 3.007465e-003
303 1.893858e-006 3.010767e-003
142 1.729374e-006 3.023549e-003
1177 2.052336e-006 3.025202e-003
224 1.034093e-006 3.028271e-003
1553 7.950772e-006 3.044128e-003
163 8.862517e-007 3.055302e-003
174 3.602936e-007 3.067454e-003
175 5.574094e-007 3.077258e-003
180 5.574094e-007 3.077258e-003
1212 1.506374e-005 3.083935e-003
161 1.337439e-006 3.098541e-003
986 6.381520e-006 3.100109e-003
1099 3.885110e-006 3.101320e-003
990 1.052788e-005 3.102370e-003
941 3.482300e-006 3.132521e-003
546 1.181962e-005 3.137143e-003
931 1.556125e-005 3.144406e-003
243 1.063167e-006 3.146583e-003
1731 3.045125e-006 3.153283e-003
1418 8.937230e-006 3.154659e-003
557 1.322467e-005 3.155186e-003
28 5.825178e-006 3.157026e-003
1374 5.683282e-006 3.176879e-003
1510 2.401371e-006 3.181524e-003
277 5.905560e-006 3.186846e-003
886 1.540385e-005 3.188260e-003
350 1.431957e-006 3.188494e-003
603 2.224497e-006 3.193014e-003
1011 1.064128e-005 3.193878e-003
974 2.091759e-006 3.197922e-003
192 2.463989e-006 3.206046e-003
172 4.191575e-007 3.206438e-003
66 9.283300e-006 3.208664e-003
1220 2.582728e-006 3.208893e-003
203 2.424107e-006 3.210012e-003
310 5.257118e-007 3.211884e-003
168 1.576197e-006 3.219167e-003
1353 3.719682e-007 3.226789e-003
75 1.351347e-005 3.228086e-003
998 1.740423e-005 3.229012e-003
560 1.365362e-005 3.231618e-003
934 1.352002e-005 3.234541e-003
363 1.461173e-006 3.246068e-003
220 2.434248e-006 3.247754e-003
894 1.079438e-005 3.254312e-003
616 1.077826e-006 3.260971e-003
1211 3.540805e-006 3.269504e-003
1499 3.687958e-005 3.274159e-003
1155 1.462548e-005 3.290114e-003
566 2.075373e-005 3.302275e-003
1302 2.135117e-005 3.311830e-003
253 1.134996e-006 3.314769e-003
326 6.604849e-006 3.315798e-003
912 5.097991e-005 3.323418e-003
171 2.672353e-006 3.350239e-003
237 7.095133e-007 3.355264e-003
1622 1.189608e-005 3.358110e-003
694 1.221389e-005 3.359455e-003
1009 1.655528e-005 3.364295e-003
680 3.981967e-006 3.365205e-003
208 2.648788e-006 3.366995e-003
40 1.175510e-006 3.372176e-003
344 8.434158e-006 3.378808e-003
206 6.167508e-006 3.379005e-003
1898 3.596747e-006 3.383677e-003
182 2.596469e-007 3.384886e-003
1317 9.495080e-007 3.387854e-003
257 1.706960e-006 3.402052e-003
1004 1.139365e-005 3.404270e-003
1130 9.345549e-006 3.409499e-003
1126 6.014772e-006 3.410036e-003
1120 6.115151e-006 3.417040e-003
1964 2.587312e-006 3.434183e-003
783 3.444357e-006 3.435810e-003
1337 1.176501e-005 3.438649e-003
221 4.058858e-006 3.443148e-003
1035 5.740846e-006 3.459746e-003
258 5.742667e-006 3.459931e-003
1063 7.213869e-006 3.471771e-003
1273 3.384020e-005 3.472271e-003
946 3.146999e-005 3.489121e-003
354 9.366731e-006 3.505978e-003
299 1.320822e-005 3.506396e-003
53 3.233547e-005 3.516925e-003
791 2.834339e-005 3.518861e-003
1581 4.645293e-006 3.520403e-003
239 1.160121e-006 3.526186e-003
226 4.630791e-006 3.531965e-003
1207 1.936414e-006 3.532369e-003
1313 5.969064e-006 3.532881e-003
1263 1.106032e-005 3.544536e-003
94 2.608324e-006 3.545837e-003
1437 2.418712e-005 3.575761e-003
1416 9.136663e-006 3.582922e-003
340 1.427721e-005 3.584521e-003
1897 1.591154e-006 3.593753e-003
1438 3.888377e-005 3.603239e-003
1545 6.113558e-007 3.605757e-003
1006 3.406156e-005 3.606738e-003
1328 2.020503e-005 3.623307e-003
120 4.786157e-007 3.627655e-003
1076 1.680037e-005 3.630373e-003
1153 1.630417e-005 3.631308e-003
156 6.818434e-006 3.636710e-003
981 2.950020e-006 3.642825e-003
1447 1.420084e-005 3.662747e-003
1656 4.403865e-006 3.663258e-003
1111 6.192422e-006 3.665226e-003
901 2.452402e-005 3.666412e-003
136 6.807012e-006 3.686253e-003
355 6.366243e-006 3.686627e-003
963 3.344518e-006 3.695486e-003
154 1.956638e-006 3.705101e-003
1751 4.981403e-006 3.723484e-003
1002 7.236198e-006 3.732751e-003
1490 4.707236e-006 3.734449e-003
550 1.363444e-005 3.783644e-003
246 2.893213e-006 3.784816e-003
1279 8.355197e-006 3.788448e-003
1853 8.796797e-006 3.792396e-003
968 1.116722e-005 3.800939e-003
812 1.247932e-005 3.801400e-003
130 4.664608e-006 3.816191e-003
214 4.040071e-006 3.816456e-003
270 6.036892e-006 3.816501e-003
215 6.530430e-006 3.818752e-003
978 1.208690e-005 3.835798e-003
353 1.591238e-005 3.855244e-003
96 2.057942e-005 3.865014e-003
101 4.342070e-006 3.865384e-003
241 4.777293e-006 3.883659e-003
984 1.107708e-005 3.904284e-003
273 9.761931e-006 3.917355e-003
573 1.993740e-005 3.919414e-003
610 6.762855e-006 3.924512e-003
1400 3.336879e-005 3.926534e-003
73 8.652482e-006 3.933713e-003
1560 8.396557e-006 3.940748e-003
157 3.283974e-006 3.943147e-003
287 2.298991e-005 3.944174e-003
210 6.163964e-006 3.952026e-003
1743 2.084523e-006 3.952682e-003
204 9.954977e-006 3.955817e-003
1085 6.826382e-006 3.957935e-003
150 8.010182e-007 3.960157e-003
1476 1.707839e-005 3.963607e-003
1567 2.478211e-005 3.966415e-003
796 2.964482e-005 3.967629e-003
262 1.512552e-005 3.972498e-003
592 1.600007e-005 3.976177e-003
1019 1.108653e-005 3.977120e-003
1321 2.455921e-006 3.979914e-003
125 1.234701e-006 3.981472e-003
250 7.680250e-006 3.997186e-003
149 3.313455e-006 4.004703e-003
309 1.883168e-005 4.004918e-003
158 1.198147e-005 4.024291e-003
227 1.294237e-005 4.068820e-003
1137 1.864448e-005 4.069236e-003
216 2.431925e-005 4.070503e-003
1522 4.324097e-006 4.077273e-003
1487 3.995327e-005 4.078327e-003
478 3.213708e-005 4.088751e-003
1241 5.761595e-006 4.096877e-003
64 7.949253e-007 4.100000e-003
618 4.376158e-006 4.154625e-003
1671 4.985975e-006 4.157530e-003
1216 2.690850e-006 4.174387e-003
1715 3.492541e-006 4.186202e-003
771 8.458073e-006 4.187222e-003
1712 7.586245e-006 4.189184e-003
1852 3.697943e-006 4.204639e-003
1646 4.933754e-005 4.227215e-003
911 3.677665e-005 4.240113e-003
1523 6.666784e-006 4.252223e-003
261 3.839782e-005 4.259253e-003
836 2.064249e-005 4.260254e-003
1730 3.020889e-006 4.271322e-003
625 8.326982e-006 4.275913e-003
1320 9.790616e-007 4.284116e-003
291 3.669441e-005 4.288712e-003
545 2.277979e-005 4.301207e-003
772 3.471835e-006 4.305884e-003
563 6.880519e-006 4.308684e-003
263 1.459878e-005 4.310465e-003
1356 5.341164e-007 4.312594e-003
1574 1.241128e-005 4.322151e-003
1713 2.959053e-006 4.329934e-003
1772 5.284953e-007 4.338121e-003
129 5.072471e-006 4.344771e-003
1720 8.765139e-006 4.345000e-003
640 4.464989e-006 4.347567e-003
1475 6.577913e-006 4.353236e-003
132 4.898784e-006 4.356972e-003
1455 1.893484e-006 4.377549e-003
407 2.847862e-006 4.382807e-003
687 2.434183e-005 4.390204e-003
1460 4.758729e-006 4.397280e-003
300 3.783720e-006 4.402015e-003
135 5.279238e-006 4.413357e-003
1121 1.482118e-005 4.431363e-003
1097 1.722181e-005 4.433352e-003
558 2.442362e-005 4.442439e-003
390 2.042605e-006 4.446559e-003
1669 5.055768e-006 4.447271e-003
1228 4.152958e-005 4.449441e-003
1110 6.020433e-006 4.450541e-003
914 2.516200e-005 4.453957e-003
235 1.352743e-006 4.475687e-003
333 1.151000e-005 4.481671e-003
831 1.345203e-005 4.484536e-003
1138 3.833138e-005 4.485791e-003
1139 1.333240e-005 4.488643e-003
1205 1.073777e-005 4.506036e-003
571 3.491504e-005 4.511997e-003
770 8.780170e-006 4.516937e-003
259 2.218553e-005 4.523926e-003
385 1.922797e-006 4.525744e-003
1396 3.286717e-005 4.532483e-003
244 8.420511e-006 4.539624e-003
119 5.967841e-007 4.540418e-003
839 1.337811e-005 4.554738e-003
1675 2.783461e-005 4.563905e-003
55 8.869119e-006 4.570142e-003
634 1.179267e-005 4.577734e-003
1056 3.356504e-006 4.589113e-003
1859 2.233048e-005 4.596748e-003
284 1.484365e-005 4.605537e-003
627 1.319415e-005 4.614692e-003
236 1.222341e-005 4.628098e-003
242 1.891637e-005 4.629688e-003
366 3.926740e-005 4.647165e-003
245 1.856183e-005 4.649812e-003
887 6.796353e-005 4.658613e-003
982 1.790064e-005 4.666375e-003
1627 2.319015e-005 4.667945e-003
1088 5.650720e-007 4.668064e-003
1459 2.274414e-005 4.669279e-003
145 9.514082e-007 4.678249e-003
1485 4.452006e-006 4.688785e-003
1118 2.548007e-005 4.700034e-003
160 4.200835e-006 4.706640e-003
1268 1.621172e-005 4.724090e-003
635 8.344100e-006 4.724322e-003
619 5.104523e-006 4.735775e-003
1614 1.115130e-006 4.741438e-003
758 9.069005e-006 4.741920e-003
234 5.341521e-006 4.755767e-003
247 5.341521e-006 4.755767e-003
228 1.293111e-005 4.771621e-003
780 5.680114e-006 4.773517e-003
271 2.389530e-005 4.775178e-003
254 1.477153e-006 4.786787e-003
384 5.310925e-005 4.794368e-003
554 3.569883e-005 4.801347e-003
575 2.199493e-005 4.804438e-003
832 3.941747e-006 4.807063e-003
774 8.667144e-006 4.807435e-003
1655 3.686916e-006 4.816397e-003
274 1.476977e-005 4.822076e-003
195 1.075826e-005 4.835965e-003
1152 2.725067e-005 4.838822e-003
1344 2.423797e-006 4.843107e-003
1071 3.519881e-006 4.845828e-003
1143 2.035579e-005 4.849644e-003
1514 1.113395e-005 4.858499e-003
495 1.327268e-006 4.865527e-003
1659 2.550177e-005 4.870047e-003
1457 1.100770e-005 4.871076e-003
1896 3.409837e-006 4.880109e-003
530 3.672921e-006 4.887038e-003
232 5.776840e-006 4.887160e-003
838 2.048413e-005 4.898802e-003
1484 6.231372e-006 4.899313e-003
359 1.694715e-005 4.900739e-003
302 3.989250e-006 4.901564e-003
1851 2.005603e-005 4.901583e-003
109 3.731731e-006 4.903469e-003
42 3.106089e-006 4.908740e-003
584 3.449525e-005 4.937282e-003
977 2.896250e-005 4.942668e-003
1316 8.231553e-007 4.954642e-003
198 1.822635e-005 4.957227e-003
1256 2.675872e-005 4.980443e-003
415 1.158052e-005 4.982291e-003
11 5.172020e-006 4.996695e-003
1687 2.603401e-005 5.014044e-003
1357 9.319139e-006 5.016742e-003
808 1.625300e-005 5.022541e-003
594 3.868794e-005 5.024567e-003
1292 3.128662e-005 5.035588e-003
991 1.426819e-005 5.037211e-003
731 8.355661e-006 5.037698e-003
500 3.312539e-006 5.040075e-003
1389 1.293787e-005 5.067217e-003
140 2.120551e-006 5.086263e-003
1624 4.269702e-006 5.087669e-003
776 4.227136e-006 5.107405e-003
1836 2.015973e-006 5.123034e-003
1154 2.751379e-005 5.124053e-003
893 1.384468e-005 5.124266e-003
834 5.176275e-005 5.131427e-003
123 7.696289e-006 5.131873e-003
1891 7.850771e-006 5.152153e-003
225 9.260375e-006 5.193089e-003
1930 1.518602e-005 5.197680e-003
360 4.408419e-006 5.198707e-003
86 2.160250e-005 5.200110e-003
781 4.681021e-006 5.201875e-003
1142 3.173702e-005 5.214419e-003
641 4.830022e-006 5.223172e-003
1786 1.908047e-005 5.232853e-003
280 7.372759e-006 5.237502e-003
1543 3.780470e-006 5.239979e-003
732 2.138303e-005 5.287750e-003
1909 3.103677e-006 5.290071e-003
389 1.138331e-005 5.320397e-003
1079 9.268107e-006 5.320880e-003
620 8.496307e-006 5.320914e-003
965 2.155812e-006 5.325416e-003
1684 8.071199e-006 5.325535e-003
1161 3.306741e-005 5.348480e-003
1648 8.918920e-006 5.349949e-003
56 1.225324e-005 5.362748e-003
1709 6.021230e-007 5.375531e-003
505 1.842572e-005 5.387815e-003
1582 1.098518e-005 5.389397e-003
1098 2.643908e-005 5.397652e-003
861 2.119879e-005 5.399271e-003
650 5.779666e-006 5.440238e-003
854 2.149772e-005 5.442216e-003
492 5.220599e-006 5.442350e-003
1890 1.250964e-006 5.447236e-003
238 1.375699e-005 5.453586e-003
159 1.895932e-005 5.460103e-003
292 9.339866e-005 5.466743e-003
32 6.804194e-005 5.477824e-003
1287 3.706793e-005 5.503867e-003
900 6.500738e-005 5.514704e-003
798 2.340782e-005 5.517689e-003
1876 5.682696e-006 5.521576e-003
989 1.594902e-005 5.529619e-003
386 1.236657e-005 5.549531e-003
786 4.043778e-005 5.554429e-003
169 5.348340e-006 5.563767e-003
1446 8.290047e-006 5.579363e-003
490 1.286343e-005 5.587416e-003
1165 4.872954e-005 5.589471e-003
644 1.237831e-005 5.593980e-003
1749 2.218304e-005 5.595447e-003
152 1.305644e-005 5.606502e-003
511 4.927336e-006 5.610440e-003
895 4.222906e-005 5.623725e-003
926 1.417297e-005 5.629334e-003
622 1.317196e-005 5.635377e-003
707 1.274918e-005 5.651083e-003
850 2.271241e-005 5.655494e-003
126 6.878830e-006 5.671616e-003
1218 1.394316e-005 5.676999e-003
528 7.305672e-006 5.681932e-003
1528 5.639543e-006 5.693326e-003
1714 3.099048e-006 5.705855e-003
741 2.076369e-005 5.709314e-003
1892 5.670554e-006 5.711634e-003
748 3.316942e-006 5.736315e-003
1315 1.007778e-005 5.737402e-003
929 1.538378e-004 5.751012e-003
633 7.312343e-006 5.760763e-003
1341 3.664797e-005 5.773121e-003
1406 1.901552e-005 5.773236e-003
624 9.250482e-006 5.784614e-003
1682 5.578253e-005 5.796014e-003
131 2.983169e-006 5.805375e-003
903 8.831111e-006 5.836229e-003
345 2.019456e-005 5.837754e-003
503 2.975307e-005 5.842256e-003
357 2.803278e-005 5.870032e-003
1325 1.311718e-005 5.877471e-003
233 9.179224e-006 5.880481e-003
1702 3.838285e-006 5.882859e-003
1530 8.667840e-006 5.908981e-003
146 6.215625e-006 5.958987e-003
674 8.618735e-006 5.960303e-003
1962 1.233664e-005 5.982705e-003
265 2.917062e-005 5.991011e-003
1151 6.515327e-005 5.994529e-003
1584 1.267606e-005 6.026088e-003
847 5.412506e-005 6.026832e-003
841 5.412506e-005 6.026832e-003
1266 1.992457e-005 6.035890e-003
147 1.039105e-005 6.037594e-003
1716 2.789565e-006 6.049352e-003
231 1.493104e-005 6.058704e-003
222 1.622327e-005 6.060502e-003
1697 4.500722e-006 6.072471e-003
493 1.344961e-005 6.078777e-003
272 1.210636e-005 6.095537e-003
49 1.786378e-005 6.103996e-003
1700 1.456531e-005 6.120034e-003
852 1.469692e-005 6.156785e-003
715 9.320541e-006 6.163469e-003
583 1.751450e-005 6.170629e-003
651 6.216844e-006 6.176375e-003
1483 8.447504e-006 6.193235e-003
636 3.280738e-005 6.193606e-003
1704 8.892657e-006 6.201794e-003
577 3.659935e-005 6.203881e-003
1609 6.659035e-005 6.218103e-003
1748 3.420396e-005 6.225465e-003
27 2.671581e-005 6.228854e-003
416 5.822593e-006 6.231026e-003
413 1.956646e-005 6.238398e-003
255 6.592043e-006 6.244904e-003
830 2.426956e-005 6.249881e-003
252 1.511123e-005 6.255408e-003
1032 1.421295e-005 6.256260e-003
668 6.093575e-006 6.262186e-003
975 1.113839e-005 6.269382e-003
1813 1.943942e-005 6.280618e-003
1869 6.175020e-006 6.281424e-003
735 2.261954e-005 6.282100e-003
1326 3.014013e-005 6.282598e-003
513 1.855710e-005 6.294527e-003
705 1.985071e-005 6.339004e-003
595 5.336789e-006 6.339917e-003
1578 2.436792e-006 6.365277e-003
835 9.981694e-006 6.366982e-003
1456 7.351905e-005 6.369626e-003
205 2.066116e-005 6.395543e-003
1878 9.834658e-006 6.401255e-003
494 1.582428e-006 6.403975e-003
1150 6.586343e-005 6.408810e-003
576 4.092233e-005 6.419229e-003
787 2.769826e-005 6.422896e-003
518 1.096344e-005 6.464636e-003
209 2.006244e-005 6.477023e-003
588 3.168958e-005 6.477874e-003
1187 2.019745e-005 6.488392e-003
642 8.120885e-006 6.489877e-003
703 1.373265e-005 6.499209e-003
1336 7.949231e-006 6.515300e-003
402 8.902939e-006 6.519935e-003
568 6.198226e-005 6.550798e-003
693 2.912036e-005 6.558068e-003
958 7.618114e-006 6.567449e-003
516 6.898437e-006 6.568586e-003
531 6.898437e-006 6.568586e-003
515 6.898437e-006 6.568586e-003
725 9.629542e-006 6.570533e-003
724 1.001892e-005 6.572508e-003
349 4.962260e-005 6.573795e-003
368 4.962260e-005 6.573795e-003
408 3.298537e-005 6.581237e-003
1160 5.100547e-005 6.586513e-003
1171 5.100547e-005 6.586513e-003
498 2.167697e-005 6.608242e-003
795 1.210070e-004 6.610680e-003
574 6.322932e-005 6.612433e-003
143 4.451788e-006 6.662955e-003
948 2.240779e-006 6.675660e-003
1338 4.607593e-005 6.679381e-003
380 4.799044e-005 6.715121e-003
739 1.578355e-005 6.740160e-003
672 6.250624e-006 6.745078e-003
399 3.139732e-005 6.745292e-003
572 6.029060e-005 6.750374e-003
1631 2.122761e-005 6.770452e-003
544 1.056346e-005 6.771517e-003
972 2.650110e-006 6.778574e-003
1664 1.128366e-006 6.784451e-003
1149 5.406952e-005 6.798222e-003
555 6.497139e-005 6.799450e-003
1399 1.128985e-004 6.803512e-003
1737 9.910190e-006 6.805904e-003
1366 9.510335e-006 6.806640e-003
1213 2.427920e-005 6.836604e-003
902 3.346302e-005 6.843491e-003
1695 9.034480e-006 6.844809e-003
1564 7.858845e-006 6.853942e-003
249 3.635698e-005 6.866803e-003
685 4.057790e-005 6.867516e-003
801 4.094987e-005 6.905516e-003
401 1.385083e-005 6.911850e-003
504 1.498129e-005 6.911973e-003
1846 6.766962e-006 6.919620e-003
68 1.286621e-005 6.925763e-003
733 4.146325e-005 6.935470e-003
969 2.872107e-005 6.948176e-003
348 2.944152e-005 6.959004e-003
1045 8.460333e-006 6.971979e-003
19 1.054710e-005 6.972664e-003
525 1.160043e-005 6.974229e-003
1746 3.872578e-005 6.981277e-003
403 2.272581e-005 6.982895e-003
789 4.267646e-005 6.995508e-003
1972 3.432869e-006 7.019188e-003
230 2.619206e-005 7.025938e-003
67 8.574589e-006 7.027306e-003
1280 3.832757e-006 7.039628e-003
395 1.366645e-005 7.054882e-003
1327 1.501745e-005 7.056233e-003
1941 3.277407e-005 7.064197e-003
623 9.638594e-006 7.066237e-003
1470 1.738917e-005 7.072932e-003
647 1.008386e-005 7.075274e-003
1907 1.012790e-005 7.090273e-003
1134 6.813059e-005 7.116326e-003
406 2.261025e-005 7.135753e-003
652 1.545599e-005 7.136958e-003
379 8.994206e-006 7.137994e-003
1537 1.044718e-005 7.141464e-003
1750 3.199330e-005 7.155764e-003
747 2.530570e-005 7.167536e-003
746 2.530570e-005 7.167536e-003
1752 2.708850e-005 7.172688e-003
1959 2.288790e-006 7.176352e-003
1377 7.329137e-005 7.179964e-003
1934 9.622803e-006 7.203329e-003
367 3.147130e-005 7.213111e-003
793 4.666860e-005 7.214881e-003
46 1.967021e-005 7.233708e-003
1532 1.558878e-005 7.246532e-003
1254 1.940848e-005 7.260383e-003
804 5.982673e-005 7.267292e-003
392 1.446955e-005 7.292454e-003
1461 1.063932e-005 7.302720e-003
1729 2.065430e-005 7.303305e-003
335 2.055256e-005 7.313441e-003
201 1.965080e-005 7.342183e-003
512 1.409169e-005 7.351447e-003
695 2.333363e-005 7.359921e-003
1908 2.395030e-005 7.367273e-003
1515 2.912614e-005 7.367861e-003
285 7.409919e-005 7.372349e-003
1409 3.123584e-005 7.392909e-003
762 2.002432e-005 7.402111e-003
785 6.705884e-005 7.412183e-003
1701 3.129313e-005 7.417995e-003
1433 9.020688e-006 7.424359e-003
578 2.052928e-005 7.426153e-003
286 6.321893e-005 7.440237e-003
690 7.484214e-005 7.455268e-003
1736 5.486082e-006 7.473870e-003
1831 3.800231e-005 7.487236e-003
1210 2.517974e-005 7.493487e-003
491 2.490832e-005 7.508357e-003
14 1.726927e-006 7.512368e-003
1492 5.603046e-005 7.516327e-003
751 1.299274e-005 7.529982e-003
133 5.039980e-006 7.532791e-003
128 1.105177e-005 7.535692e-003
1335 2.074279e-005 7.536336e-003
275 2.133168e-005 7.542615e-003
1462 9.006588e-006 7.548949e-003
1862 2.828869e-005 7.562272e-003
740 1.669672e-005 7.578342e-003
779 2.156014e-005 7.580851e-003
1168 1.258879e-004 7.583046e-003
678 2.124486e-005 7.587595e-003
1330 4.256955e-005 7.597637e-003
1861 9.826610e-006 7.599091e-003
196 5.463885e-005 7.613890e-003
281 2.166882e-005 7.615973e-003
1429 9.787891e-006 7.616953e-003
499 6.209829e-006 7.621854e-003
764 2.276959e-005 7.623313e-003
1500 4.374355e-005 7.644327e-003
763 3.185773e-005 7.647129e-003
570 4.376919e-005 7.649555e-003
200 1.497485e-005 7.650759e-003
582 6.814964e-005 7.651619e-003
585 6.814964e-005 7.651619e-003
1209 1.821387e-005 7.654794e-003
1271 2.420432e-005 7.673382e-003
1887 2.651103e-006 7.675451e-003
1214 2.670745e-005 7.688015e-003
950 8.294343e-006 7.698192e-003
1145 3.733100e-005 7.702188e-003
688 1.982438e-005 7.720955e-003
842 1.156009e-005 7.827982e-003
1517 4.583301e-005 7.838261e-003
38 1.916842e-005 7.843191e-003
1889 4.506438e-006 7.844362e-003
1960 1.383024e-005 7.857321e-003
509 1.424399e-005 7.865391e-003
207 2.087699e-005 7.878077e-003
1049 9.808375e-006 7.883721e-003
148 3.111869e-006 7.900697e-003
501 1.078006e-005 7.923399e-003
1299 8.573671e-005 7.955057e-003
837 2.670676e-005 7.969641e-003
997 1.189189e-004 7.972499e-003
957 8.003172e-006 7.978798e-003
1040 9.876367e-006 7.990181e-003
961 1.794304e-005 8.004521e-003
1662 4.500700e-006 8.020697e-003
689 1.268442e-005 8.063336e-003
701 2.329402e-005 8.065467e-003
414 2.527091e-005 8.092294e-003
260 4.668804e-005 8.102020e-003
759 9.904306e-005 8.150530e-003
924 4.096118e-005 8.160234e-003
139 1.933293e-005 8.170950e-003
1281 4.718794e-006 8.189163e-003
1361 2.906096e-005 8.230497e-003
638 2.105215e-005 8.236016e-003
1036 1.018477e-005 8.260717e-003
681 4.774915e-005 8.291786e-003
83 4.639967e-005 8.296387e-003
953 1.185182e-005 8.298514e-003
1448 3.098645e-005 8.315306e-003
124 2.513258e-005 8.351232e-003
1626 1.494830e-005 8.358692e-003
1488 9.309923e-005 8.364831e-003
718 2.664318e-005 8.373352e-003
377 7.672896e-006 8.386863e-003
580 6.809435e-005 8.387151e-003
1835 2.798258e-006 8.403713e-003
743 2.799756e-005 8.435875e-003
144 5.582819e-006 8.438881e-003
342 5.039832e-005 8.477908e-003
1665 5.750351e-005 8.487804e-003
1148 5.765012e-005 8.492511e-003
527 2.095517e-005 8.495570e-003
54 3.028334e-005 8.514599e-003
417 1.686920e-005 8.559100e-003
382 4.740925e-005 8.566429e-003
1295 1.131356e-004 8.593359e-003
777 1.923634e-005 8.595467e-003
1394 2.494562e-005 8.605414e-003
106 6.860440e-006 8.625165e-003
488 1.658597e-005 8.631232e-003
1847 1.878612e-005 8.675250e-003
328 1.488061e-005 8.706753e-003
1378 2.841397e-005 8.728201e-003
1164 1.279966e-004 8.778671e-003
1670 3.876440e-005 8.784097e-003
973 1.308785e-005 8.787864e-003
769 3.041299e-005 8.790840e-003
853 9.633577e-005 8.822741e-003
792 6.799704e-005 8.853772e-003
855 9.442818e-005 8.906219e-003
1424 1.416803e-005 8.939311e-003
1810 4.262466e-006 8.959335e-003
219 3.283944e-005 8.963716e-003
1188 1.454023e-005 8.981336e-003
223 1.062234e-005 8.993426e-003
197 1.295935e-004 8.997191e-003
508 5.690052e-005 9.026819e-003
1340 1.453577e-005 9.042922e-003
1867 6.623785e-005 9.057033e-003
7 1.310935e-005 9.089068e-003
1970 5.420199e-006 9.102617e-003
843 4.339701e-005 9.120274e-003
1620 1.916941e-005 9.127598e-003
324 4.912291e-006 9.146562e-003
649 3.967068e-005 9.159212e-003
1850 3.914404e-005 9.164201e-003
1113 7.060573e-005 9.178926e-003
706 2.550123e-005 9.209994e-003
615 2.585288e-005 9.213647e-003
586 3.779654e-005 9.221081e-003
1077 4.482784e-005 9.222240e-003
138 5.383588e-006 9.230315e-003
1945 1.561855e-005 9.237728e-003
1391 1.872516e-004 9.246159e-003
405 2.657518e-005 9.262313e-003
1690 1.075341e-005 9.267134e-003
788 4.467855e-005 9.271487e-003
151 1.979851e-005 9.313580e-003
1308 4.705624e-006 9.329229e-003
1283 1.385330e-005 9.331003e-003
325 2.675652e-005 9.341412e-003
93 3.480842e-005 9.365803e-003
752 5.144229e-005 9.374919e-003
1285 3.478361e-005 9.383094e-003
127 8.575837e-006 9.407467e-003
775 3.079169e-005 9.457831e-003
818 1.403321e-005 9.472745e-003
719 1.877363e-005 9.492055e-003
1968 6.411484e-005 9.527504e-003
1632 1.509624e-005 9.533411e-003
609 5.076296e-005 9.543371e-003
1868 2.897889e-006 9.580826e-003
565 7.603771e-005 9.615956e-003
1249 1.503075e-005 9.619110e-003
1954 6.510052e-005 9.711308e-003
110 2.039730e-005 9.770558e-003
1787 1.270531e-004 9.775844e-003
1569 8.837237e-005 9.788426e-003
833 1.952744e-005 9.798444e-003
510 2.659779e-005 9.805916e-003
288 3.585000e-005 9.814615e-003
692 7.377670e-005 9.834804e-003
888 4.342000e-005 9.836727e-003
1422 1.481751e-004 9.838663e-003
1307 6.738799e-005 9.873345e-003
1042 9.239990e-006 9.887633e-003
667 2.727339e-005 9.898465e-003
1247 3.235680e-005 9.902924e-003
567 2.511048e-004 9.940521e-003
266 7.303691e-005 9.959397e-003
726 2.952720e-005 9.983677e-003
1827 1.396746e-005 9.986481e-003
569 1.577600e-004 9.991788e-003
1677 3.074888e-005 1.002216e-002
1722 3.151695e-005 1.003373e-002
1811 7.898480e-006 1.004252e-002
756 2.245101e-005 1.005356e-002
1996 3.080220e-005 1.006657e-002
949 1.519910e-005 1.006766e-002
1039 3.713444e-005 1.007523e-002
1306 4.434432e-005 1.009159e-002
811 4.473815e-005 1.009723e-002
744 6.899630e-005 1.011034e-002
1727 6.517352e-006 1.011459e-002
1680 4.502064e-005 1.013090e-002
819 3.800383e-005 1.020167e-002
591 1.626845e-004 1.022737e-002
896 8.817861e-005 1.022829e-002
1679 4.362826e-005 1.030710e-002
51 1.717600e-005 1.039913e-002
1711 1.508901e-006 1.042786e-002
404 4.134460e-005 1.043218e-002
1966 4.745444e-005 1.045944e-002
587 1.080674e-005 1.046252e-002
294 1.733798e-004 1.049307e-002
212 9.101072e-005 1.053443e-002
1494 2.693587e-005 1.053682e-002
702 6.731499e-005 1.054478e-002
393 2.959537e-005 1.056225e-002
534 1.530701e-005 1.056678e-002
663 4.244244e-005 1.058165e-002
617 2.765554e-005 1.064131e-002
729 6.962976e-005 1.065479e-002
734 5.241279e-005 1.068302e-002
1833 1.126142e-005 1.070150e-002
800 2.298082e-004 1.070291e-002
1065 7.360289e-005 1.078412e-002
637 6.306598e-005 1.081462e-002
1649 7.290003e-005 1.082175e-002
1566 8.527445e-005 1.085626e-002
279 9.002682e-005 1.086216e-002
397 4.623071e-005 1.087345e-002
282 3.772788e-005 1.088144e-002
1296 1.149612e-004 1.088395e-002
645 2.946674e-005 1.096190e-002
535 2.381402e-005 1.098349e-002
199 2.611215e-005 1.098431e-002
137 1.852182e-005 1.101319e-002
784 3.226709e-005 1.103121e-002
660 1.898101e-005 1.110730e-002
1933 6.365119e-005 1.114969e-002
121 1.243163e-005 1.120247e-002
721 1.105574e-004 1.123450e-002
728 1.679885e-005 1.123745e-002
1471 2.198097e-005 1.124828e-002
631 1.458486e-004 1.124960e-002
1432 8.920215e-005 1.125788e-002
1191 4.444821e-005 1.129140e-002
1525 2.877053e-005 1.131524e-002
1880 3.099722e-005 1.132123e-002
1546 5.383878e-005 1.133399e-002
814 3.771404e-005 1.134282e-002
229 7.587482e-005 1.135835e-002
1503 3.059788e-005 1.138104e-002
378 5.291253e-005 1.138409e-002
1595 4.035204e-005 1.138447e-002
683 5.325824e-005 1.142406e-002
1527 9.209870e-005 1.144937e-002
952 4.669309e-005 1.149106e-002
1349 9.417978e-006 1.150363e-002
1981 7.280509e-005 1.151166e-002
1529 4.303867e-005 1.151414e-002
1119 7.731223e-005 1.152570e-002
1314 7.918639e-005 1.153118e-002
387 4.170535e-005 1.154948e-002
552 3.738782e-005 1.156942e-002
1073 5.458023e-005 1.157955e-002
1848 2.032213e-005 1.160272e-002
1834 4.426456e-005 1.161889e-002
533 9.589673e-006 1.162459e-002
538 9.589673e-006 1.162459e-002
962 1.552684e-005 1.162461e-002
1911 1.222412e-005 1.162462e-002
486 4.123374e-005 1.163139e-002
517 4.904437e-005 1.163653e-002
1703 3.735816e-005 1.166136e-002
524 3.448661e-005 1.167768e-002
193 9.152234e-005 1.168315e-002
1323 5.684060e-005 1.170641e-002
848 6.663141e-005 1.170905e-002
336 4.629461e-005 1.174709e-002
1158 5.808303e-005 1.177331e-002
1202 1.080977e-005 1.179012e-002
1845 1.293395e-005 1.179313e-002
714 4.805327e-005 1.180371e-002
628 1.969217e-005 1.182585e-002
1454 3.021292e-005 1.187189e-002
1305 1.277895e-004 1.189640e-002
1385 9.522664e-005 1.193590e-002
659 1.878052e-005 1.194714e-002
191 6.796005e-005 1.200559e-002
1686 4.776353e-005 1.204885e-002
664 3.068051e-005 1.206208e-002
1683 4.185486e-005 1.209113e-002
802 5.084044e-004 1.209321e-002
1980 1.812159e-004 1.210447e-002
1141 1.112168e-004 1.210760e-002
1562 9.838581e-006 1.211949e-002
1452 7.418513e-005 1.213132e-002
41 5.864680e-005 1.213921e-002
1115 8.158030e-005 1.214410e-002
72 6.554437e-005 1.214884e-002
334 6.438055e-005 1.216538e-002
1474 1.151267e-005 1.219523e-002
358 2.078430e-004 1.219729e-002
1260 3.314156e-005 1.220498e-002
1873 3.468500e-005 1.223861e-002
1291 7.561412e-005 1.225710e-002
1991 1.796222e-005 1.228371e-002
293 8.530726e-005 1.237179e-002
754 2.464957e-004 1.237789e-002
370 1.257625e-005 1.239474e-002
1250 6.080332e-005 1.239561e-002
553 1.523721e-004 1.249977e-002
1181 8.699923e-005 1.251745e-002
1561 1.949632e-004 1.252051e-002
1843 4.260769e-005 1.253192e-002
441 3.255368e-005 1.254820e-002
1043 1.625142e-005 1.260505e-002
1253 3.844965e-005 1.267003e-002
289 1.342205e-004 1.269152e-002
1849 3.781413e-005 1.273167e-002
1513 9.505740e-005 1.275722e-002
665 3.596398e-005 1.280478e-002
815 5.774708e-005 1.282112e-002
730 5.402059e-005 1.290038e-002
1790 4.101236e-005 1.292783e-002
398 9.805920e-005 1.293804e-002
1936 3.143834e-005 1.294003e-002
1282 7.921463e-005 1.294092e-002
742 1.243592e-004 1.295140e-002
898 1.243574e-004 1.300451e-002
1186 6.471624e-005 1.302448e-002
1197 9.524809e-005 1.305956e-002
1303 8.607146e-005 1.308811e-002
676 4.521054e-005 1.316140e-002
57 2.151238e-005 1.321180e-002
1638 6.252822e-005 1.322721e-002
1070 1.734617e-005 1.322905e-002
1877 5.780039e-005 1.324914e-002
1740 2.321387e-004 1.327681e-002
1094 1.937297e-005 1.328799e-002
1251 3.804255e-005 1.331364e-002
421 1.037863e-004 1.334312e-002
194 6.442751e-005 1.334743e-002
1829 5.197481e-005 1.334945e-002
639 4.765389e-005 1.336412e-002
1605 5.362471e-005 1.339546e-002
1576 2.298786e-005 1.345897e-002
1206 3.253065e-005 1.346507e-002
440 5.072867e-005 1.347611e-002
691 4.047105e-005 1.348187e-002
459 7.899885e-006 1.350203e-002
1597 7.299985e-005 1.350476e-002
1596 5.761849e-005 1.354819e-002
264 1.443126e-004 1.359018e-002
496 7.577330e-005 1.359269e-002
365 9.961268e-005 1.360375e-002
1699 3.230327e-005 1.368856e-002
102 8.935225e-006 1.369484e-002
410 4.866420e-005 1.374959e-002
1033 1.420791e-005 1.375611e-002
1950 1.133455e-004 1.377232e-002
593 1.643766e-005 1.386293e-002
433 8.203138e-005 1.386436e-002
905 6.652275e-005 1.387705e-002
716 3.625898e-005 1.391068e-002
1828 7.820300e-005 1.393444e-002
1904 1.134236e-004 1.394736e-002
1544 2.686370e-005 1.394867e-002
1551 4.403658e-005 1.399315e-002
1156 7.821570e-005 1.401670e-002
840 3.325098e-005 1.401771e-002
700 4.541665e-005 1.409781e-002
1870 4.914951e-005 1.411008e-002
529 4.047377e-005 1.415715e-002
1821 4.101766e-005 1.424271e-002
1794 3.918353e-005 1.428456e-002
1799 2.906093e-005 1.432101e-002
1575 5.336388e-005 1.434225e-002
290 2.095879e-004 1.434566e-002
613 7.672253e-005 1.435059e-002
890 1.099360e-004 1.436151e-002
805 2.881472e-004 1.446794e-002
1663 1.565190e-005 1.447224e-002
1183 8.981824e-005 1.448205e-002
411 4.892386e-005 1.455032e-002
338 4.352292e-005 1.457582e-002
400 1.713857e-004 1.475621e-002
1899 8.114812e-005 1.483343e-002
1812 7.902629e-005 1.483695e-002
1172 1.349534e-004 1.488572e-002
670 7.108806e-005 1.504870e-002
1075 1.335056e-004 1.505684e-002
1348 2.782231e-005 1.508422e-002
1112 1.413485e-004 1.509183e-002
202 2.142640e-005 1.513330e-002
1252 6.308454e-005 1.515565e-002
1539 1.249343e-004 1.518588e-002
1673 1.901382e-004 1.524773e-002
301 1.424520e-004 1.533022e-002
1392 1.464227e-005 1.535378e-002
532 4.236165e-005 1.537562e-002
1579 5.779390e-005 1.540596e-002
951 1.547688e-005 1.541183e-002
1888 2.220325e-005 1.544374e-002
809 1.795839e-004 1.552302e-002
1895 8.021532e-005 1.554830e-002
699 3.411529e-005 1.556249e-002
658 6.488058e-005 1.557982e-002
778 2.226176e-004 1.566056e-002
1167 1.832567e-004 1.570363e-002
1274 7.141220e-005 1.575823e-002
1044 4.460929e-005 1.578565e-002
970 2.451013e-005 1.587216e-002
298 9.064151e-005 1.590214e-002
720 3.935159e-005 1.593840e-002
520 5.626453e-005 1.603802e-002
1463 6.260934e-005 1.604158e-002
1333 1.023439e-004 1.604515e-002
1526 8.613443e-005 1.606182e-002
1822 1.983345e-005 1.613269e-002
1178 5.802838e-005 1.613720e-002
16 2.892102e-004 1.613987e-002
1449 3.306853e-004 1.622349e-002
1947 3.349138e-005 1.622551e-002
1975 1.831559e-005 1.623532e-002
506 8.770123e-005 1.625582e-002
844 1.234382e-004 1.626539e-002
1900 5.377943e-005 1.627462e-002
1816 1.605847e-004 1.632465e-002
432 8.592459e-005 1.635496e-002
507 7.220681e-005 1.636193e-002
295 5.668823e-005 1.639625e-002
736 6.383795e-005 1.642050e-002
1550 1.176274e-004 1.643299e-002
630 1.919431e-004 1.652761e-002
89 9.537462e-005 1.658957e-002
1189 7.362333e-005 1.662022e-002
1969 6.392608e-005 1.663368e-002
722 1.275206e-004 1.667362e-002
1410 7.659345e-004 1.668780e-002
268 1.111986e-004 1.668970e-002
1511 1.522098e-004 1.673711e-002
1905 1.115179e-004 1.675210e-002
543 4.409217e-005 1.679961e-002
522 6.526581e-005 1.681409e-002
1718 1.402303e-005 1.685299e-002
1379 1.408696e-004 1.688283e-002
629 2.135901e-004 1.697480e-002
1180 9.435704e-005 1.701456e-002
108 4.242837e-005 1.702724e-002
1756 4.207734e-005 1.715552e-002
371 2.354651e-005 1.719056e-002
745 8.677502e-005 1.719077e-002
923 2.446015e-005 1.719964e-002
1270 1.709702e-004 1.721758e-002
845 1.705985e-004 1.723510e-002
1965 2.932107e-004 1.731112e-002
1182 9.251813e-005 1.732995e-002
1844 3.665330e-005 1.734917e-002
646 5.630713e-005 1.737366e-002
807 4.646394e-004 1.739435e-002
1995 1.045812e-004 1.742782e-002
519 9.958746e-005 1.744806e-002
521 9.958746e-005 1.744806e-002
526 9.958746e-005 1.744806e-002
656 1.373665e-004 1.763476e-002
327 7.748380e-005 1.776048e-002
134 3.033636e-005 1.786045e-002
218 6.966330e-005 1.787307e-002
1037 5.525980e-005 1.787421e-002
1953 2.302065e-005 1.788169e-002
2 1.046878e-005 1.793042e-002
343 1.754128e-004 1.800094e-002
1367 9.186869e-005 1.804098e-002
669 8.365203e-005 1.808243e-002
1842 4.860773e-005 1.809416e-002
960 2.617760e-005 1.813131e-002
1170 1.883480e-004 1.815494e-002
1801 1.109703e-004 1.817659e-002
1910 2.000361e-004 1.818486e-002
523 1.007898e-004 1.819075e-002
1093 2.032931e-005 1.827987e-002
44 7.137894e-004 1.830507e-002
1948 1.197045e-004 1.838289e-002
539 4.971599e-005 1.854232e-002
52 1.144833e-004 1.854408e-002
1807 4.916838e-005 1.858860e-002
1046 7.163019e-005 1.861495e-002
755 4.675316e-004 1.876013e-002
1885 3.595070e-004 1.885116e-002
85 3.149414e-004 1.892521e-002
1937 4.583518e-004 1.894425e-002
1478 4.224145e-005 1.898787e-002
648 2.009123e-004 1.910464e-002
1666 1.835469e-004 1.912161e-002
1520 1.284667e-004 1.916510e-002
540 2.928826e-005 1.918121e-002
1764 3.924268e-005 1.935264e-002
1809 9.368565e-006 1.936311e-002
1855 1.571729e-004 1.946590e-002
709 6.003072e-005 1.949968e-002
1054 4.139620e-005 1.953628e-002
1732 2.526273e-004 1.957119e-002
1179 7.641296e-005 1.960422e-002
1681 8.501346e-004 1.967083e-002
1643 1.209973e-004 1.967127e-002
1334 5.839779e-005 1.973801e-002
1346 4.763135e-005 1.979307e-002
1781 1.213026e-004 1.989638e-002
1814 5.418597e-005 1.991656e-002
1304 1.576470e-004 1.991930e-002
1747 2.695339e-005 1.992021e-002
541 4.484860e-005 2.004278e-002
799 2.824993e-004 2.012273e-002
704 5.846160e-005 2.014330e-002
1359 5.496790e-005 2.019464e-002
1926 1.047557e-004 2.031787e-002
612 1.391992e-004 2.035839e-002
1467 6.502286e-005 2.051005e-002
1838 7.658348e-005 2.052151e-002
1064 3.290992e-004 2.054625e-002
1706 4.399625e-004 2.058754e-002
412 1.336100e-004 2.059333e-002
1767 1.292546e-004 2.062996e-002
1401 8.547076e-005 2.063496e-002
666 6.282002e-005 2.063598e-002
438 1.389928e-004 2.068889e-002
1739 6.335711e-004 2.070336e-002
1592 1.256981e-004 2.070409e-002
1992 1.211265e-004 2.070484e-002
1971 5.499111e-005 2.073560e-002
1795 7.788989e-005 2.077078e-002
713 4.346791e-005 2.081701e-002
1201 7.444072e-005 2.092085e-002
422 1.521590e-004 2.114770e-002
429 9.395439e-005 2.116871e-002
59 1.180005e-004 2.118011e-002
1381 3.095487e-005 2.120522e-002
1879 1.131364e-004 2.121858e-002
614 8.955484e-005 2.123043e-002
1633 1.123077e-004 2.123281e-002
436 9.676788e-005 2.129257e-002
1976 2.137600e-004 2.136499e-002
443 1.849339e-005 2.139485e-002
1782 1.021474e-004 2.144111e-002
1198 7.484169e-005 2.145270e-002
331 6.006549e-005 2.146385e-002
1440 1.510049e-004 2.147550e-002
661 9.797445e-005 2.148210e-002
1547 1.479114e-004 2.167933e-002
1893 4.801660e-006 2.171150e-002
1824 2.253741e-004 2.176446e-002
276 1.748960e-004 2.177776e-002
1199 2.571780e-004 2.177788e-002
537 3.419580e-005 2.178660e-002
1556 1.167471e-004 2.181553e-002
391 1.087619e-004 2.183788e-002
375 1.401059e-004 2.198076e-002
437 2.155388e-004 2.204334e-002
1193 3.253644e-005 2.204683e-002
712 3.976974e-004 2.211208e-002
23 1.116791e-004 2.212620e-002
1994 3.780245e-004 2.213429e-002
1162 3.021451e-004 2.225153e-002
1863 9.793670e-005 2.240832e-002
1938 1.255197e-004 2.249184e-002
813 1.587845e-004 2.250165e-002
849 2.045265e-004 2.256495e-002
1559 6.198595e-004 2.258274e-002
1169 2.967358e-004 2.263234e-002
671 9.578903e-005 2.295137e-002
1570 1.935323e-004 2.296728e-002
269 1.263207e-004 2.303436e-002
889 3.225304e-004 2.307974e-002
1195 2.885240e-004 2.309061e-002
104 1.291246e-004 2.319122e-002
1979 2.205512e-004 2.319225e-002
1610 2.608991e-004 2.323040e-002
1339 8.332472e-005 2.324581e-002
749 2.239832e-004 2.333954e-002
738 2.326641e-004 2.356535e-002
1594 1.962572e-004 2.363625e-002
428 1.408260e-004 2.366752e-002
1131 4.504328e-004 2.370514e-002
710 1.798707e-004 2.384021e-002
1041 2.674136e-005 2.394897e-002
717 1.728431e-004 2.402735e-002
1175 3.376503e-004 2.425899e-002
632 1.473894e-004 2.429397e-002
1780 8.660534e-005 2.429810e-002
1978 2.936145e-004 2.444760e-002
1617 4.154978e-004 2.451033e-002
430 2.209514e-004 2.454356e-002
434 2.209514e-004 2.454356e-002
1262 3.001420e-004 2.462783e-002
396 9.933616e-005 2.481073e-002
1196 4.393208e-004 2.501569e-002
361 2.082486e-004 2.506554e-002
1427 1.974286e-004 2.512535e-002
846 3.066622e-004 2.524699e-002
1286 1.902297e-004 2.525877e-002
1481 5.077253e-004 2.530441e-002
1921 6.010219e-005 2.532046e-002
65 2.535597e-004 2.544976e-002
1854 3.016976e-004 2.548364e-002
1932 2.210711e-005 2.551544e-002
1264 6.770976e-005 2.553765e-002
1430 2.414666e-004 2.564362e-002
1443 1.055777e-004 2.594805e-002
1571 2.679334e-004 2.595938e-002
1380 9.800179e-005 2.618030e-002
1355 7.232563e-005 2.618378e-002
1395 2.499461e-004 2.627806e-002
1166 1.788262e-004 2.635784e-002
1225 3.059482e-004 2.637586e-002
643 1.518676e-004 2.638040e-002
1588 1.681017e-004 2.642237e-002
955 1.504115e-004 2.643507e-002
1248 1.373302e-004 2.646054e-002
79 2.392387e-004 2.659899e-002
750 3.797863e-004 2.661719e-002
1347 1.121474e-004 2.664033e-002
1837 1.883292e-004 2.667779e-002
1618 7.224509e-005 2.669411e-002
1404 9.367530e-005 2.671934e-002
1435 1.939879e-004 2.681953e-002
1565 1.193310e-004 2.709419e-002
1144 1.639141e-004 2.712224e-002
677 8.981819e-005 2.714260e-002
1944 1.488388e-004 2.731702e-002
1768 9.474633e-005 2.734770e-002
1765 1.030811e-004 2.741002e-002
1616 1.916924e-004 2.747894e-002
1832 1.106847e-004 2.774898e-002
1841 1.013562e-004 2.784881e-002
105 2.813570e-004 2.790810e-002
1215 1.477737e-004 2.797740e-002
1275 1.895469e-004 2.815519e-002
1208 4.188446e-004 2.827464e-002
1104 3.337083e-004 2.833543e-002
820 1.462554e-004 2.835664e-002
1157 1.735654e-004 2.836373e-002
821 1.458060e-004 2.837615e-002
1672 2.732299e-005 2.841459e-002
964 1.002062e-004 2.843997e-002
1826 1.011499e-004 2.848658e-002
1875 1.623533e-004 2.853946e-002
1311 6.671283e-004 2.863726e-002
947 2.617705e-005 2.869823e-002
536 8.703888e-005 2.872507e-002
1988 1.694450e-004 2.877707e-002
723 5.572790e-004 2.898525e-002
1431 1.089505e-004 2.909905e-002
1029 1.695589e-004 2.920799e-002
822 6.016223e-005 2.921858e-002
1661 1.808909e-004 2.926539e-002
58 2.432162e-004 2.941520e-002
497 2.247403e-004 2.948103e-002
420 1.060287e-004 2.962816e-002
621 4.492939e-004 3.010880e-002
1974 2.041303e-004 3.011921e-002
1203 1.265520e-004 3.017602e-002
1419 5.425823e-004 3.018099e-002
426 2.489405e-004 3.019533e-002
77 1.834462e-004 3.027445e-002
1860 2.138006e-004 3.041028e-002
1502 3.386150e-004 3.047600e-002
267 1.361202e-004 3.053441e-002
1450 5.754700e-004 3.063052e-002
1434 4.924012e-005 3.067971e-002
860 5.555825e-004 3.068827e-002
1689 3.851916e-005 3.085833e-002
1866 3.589501e-004 3.093944e-002
1939 4.154454e-004 3.110471e-002
1444 5.108802e-005 3.122607e-002
1507 2.650427e-004 3.128171e-002
1445 1.806403e-004 3.129787e-002
1583 2.611849e-004 3.135474e-002
916 1.168031e-003 3.140315e-002
1497 4.162414e-004 3.149082e-002
1993 4.215486e-004 3.158739e-002
1629 3.928943e-004 3.160415e-002
816 7.648316e-004 3.161893e-002
1776 3.296985e-004 3.173733e-002
62 2.999601e-005 3.186191e-002
1472 4.390137e-004 3.188008e-002
1269 2.292218e-004 3.203180e-002
1147 2.756166e-004 3.206315e-002
875 2.274766e-004 3.208024e-002
1386 5.021086e-004 3.209544e-002
1258 4.296050e-004 3.225905e-002
1777 1.458542e-004 3.230346e-002
906 2.042416e-004 3.233707e-002
1192 2.839424e-004 3.272134e-002
1858 4.482212e-004 3.280737e-002
97 9.303411e-005 3.280866e-002
1048 2.901475e-005 3.294751e-002
1857 3.228800e-004 3.307597e-002
1501 3.994878e-004 3.315020e-002
1929 1.588598e-004 3.317027e-002
817 8.477792e-004 3.317104e-002
425 3.948511e-004 3.329700e-002
1309 9.053844e-004 3.331828e-002
1667 1.109116e-004 3.343991e-002
1912 2.829032e-004 3.354572e-002
1931 6.770100e-005 3.377452e-002
1793 1.217915e-004 3.380554e-002
1133 2.710552e-004 3.403095e-002
773 7.819054e-004 3.410778e-002
431 1.687249e-004 3.416449e-002
1691 8.484606e-005 3.423848e-002
409 5.987452e-004 3.433999e-002
1914 2.676373e-004 3.440111e-002
1927 2.054192e-004 3.454729e-002
435 2.601012e-004 3.480728e-002
1635 6.270346e-004 3.481348e-002
1918 2.762210e-004 3.487821e-002
1726 9.661383e-005 3.489283e-002
1902 3.988997e-004 3.503485e-002
1805 9.370131e-005 3.510644e-002
45 2.583313e-003 3.540472e-002
1204 1.846519e-004 3.570769e-002
117 1.824378e-004 3.599534e-002
1642 1.262916e-004 3.607131e-002
1184 3.783134e-004 3.610351e-002
1884 5.282689e-004 3.613149e-002
1886 5.486717e-004 3.614185e-002
967 2.346266e-004 3.625674e-002
337 3.753225e-004 3.629152e-002
1358 9.929955e-004 3.639962e-002
1894 4.358317e-004 3.675840e-002
959 9.340293e-005 3.689324e-002
37 8.325388e-005 3.706374e-002
323 2.941923e-004 3.716504e-002
1200 7.383223e-004 3.720637e-002
418 1.675041e-004 3.722779e-002
8 4.343207e-005 3.749373e-002
1698 2.172706e-004 3.774774e-002
711 3.308161e-004 3.796346e-002
1935 2.411023e-004 3.797377e-002
1865 1.040817e-004 3.826035e-002
1047 6.058054e-004 3.826834e-002
1276 3.926401e-004 3.827009e-002
1623 9.461561e-005 3.828322e-002
1591 3.300211e-004 3.832333e-002
1548 1.439178e-005 3.871973e-002
1883 1.414652e-004 3.903464e-002
1479 4.586252e-004 3.905303e-002
1486 3.716902e-004 3.941670e-002
1839 9.458621e-005 3.960077e-002
112 1.935710e-004 3.961399e-002
1390 3.653383e-004 3.992641e-002
1284 5.344801e-004 4.008208e-002
1818 1.091014e-004 4.033830e-002
1798 9.949623e-005 4.037444e-002
696 4.125286e-004 4.046942e-002
797 7.755472e-004 4.064535e-002
369 5.296769e-004 4.068124e-002
1516 6.227548e-004 4.077123e-002
1482 3.179107e-004 4.086548e-002
684 7.985749e-004 4.155058e-002
1823 1.039949e-004 4.160268e-002
1375 2.458782e-004 4.161133e-002
1146 4.358791e-004 4.192077e-002
1495 7.338689e-004 4.205988e-002
322 1.424602e-004 4.209658e-002
423 2.890341e-004 4.215903e-002
1598 4.653460e-004 4.250732e-002
2000 1.649974e-003 4.275454e-002
1989 1.620480e-004 4.292813e-002
1820 1.131044e-003 4.301514e-002
1779 2.314372e-004 4.324908e-002
976 8.881557e-004 4.325480e-002
1163 1.275900e-003 4.340991e-002
442 2.548625e-004 4.370333e-002
767 1.221014e-004 4.381685e-002
1784 4.537681e-004 4.399498e-002
1593 7.501318e-004 4.423806e-002
1817 2.972086e-004 4.433869e-002
757 1.087155e-003 4.444139e-002
1480 9.377087e-004 4.446496e-002
891 9.957837e-004 4.451019e-002
1815 2.703999e-004 4.454184e-002
1027 2.851378e-004 4.488505e-002
1278 4.379422e-004 4.494512e-002
1856 4.105836e-004 4.495470e-002
1923 4.548456e-004 4.519002e-002
1986 3.269516e-004 4.520579e-002
1540 2.412670e-005 4.550087e-002
1840 4.107144e-004 4.551019e-002
1694 6.902034e-005 4.574471e-002
1803 3.562831e-004 4.604240e-002
1997 8.153711e-004 4.617827e-002
1412 4.537392e-004 4.638404e-002
91 1.223522e-004 4.645979e-002
1882 1.714365e-004 4.656495e-002
1531 6.832489e-004 4.670290e-002
803 8.260803e-004 4.676346e-002
1920 3.690642e-004 4.708730e-002
1757 1.410580e-004 4.717228e-002
1420 1.056016e-003 4.756811e-002
1802 1.499436e-004 4.793374e-002
1792 6.699931e-004 4.794878e-002
1028 2.727537e-004 4.822332e-002
118 7.473774e-004 4.833194e-002
790 8.199462e-004 4.848782e-002
1190 6.024810e-004 4.891501e-002
1352 2.350406e-003 4.921804e-002
760 9.587577e-004 4.922463e-002
1174 6.092610e-004 4.927374e-002
1770 2.121349e-004 4.935489e-002
1806 1.102743e-004 4.968510e-002
1925 3.332250e-004 4.999471e-002
737 8.398902e-004 5.034473e-002
899 3.435832e-004 5.084188e-002
115 4.420908e-004 5.112189e-002
1533 4.434262e-004 5.134921e-002
679 3.859580e-004 5.183488e-002
1977 6.122683e-004 5.195321e-002
1874 3.038695e-004 5.204714e-002
48 1.028686e-003 5.227496e-002
1951 1.436135e-003 5.270612e-002
761 5.174661e-004 5.278877e-002
1185 3.433531e-004 5.302291e-002
1640 3.655148e-004 5.317485e-002
1298 5.324633e-004 5.356240e-002
1573 4.838170e-004 5.447298e-002
1277 3.536045e-004 5.456419e-002
1952 7.426403e-004 5.457473e-002
1194 9.084830e-004 5.486385e-002
1735 2.278721e-004 5.525801e-002
1505 5.670201e-005 5.554101e-002
1982 2.192721e-004 5.571472e-002
1967 1.349172e-003 5.610907e-002
18 1.253625e-003 5.621864e-002
1518 1.559330e-004 5.622101e-002
851 2.300034e-004 5.623745e-002
1343 5.350883e-004 5.703202e-002
1913 1.234634e-004 5.713358e-002
897 2.370620e-003 5.730417e-002
1524 8.118974e-004 5.736118e-002
1753 3.085454e-004 5.739688e-002
1331 1.382536e-003 5.751206e-002
1589 7.763454e-004 5.792245e-002
1051 1.904484e-004 5.801627e-002
654 2.497748e-004 5.844535e-002
296 3.006608e-004 5.907522e-002
1034 3.261859e-004 5.919951e-002
579 6.031206e-004 5.947764e-002
116 4.637537e-004 5.971123e-002
329 2.209793e-004 5.992916e-002
1864 8.809784e-004 6.007092e-002
1973 6.370197e-004 6.032106e-002
1557 8.468355e-004 6.053073e-002
10 7.462605e-004 6.098185e-002
1942 4.238348e-004 6.108358e-002
330 7.186097e-004 6.130054e-002
662 1.143166e-003 6.179696e-002
675 7.780530e-004 6.189092e-002
1871 7.258220e-004 6.203756e-002
1771 7.277122e-004 6.219662e-002
1621 4.869793e-004 6.251260e-002
697 4.979581e-004 6.292480e-002
1602 5.141470e-004 6.300147e-002
1916 5.820923e-004 6.376956e-002
103 8.941296e-004 6.390375e-002
1491 2.430351e-004 6.392072e-002
1173 1.155877e-003 6.426941e-002
419 7.374293e-004 6.431183e-002
1259 4.679301e-004 6.461478e-002
698 3.065431e-004 6.522068e-002
1600 7.307118e-004 6.536409e-002
1644 9.290381e-004 6.634979e-002
1288 5.152892e-004 6.652487e-002
376 6.274713e-004 6.750791e-002
1554 8.006328e-004 6.752171e-002
1943 6.273260e-004 6.763860e-002
1384 6.879069e-004 6.765670e-002
339 1.278554e-003 6.792798e-002
1917 1.683204e-003 6.802463e-002
827 2.107821e-004 6.808112e-002
1637 3.072563e-004 6.881555e-002
1755 1.258580e-003 6.916189e-002
1615 5.587729e-004 6.931109e-002
427 7.302604e-004 6.941681e-002
1398 1.035416e-003 6.968308e-002
445 7.399191e-004 7.000914e-002
1159 8.133402e-004 7.020063e-002
1785 5.666756e-004 7.021434e-002
1984 2.234991e-004 7.032314e-002
1293 1.021085e-003 7.059356e-002
1796 2.017404e-004 7.068304e-002
25 8.603457e-004 7.074767e-002
1804 5.688103e-004 7.214803e-002
1222 1.001029e-003 7.222417e-002
1693 1.427732e-003 7.248636e-002
611 1.661277e-003 7.297957e-002
1345 4.168047e-004 7.347245e-002
904 5.326218e-004 7.350175e-002
1477 1.951883e-003 7.366375e-002
892 1.605228e-003 7.381451e-002
1 3.198743e-003 7.402556e-002
542 6.343810e-004 7.422601e-002
1350 7.095446e-004 7.496236e-002
1998 1.133532e-003 7.504495e-002
1421 4.321577e-004 7.563536e-002
1587 4.181741e-004 7.639291e-002
1949 4.494743e-004 7.652055e-002
1760 8.764603e-004 7.798243e-002
1387 1.586465e-003 7.799232e-002
1310 2.423550e-003 7.858638e-002
727 1.536564e-003 7.888900e-002
90 4.190352e-004 7.915209e-002
1940 2.053746e-004 7.931306e-002
1797 3.000994e-004 7.932500e-002
1426 9.722626e-004 8.014454e-002
1769 3.834913e-004 8.028730e-002
1946 2.635423e-004 8.113230e-002
768 1.057301e-003 8.162126e-002
1872 2.907846e-004 8.178713e-002
1800 2.936881e-004 8.201169e-002
1423 7.026101e-004 8.293739e-002
966 4.701955e-004 8.303549e-002
1789 2.532745e-004 8.338257e-002
502 1.333701e-003 8.359545e-002
1297 8.601775e-004 8.378226e-002
1030 6.241328e-004 8.443836e-002
13 1.746418e-003 8.581248e-002
1217 1.350419e-003 8.680696e-002
297 1.608286e-003 8.727693e-002
806 3.825439e-004 8.751376e-002
439 1.153072e-003 8.764640e-002
1465 1.591263e-003 8.876273e-002
1555 1.945194e-004 8.878818e-002
332 7.582940e-004 9.014222e-002
823 4.123998e-004 9.057151e-002
489 1.372159e-003 9.067081e-002
1332 1.954283e-003 9.070148e-002
24 9.094834e-004 9.293088e-002
1577 1.352350e-003 9.310517e-002
1534 6.350838e-004 9.459164e-002
1388 1.047745e-003 9.460890e-002
1050 4.600648e-004 9.493822e-002
1132 8.040359e-004 9.497389e-002
1300 7.712654e-004 9.757508e-002
71 7.908826e-004 9.775649e-002
1990 8.013057e-004 9.861243e-002
1754 1.492949e-003 9.943454e-002
1985 6.721536e-004 1.005829e-001
1759 3.838631e-004 1.010463e-001
1650 1.490647e-003 1.012217e-001
1919 1.776544e-004 1.017904e-001
1922 5.040395e-004 1.019028e-001
1738 1.495450e-003 1.021677e-001
673 8.414198e-004 1.024342e-001
1289 1.660337e-004 1.032857e-001
1653 2.282147e-003 1.043606e-001
6 9.430467e-004 1.048894e-001
1808 2.757222e-004 1.050916e-001
686 1.853373e-003 1.051961e-001
1678 1.518469e-003 1.056024e-001
1466 3.393662e-004 1.079736e-001
1705 3.911178e-003 1.088517e-001
1734 1.937278e-003 1.091166e-001
753 1.603286e-003 1.092085e-001
1763 9.567758e-004 1.107490e-001
1819 2.328291e-003 1.108535e-001
1498 1.099810e-003 1.109368e-001
444 1.244091e-003 1.120612e-001
1766 4.043363e-004 1.121082e-001
1924 8.573067e-004 1.121185e-001
829 6.864780e-004 1.159098e-001
1140 1.090726e-003 1.160438e-001
1468 3.334267e-003 1.165503e-001
1590 7.393950e-004 1.169255e-001
1791 3.264151e-004 1.185354e-001
1436 1.574892e-003 1.195218e-001
1958 1.757842e-003 1.201032e-001
74 4.038307e-004 1.215987e-001
1783 1.350840e-003 1.219026e-001
1504 1.558127e-003 1.222709e-001
590 2.916535e-003 1.223193e-001
1255 1.442204e-003 1.223405e-001
626 3.921380e-003 1.226726e-001
1585 1.089825e-003 1.229863e-001
1469 1.172733e-003 1.233126e-001
1999 2.692981e-003 1.239390e-001
43 1.905523e-003 1.243823e-001
1903 6.385026e-004 1.254355e-001
1774 1.371947e-003 1.296839e-001
1411 5.396439e-004 1.314071e-001
1031 9.885693e-004 1.328843e-001
1788 9.880850e-004 1.329091e-001
424 9.657134e-004 1.333639e-001
1733 1.469179e-003 1.358174e-001
794 1.382283e-003 1.362083e-001
1227 1.133569e-003 1.362513e-001
1414 6.457332e-003 1.371518e-001
373 8.891307e-004 1.378817e-001
826 1.424480e-003 1.385048e-001
1586 8.320219e-004 1.390205e-001
1652 5.731882e-004 1.427840e-001
1441 3.643644e-003 1.440411e-001
113 1.686597e-003 1.442655e-001
1881 3.428590e-003 1.444834e-001
1541 1.663809e-003 1.447202e-001
1351 1.210824e-003 1.458201e-001
1928 1.301766e-003 1.461440e-001
50 8.573551e-004 1.491686e-001
114 1.489240e-003 1.512607e-001
1825 2.094474e-003 1.513187e-001
36 2.775366e-003 1.544472e-001
1641 1.116241e-003 1.553308e-001
1647 2.334427e-003 1.557976e-001
21 3.173586e-003 1.558873e-001
825 7.791976e-004 1.568658e-001
31 4.835362e-004 1.578738e-001
92 2.204844e-003 1.595540e-001
29 2.469777e-003 1.601525e-001
1915 2.703220e-003 1.610163e-001
1536 2.252516e-003 1.616309e-001
111 5.604556e-004 1.637715e-001
1956 1.500056e-003 1.644299e-001
1692 1.934156e-003 1.645985e-001
1778 1.849980e-003 1.653914e-001
907 3.509018e-003 1.677866e-001
1558 2.554673e-003 1.678097e-001
765 1.378476e-003 1.716774e-001
1538 1.281073e-003 1.729055e-001
1312 5.305805e-003 1.741590e-001
514 2.661301e-003 1.808705e-001
78 1.153481e-003 1.812122e-001
1983 2.299440e-003 1.878506e-001
47 2.941830e-003 1.880717e-001
1762 3.404159e-003 1.895787e-001
657 2.557564e-003 1.910888e-001
653 2.651804e-003 1.927782e-001
1535 6.833857e-004 1.931089e-001
1906 1.273844e-003 1.982008e-001
374 2.662731e-003 2.001590e-001
1464 2.203694e-003 2.043348e-001
1987 1.853715e-003 2.077336e-001
1761 2.705039e-003 2.080999e-001
1425 8.942214e-003 2.092946e-001
1639 3.970881e-003 2.119353e-001
1758 2.641922e-003 2.144398e-001
1830 3.645043e-003 2.145710e-001
766 3.370014e-003 2.151120e-001
1634 2.862184e-003 2.187507e-001
1542 3.970096e-003 2.188558e-001
1619 5.087010e-003 2.195549e-001
682 2.825142e-003 2.202760e-001
1955 2.142800e-003 2.208374e-001
1957 1.531420e-003 2.264203e-001
100 8.278032e-003 2.283860e-001
596 4.197986e-003 2.356726e-001
95 1.880261e-003 2.364148e-001
1092 1.793248e-003 2.416530e-001
824 1.893386e-003 2.448353e-001
1026 7.279526e-004 2.468381e-001
1257 4.606353e-003 2.486424e-001
708 4.572167e-003 2.623875e-001
828 1.352735e-003 2.834181e-001
1240 5.691059e-003 2.887062e-001
30 3.180355e-003 3.157673e-001
61 3.185077e-003 3.234157e-001
1439 5.500441e-003 3.271993e-001
1508 3.789013e-003 3.538055e-001
372 3.186129e-003 3.572493e-001
1773 6.155626e-003 3.955195e-001
1775 2.715811e-003 4.422506e-001
1636 1.844165e-003 4.797761e-001
1176 7.777520e-003 5.843907e-001
