2 9.768859e-004 5.905784e-002
3 1.722821e-003 2.299491e-001
4 3.798735e-004 1.214406e-001
5 7.569382e-004 5.720767e-002
6 5.243458e-003 3.123762e-001
7 1.509997e-003 3.743281e-002
8 2.854239e-004 3.416200e-002
9 2.718173e-005 7.195310e-003
10 2.724176e-004 1.432950e-002
11 2.787948e-003 9.470055e-002
12 2.863548e-005 7.834014e-003
13 1.504705e-003 9.523381e-002
14 8.784158e-004 3.555100e-002
15 4.116716e-004 3.024498e-002
16 3.133180e-004 4.290290e-002
17 3.771354e-005 7.644319e-003
18 3.555519e-004 7.231764e-002
19 1.774875e-003 6.112197e-002
20 8.813454e-004 1.014105e-001
21 3.303771e-004 4.385671e-002
22 1.429030e-004 1.685603e-002
23 8.766424e-004 1.027610e-001
24 1.907155e-003 7.951394e-002
25 7.834687e-005 1.450816e-002
26 3.174098e-003 1.826972e-001
27 2.537379e-004 2.380899e-002
28 5.516989e-005 1.455851e-002
29 5.666314e-004 2.467122e-001
30 1.923244e-005 6.507162e-003
31 8.895223e-005 2.086414e-002
32 2.244193e-003 6.383665e-002
33 6.412334e-005 5.750726e-003
34 3.074975e-005 3.851556e-003
35 5.369385e-004 8.624157e-002
36 2.666971e-004 1.582111e-002
37 2.070105e-003 1.872018e-001
38 5.136772e-003 1.990157e-001
39 1.517797e-003 2.755869e-001
40 4.738810e-004 7.088735e-002
41 3.866711e-005 5.950558e-003
42 1.708737e-003 1.988781e-001
43 4.850397e-005 7.002025e-003
44 4.931799e-006 2.497307e-003
45 7.273421e-006 2.463044e-003
46 1.186113e-006 1.390102e-003
47 3.771208e-005 5.323070e-003
48 2.658074e-005 5.928050e-003
49 6.920584e-005 7.447024e-003
50 3.115521e-004 1.805880e-002
51 5.000047e-006 2.944462e-003
52 1.639397e-005 5.048537e-003
53 3.858169e-005 4.439492e-003
54 5.974488e-006 3.979527e-003
55 7.535411e-006 3.053524e-003
56 7.549376e-005 1.076047e-002
57 9.438163e-005 8.449070e-003
58 1.379521e-006 1.664958e-003
59 3.358760e-005 7.742199e-003
60 1.072253e-006 2.240988e-003
61 6.098395e-006 3.944026e-003
62 3.011268e-007 1.223402e-003
63 1.026664e-005 4.860901e-003
64 1.188359e-004 7.918174e-003
65 4.108743e-006 2.194285e-003
66 4.339276e-005 3.387603e-003
67 1.397883e-005 4.277025e-003
68 5.162123e-005 6.995221e-003
69 2.237910e-005 5.069222e-003
70 1.802270e-003 7.214027e-002
71 2.243728e-006 4.374678e-003
72 5.960703e-005 6.610224e-003
73 7.300033e-006 2.988193e-003
74 4.546392e-006 5.432506e-003
75 3.669762e-005 4.402853e-003
76 1.861814e-005 5.032150e-003
77 2.491861e-006 3.770318e-003
78 9.435292e-005 1.411587e-002
79 5.983573e-005 7.232178e-003
80 3.888646e-004 4.363321e-002
81 2.646595e-006 2.839992e-003
82 3.430349e-004 2.562901e-002
83 2.123341e-006 2.405792e-003
84 5.139356e-005 1.078414e-002
85 7.744182e-006 7.277781e-003
86 2.423317e-005 7.732934e-003
87 4.366042e-004 3.858427e-002
88 1.687435e-006 2.710331e-003
89 7.700079e-005 8.753369e-003
90 1.351478e-003 5.609143e-002
91 8.774793e-005 6.585877e-003
92 5.669607e-004 3.822794e-002
93 2.151818e-004 1.131700e-002
94 6.693584e-005 7.315843e-003
95 1.020798e-005 5.140734e-003
96 5.192746e-005 4.439083e-003
97 1.497675e-005 9.882870e-003
98 1.476074e-005 4.378420e-003
99 1.228494e-003 1.715105e-001
100 2.871093e-003 1.226795e-001
101 6.418225e-004 7.017303e-002
102 1.870176e-005 3.452684e-003
103 1.437750e-003 6.369650e-002
104 2.937776e-005 2.364439e-002
105 2.405550e-004 1.727549e-002
106 3.232286e-004 2.729014e-002
107 2.476887e-005 1.084512e-002
108 2.074252e-004 6.021346e-002
109 5.091719e-005 1.026995e-002
110 2.043528e-005 3.331840e-003
111 3.726820e-005 8.242791e-003
112 7.094941e-005 1.626011e-002
113 2.201434e-004 2.656731e-002
114 4.397342e-006 8.004317e-003
115 7.540940e-005 9.732485e-003
116 3.463627e-004 3.507000e-002
117 3.543878e-005 4.193409e-003
118 3.726684e-006 3.531042e-003
119 1.255696e-003 6.197501e-002
120 6.071906e-005 1.100092e-002
121 2.926753e-005 6.526105e-003
122 2.714984e-005 4.198032e-003
123 8.928446e-005 1.580451e-002
124 6.946365e-005 5.949908e-003
125 1.236126e-003 6.903953e-002
126 1.834095e-005 4.308359e-003
127 5.624784e-006 1.056931e-002
128 2.356564e-003 1.979129e-001
129 2.263850e-003 1.733827e-001
130 2.282924e-004 4.682927e-002
131 8.473375e-004 8.008768e-002
132 1.345364e-004 1.945483e-002
133 4.689391e-003 2.873428e-001
134 1.282889e-004 9.995901e-003
135 3.635454e-004 2.743153e-002
136 2.496461e-006 2.232755e-003
137 2.777515e-005 1.170190e-002
138 1.246051e-005 3.184324e-003
139 4.006158e-005 5.755855e-003
140 1.801135e-004 1.794283e-002
141 1.498103e-005 6.389547e-003
142 3.295622e-004 2.974897e-002
143 4.138490e-004 6.762470e-002
144 1.360980e-003 3.484381e-002
145 1.922859e-004 3.009890e-002
146 2.220661e-005 9.283848e-003
147 3.555177e-004 2.045871e-002
148 2.320521e-005 4.158967e-003
149 8.037373e-004 5.503148e-002
150 1.782317e-004 3.963801e-002
151 1.245148e-004 1.520511e-002
152 5.992292e-005 3.049334e-002
153 3.022913e-005 7.637959e-003
154 3.181160e-005 9.368219e-003
155 5.197512e-006 2.529078e-003
156 7.007980e-005 1.018386e-002
157 1.880293e-004 9.903841e-003
158 2.918158e-007 3.771769e-003
159 4.367375e-005 1.404850e-002
160 1.686825e-005 8.400160e-003
161 1.376404e-005 4.005579e-003
162 1.132693e-004 1.157480e-002
163 9.062366e-005 1.020430e-002
164 1.447850e-005 3.679289e-003
165 2.260765e-006 1.507756e-003
166 3.806807e-006 1.819123e-003
167 2.030654e-005 6.270112e-003
168 1.416798e-005 3.484071e-003
169 9.158962e-005 7.956180e-003
170 3.002680e-005 4.202112e-003
171 1.530482e-004 2.242913e-002
172 9.722899e-004 7.251798e-002
173 6.282819e-004 2.891497e-002
174 9.518272e-004 7.059506e-002
175 4.564665e-007 1.235983e-003
176 2.859376e-005 8.563262e-003
177 5.875193e-007 3.145462e-003
178 6.224972e-006 7.091120e-003
179 8.013976e-006 7.840045e-003
180 2.958959e-007 1.262699e-003
181 2.374344e-004 7.266179e-002
182 8.604292e-005 1.266744e-002
183 1.022660e-004 1.014863e-002
184 2.708165e-005 6.984965e-003
185 5.020568e-007 1.493353e-003
186 3.432649e-004 2.517809e-002
187 2.142212e-003 2.579003e-001
188 2.561123e-004 1.780665e-002
189 1.038035e-004 5.291359e-003
190 1.124189e-005 4.394487e-003
191 5.651498e-006 6.361352e-003
192 1.212033e-005 4.926591e-003
193 1.359132e-005 5.555050e-003
194 1.212033e-005 4.926591e-003
195 1.107355e-004 1.049828e-002
196 6.803114e-005 6.661087e-003
197 7.255629e-005 1.865600e-002
198 5.131457e-005 1.068471e-002
199 2.384907e-005 1.364989e-002
200 2.181136e-004 4.008439e-002
201 5.981604e-004 6.162792e-002
202 3.956601e-005 9.115896e-003
203 7.308717e-004 7.882619e-002
204 1.707589e-006 3.812055e-003
205 9.561632e-005 1.192574e-002
206 1.021935e-004 1.382700e-002
207 6.248828e-005 2.862480e-002
208 5.247559e-004 6.481006e-002
209 1.170127e-004 2.227745e-002
210 2.104500e-004 4.717746e-002
211 1.629079e-004 2.261633e-002
212 9.426898e-006 4.138152e-003
213 1.049021e-004 9.275745e-003
214 2.927893e-005 1.107907e-002
215 3.886036e-005 1.136725e-002
216 1.767808e-004 3.095603e-002
217 5.990467e-006 2.296641e-003
218 9.619745e-006 3.857843e-003
219 6.414226e-006 1.997874e-003
220 2.190303e-004 1.049459e-001
221 1.102641e-005 5.080115e-003
222 1.833083e-004 1.417457e-002
223 2.730920e-004 2.572815e-002
224 2.914101e-006 2.237417e-003
225 8.333900e-007 3.164952e-003
226 3.516700e-005 9.779793e-003
227 2.310912e-006 3.992109e-003
228 9.913880e-006 4.754003e-003
229 6.010734e-005 1.443356e-002
230 9.476993e-004 1.424926e-001
231 4.933162e-007 2.023360e-003
232 2.159489e-003 1.727762e-001
233 8.799581e-006 8.363979e-003
234 1.688727e-005 2.823008e-003
235 4.548163e-006 7.287785e-003
236 7.562892e-005 6.766811e-003
237 5.530618e-004 5.453482e-002
238 2.592143e-006 4.885403e-003
239 1.947490e-005 4.081253e-003
240 6.085697e-005 4.296688e-002
241 2.038108e-003 2.104149e-001
242 1.243014e-004 1.745704e-002
243 5.589434e-006 4.027596e-003
244 3.540589e-006 1.725287e-003
245 1.063327e-006 1.240559e-003
246 3.906701e-004 6.831952e-002
247 1.693151e-004 1.129277e-002
248 3.007725e-004 1.402871e-001
249 9.428521e-004 5.965339e-002
250 3.807585e-004 6.175826e-002
251 7.158394e-007 1.271412e-003
252 6.891626e-006 8.283862e-003
253 3.596698e-006 3.820383e-003
254 9.653573e-005 1.301085e-002
255 4.609522e-005 7.434240e-003
256 1.951999e-006 2.371231e-003
257 1.778431e-005 3.983152e-003
258 6.500551e-005 3.764194e-002
259 1.850099e-006 1.360898e-003
260 5.373495e-006 8.342096e-003
261 3.297286e-005 4.614787e-003
262 2.217096e-006 1.515309e-003
263 2.161195e-005 2.024166e-003
264 5.630394e-005 2.596241e-002
265 1.362005e-004 6.155737e-002
266 4.414050e-005 9.636487e-003
267 4.630438e-005 1.803535e-002
268 1.482834e-005 5.106374e-003
269 3.186983e-004 3.881093e-002
270 2.335833e-006 3.455586e-003
271 1.645506e-005 1.293955e-002
272 7.508381e-005 6.005796e-003
273 3.617590e-004 8.317606e-002
274 3.858506e-007 1.865735e-003
275 7.938719e-005 2.697802e-002
276 7.132451e-005 1.494532e-002
277 8.488492e-007 3.953282e-003
278 4.627152e-004 2.518638e-002
279 9.802572e-006 3.773999e-003
280 3.171916e-005 2.162880e-002
281 1.728888e-004 2.780256e-002
282 1.576199e-006 1.820804e-003
283 4.104097e-006 6.061043e-003
284 2.341587e-006 4.632072e-003
285 6.706173e-005 7.329025e-003
286 1.890808e-005 5.576111e-003
287 7.977644e-006 4.820765e-003
288 2.525020e-006 2.027519e-003
289 1.455192e-003 8.467120e-002
290 3.529417e-007 1.415978e-003
291 4.002461e-005 1.480259e-002
292 3.679533e-003 1.204980e-001
293 5.062947e-006 4.908266e-003
294 1.473529e-005 3.865738e-003
295 1.483401e-005 1.717646e-002
296 3.388127e-004 8.457572e-002
297 4.506370e-005 1.500744e-002
298 3.972374e-006 4.987804e-003
299 6.945273e-006 3.455603e-003
300 1.536459e-005 1.362217e-002
301 2.021018e-003 8.505625e-002
302 1.753634e-005 2.994679e-003
303 1.998704e-005 1.897798e-002
304 2.248295e-004 1.505225e-002
305 7.741774e-005 5.634773e-003
306 3.899353e-005 3.333200e-003
307 6.470808e-004 3.619184e-002
308 8.674727e-006 1.053328e-002
309 2.513772e-004 5.333905e-002
310 6.030423e-005 9.331769e-003
311 5.207070e-005 6.348940e-003
312 7.120044e-006 3.100580e-003
313 4.190104e-003 1.687108e-001
314 1.489050e-005 2.237096e-003
315 1.991583e-006 4.674944e-003
316 7.615164e-004 4.700362e-002
317 1.088925e-003 8.432321e-002
318 8.261591e-004 6.146771e-002
319 1.499640e-004 3.779553e-002
320 4.384477e-005 2.279314e-002
321 1.062770e-003 1.394719e-001
322 2.147161e-006 6.822028e-003
323 1.493784e-004 1.639802e-002
324 2.489084e-006 5.180206e-003
325 1.527504e-005 4.364894e-003
326 3.294842e-004 3.298252e-002
327 3.228180e-003 2.557980e-001
328 7.904882e-004 7.184873e-002
329 6.297422e-004 4.829808e-002
330 3.779393e-005 6.570810e-003
331 4.216762e-005 2.111127e-002
332 1.815302e-003 1.137323e-001
333 1.047041e-004 1.367213e-002
334 6.831962e-005 3.826587e-002
335 1.551578e-006 2.138898e-003
336 6.915704e-005 5.394637e-003
337 1.056104e-004 7.116898e-003
338 2.765289e-004 1.378629e-002
339 1.618052e-003 6.461594e-002
340 6.234903e-005 1.165245e-002
341 4.118726e-005 8.149731e-003
342 2.564521e-005 3.676981e-003
343 1.551213e-004 2.956870e-002
344 5.301031e-005 4.923996e-003
345 1.126193e-003 7.348896e-002
346 1.426600e-003 6.453889e-002
347 3.550635e-006 3.850962e-003
348 1.110140e-004 1.717419e-002
349 6.632836e-005 5.613350e-003
350 7.262380e-006 2.625849e-003
351 3.691745e-003 2.881793e-001
352 1.631759e-003 1.017496e-001
353 6.953606e-007 1.229819e-003
354 7.012536e-004 5.432051e-002
355 7.618097e-005 1.903392e-002
356 1.790491e-004 2.062945e-002
357 1.638042e-004 4.320729e-002
358 1.359510e-005 2.933735e-003
359 9.214334e-005 9.214524e-003
360 1.888282e-004 1.049311e-002
361 3.960260e-004 5.626976e-002
362 1.639907e-004 2.513592e-002
363 2.994102e-005 1.838656e-002
364 2.796209e-004 4.249924e-002
365 2.389066e-004 2.739649e-002
366 1.962290e-004 1.225818e-002
367 5.730681e-005 1.497968e-002
368 2.268138e-005 9.833676e-003
369 3.047658e-005 7.963310e-003
370 1.212865e-004 1.331729e-002
371 3.955180e-004 5.585863e-002
372 1.307306e-005 3.502004e-002
373 1.531070e-004 2.643106e-002
374 6.990781e-006 6.197755e-003
375 2.027834e-006 1.305830e-003
376 6.327584e-006 3.068722e-003
377 9.880166e-004 6.619868e-002
378 6.169387e-005 7.568189e-003
379 8.901029e-006 2.056229e-003
380 5.601552e-005 1.398075e-002
381 2.017742e-003 8.288449e-002
382 3.900763e-005 6.746697e-003
383 8.391509e-004 7.845679e-002
384 8.742350e-005 8.751668e-003
385 1.125414e-003 1.448400e-001
386 6.088922e-005 5.508146e-003
387 8.745496e-005 1.627738e-002
388 1.433274e-005 3.555778e-003
389 3.403490e-005 8.487243e-003
390 1.069937e-006 4.406441e-003
391 2.582672e-005 7.286264e-003
392 9.908140e-005 2.164692e-002
393 3.647463e-006 2.578891e-003
394 2.905507e-003 2.146395e-001
395 3.146302e-006 1.517898e-003
396 1.833473e-004 2.323441e-002
397 3.258813e-005 1.777719e-002
398 8.524851e-006 2.454331e-003
399 1.461785e-005 6.974632e-003
400 6.955814e-003 4.704663e-001
401 1.530189e-004 1.164878e-002
402 2.216531e-003 1.518750e-001
403 1.434935e-004 2.019207e-002
404 5.140503e-005 1.902206e-002
405 2.229714e-005 3.575390e-003
406 3.780903e-003 1.191973e-001
407 3.074860e-004 6.051932e-002
408 1.545236e-003 1.481680e-001
409 5.336782e-004 4.272909e-002
410 1.836659e-005 1.298977e-002
411 5.326304e-005 8.864804e-003
412 2.244637e-005 1.044166e-002
413 7.546462e-004 1.136650e-001
414 5.826123e-005 6.429322e-003
415 2.523603e-006 1.827577e-003
416 5.180585e-004 7.413765e-002
417 5.795098e-006 2.028029e-003
418 6.849346e-004 1.785489e-002
419 2.603752e-003 2.457141e-001
420 1.386974e-005 6.550484e-003
421 9.257554e-005 7.305843e-003
422 1.327713e-004 2.021558e-002
423 3.239679e-005 4.401873e-003
424 1.058524e-004 1.732761e-002
425 2.283079e-005 7.812954e-003
426 2.580035e-005 2.770983e-003
427 5.597985e-004 9.304525e-002
428 1.375220e-004 1.090971e-002
429 2.989950e-004 5.573303e-002
430 3.329695e-006 1.466423e-003
431 4.554007e-006 4.058425e-003
432 2.094572e-004 6.115702e-002
433 1.088344e-006 1.219321e-003
434 6.546677e-006 4.267543e-003
435 7.673812e-006 4.971214e-003
436 2.145512e-006 2.257460e-003
437 1.948240e-004 5.997909e-002
438 7.336476e-006 5.500059e-003
439 3.567377e-006 4.081018e-003
440 3.727791e-006 4.070148e-003
441 1.652829e-004 3.029539e-002
442 1.140048e-005 5.524890e-003
443 8.190901e-006 4.112088e-003
444 2.961832e-004 2.849246e-002
445 2.645928e-004 5.982766e-002
446 2.694701e-005 1.352187e-002
447 2.889577e-006 2.353337e-003
448 6.031650e-006 2.227891e-003
449 3.815029e-006 2.220804e-003
450 5.441636e-006 3.157573e-003
451 1.208893e-006 1.217611e-003
452 6.380717e-005 5.066661e-003
453 2.196821e-005 3.041156e-003
454 2.984169e-005 2.558210e-002
455 1.588558e-004 3.855202e-002
456 7.732844e-006 5.049553e-003
457 1.117693e-004 1.415044e-002
458 8.740658e-005 1.212778e-002
459 2.399130e-004 1.318667e-002
460 3.215497e-006 3.264719e-003
461 6.774219e-005 2.651477e-002
462 1.031322e-003 4.488394e-002
463 5.079509e-005 5.357891e-002
464 3.263655e-005 3.732616e-003
465 1.729523e-006 1.730894e-003
466 2.672744e-006 2.677379e-003
467 4.047579e-004 4.016950e-002
468 3.194744e-006 5.837597e-003
469 2.372740e-004 2.954823e-002
470 4.493436e-005 1.185826e-002
471 7.909607e-005 1.210120e-002
472 8.031974e-006 3.236651e-003
473 2.818734e-005 7.900889e-003
474 8.282266e-006 3.847417e-003
475 1.223898e-004 1.462370e-002
476 1.174283e-006 2.200750e-003
477 3.505309e-005 1.998736e-002
478 5.842619e-007 3.564942e-003
479 2.695075e-006 1.790126e-003
480 1.456404e-005 8.745384e-003
481 1.251002e-005 7.623777e-003
482 1.101934e-003 5.738539e-002
483 4.508924e-007 1.177593e-003
484 2.549486e-006 1.804872e-003
485 4.100251e-004 5.320245e-002
486 8.490114e-006 4.226022e-003
487 6.327421e-004 4.159578e-002
488 2.185859e-005 3.705844e-003
489 6.827803e-005 7.184313e-003
490 1.517024e-004 2.873969e-002
491 4.370049e-005 8.478291e-003
492 1.809750e-005 3.334653e-003
493 6.228705e-006 1.996320e-003
494 8.220790e-005 2.174436e-002
495 2.731912e-004 3.747284e-002
496 1.734850e-003 9.273811e-002
497 1.970631e-004 9.401495e-002
498 2.141937e-004 2.868537e-002
499 4.172615e-005 5.400879e-003
500 1.829904e-005 9.287765e-003
501 1.761269e-003 1.023921e-001
502 8.155304e-005 1.178115e-002
503 2.035360e-004 2.082219e-002
504 1.264864e-003 9.226133e-002
505 1.513830e-005 4.723524e-003
506 4.785560e-005 9.766918e-003
507 2.381040e-005 8.194490e-003
508 1.441546e-004 7.051514e-003
509 2.276975e-003 1.808698e-001
510 1.563923e-005 9.075595e-003
511 9.846526e-006 4.306295e-003
512 3.488913e-006 1.855324e-003
513 7.636736e-005 2.165211e-002
514 4.578434e-005 1.704173e-002
515 3.580149e-004 3.839574e-002
516 2.698233e-004 3.943117e-002
517 1.977467e-005 5.004507e-003
518 2.085019e-005 3.914634e-003
519 4.822946e-005 8.246645e-003
520 1.213893e-007 1.486486e-003
521 2.279593e-004 1.997591e-002
522 2.122034e-006 2.868977e-003
523 4.300951e-006 7.176049e-003
524 8.031072e-004 2.145526e-002
525 2.305357e-004 2.654171e-002
526 4.342433e-005 1.353676e-002
527 1.268891e-003 5.287576e-002
528 1.222070e-005 7.689112e-003
529 3.826842e-004 2.901223e-002
530 6.759330e-005 8.017453e-003
531 6.038428e-008 1.571495e-003
532 3.402398e-005 8.700178e-003
533 2.762412e-006 2.458649e-003
534 6.354771e-004 5.098943e-002
535 8.097092e-004 9.252154e-002
536 3.449156e-005 2.844971e-002
537 9.219671e-004 1.143848e-001
538 8.636382e-004 7.098586e-002
539 1.073595e-004 4.048846e-002
540 4.662583e-005 2.523332e-002
541 1.705309e-003 8.429151e-002
542 2.002924e-005 8.719483e-003
543 5.854361e-006 1.975424e-003
544 2.448532e-004 1.836358e-002
545 1.524006e-005 8.751768e-003
546 4.195479e-005 1.124904e-002
547 1.853363e-004 3.265208e-002
548 4.319875e-006 1.033626e-002
549 6.872765e-005 2.630669e-002
550 4.403349e-006 5.773694e-003
551 1.077679e-005 5.213957e-003
552 4.474747e-006 2.478632e-003
553 4.532660e-005 5.449134e-003
554 1.344325e-006 2.983702e-003
555 2.819693e-004 4.935191e-002
556 1.711214e-005 5.369691e-003
557 3.215995e-004 3.158541e-002
558 2.668276e-005 7.266900e-003
559 1.870504e-004 1.704530e-002
560 5.241284e-006 3.082086e-003
561 5.164082e-005 3.025079e-002
562 2.838208e-006 1.438768e-003
563 5.996168e-003 3.929978e-001
564 3.620494e-003 3.126044e-001
565 6.418627e-006 2.484252e-003
566 8.199087e-005 1.062525e-002
567 1.913563e-004 2.593685e-002
568 8.104569e-004 5.039546e-002
569 7.235561e-005 5.616461e-003
570 2.328985e-004 3.242213e-002
571 8.058695e-005 1.415913e-002
572 1.128238e-004 2.681920e-002
573 4.544260e-004 3.443415e-002
574 2.392035e-005 3.431767e-003
575 3.603924e-006 3.711748e-003
576 4.278085e-005 7.075879e-003
577 9.538208e-007 2.654584e-003
578 1.163697e-005 3.415780e-003
579 4.063639e-005 7.954512e-003
580 3.605682e-006 5.652143e-003
581 6.411578e-004 2.795608e-002
582 5.841278e-005 1.262547e-002
583 7.887802e-004 1.117140e-001
584 1.133754e-004 2.110840e-002
585 9.148863e-005 2.812238e-002
586 1.669263e-004 2.273410e-002
587 4.454507e-005 7.291604e-003
588 5.898361e-005 4.904821e-002
589 5.785092e-005 6.684193e-003
590 2.038513e-005 1.050013e-002
591 9.163895e-005 2.089712e-002
592 1.954949e-003 1.466497e-001
593 3.295164e-005 7.725402e-003
594 2.482536e-004 5.778677e-002
595 1.755178e-005 4.216876e-003
596 1.261773e-006 1.304163e-003
597 5.781806e-006 1.831084e-003
598 1.680869e-004 1.488896e-002
599 1.506251e-004 9.933221e-003
600 1.525890e-005 2.981144e-003
601 8.794971e-006 3.569590e-003
602 1.380129e-004 9.968577e-003
603 6.740269e-005 1.603340e-002
604 1.042390e-006 1.963712e-003
605 8.979099e-005 1.853063e-002
606 3.547559e-005 1.050508e-002
607 6.590456e-006 4.703840e-003
608 1.392231e-004 6.714004e-003
609 2.176171e-005 1.002622e-002
610 2.285516e-005 7.879191e-003
611 5.162719e-007 2.339046e-003
612 1.535531e-004 2.805808e-002
613 4.817282e-006 5.101286e-003
614 1.165460e-005 4.814345e-003
615 3.837585e-006 5.795645e-003
616 3.944693e-005 6.402087e-003
617 1.933325e-005 1.153309e-002
618 1.667172e-005 7.826527e-003
619 4.868541e-005 4.520510e-003
620 3.960102e-006 3.677629e-003
621 1.160714e-005 2.777629e-003
622 1.006635e-003 3.360272e-002
623 1.030500e-004 7.327414e-003
624 3.078621e-005 3.152257e-003
625 2.005132e-005 8.933654e-003
626 2.493632e-005 5.158879e-003
627 5.530777e-006 3.230797e-003
628 1.476135e-004 7.631516e-003
629 3.089262e-006 1.518484e-003
630 4.089831e-005 4.701371e-003
631 3.427977e-005 6.600820e-003
632 2.811461e-006 1.193023e-003
633 5.840106e-003 1.206717e-001
634 2.331663e-004 1.228411e-002
635 6.027071e-006 8.124361e-003
636 7.785626e-005 1.939389e-002
637 3.075333e-005 1.020893e-002
638 1.051868e-006 2.024261e-003
639 5.269209e-007 1.523064e-003
640 1.198177e-006 2.323856e-003
641 1.136111e-006 1.443937e-003
642 6.451324e-006 4.741409e-003
643 9.927347e-005 5.892784e-002
644 2.676934e-004 2.602130e-002
645 2.015499e-004 1.894634e-002
646 3.424506e-005 1.282960e-002
647 1.627331e-005 4.263587e-003
648 2.132679e-004 1.803905e-002
649 5.458529e-004 9.819804e-002
650 2.092205e-005 3.385928e-003
651 6.002154e-006 8.034587e-003
652 1.318150e-004 2.454010e-002
653 2.642459e-006 4.666691e-003
654 3.032716e-005 3.245725e-003
655 3.114622e-005 6.670943e-003
656 4.247334e-006 2.574532e-003
657 6.244138e-005 1.005519e-002
658 1.217199e-004 1.394924e-002
659 1.105646e-004 7.263243e-003
660 1.196671e-003 4.022472e-002
661 1.331342e-005 5.003335e-003
662 2.306817e-005 2.142414e-002
663 3.137048e-003 1.543937e-001
664 1.592245e-004 1.994616e-002
665 1.039941e-005 8.331683e-003
666 2.643727e-005 7.752510e-003
667 3.959174e-005 2.554356e-003
668 4.400505e-004 2.042210e-002
669 1.552612e-004 3.391974e-002
670 2.433539e-005 8.617256e-003
671 1.409135e-004 1.510500e-002
672 3.089102e-005 2.065669e-002
673 3.878725e-005 7.588262e-003
674 3.450195e-006 1.747960e-003
675 1.266673e-003 8.001316e-002
676 7.139350e-005 3.066363e-003
677 1.801918e-007 1.334203e-003
678 1.435132e-005 4.306921e-003
679 2.216667e-004 6.193155e-002
680 7.515031e-005 1.652219e-002
681 3.153921e-004 1.216816e-002
682 1.458345e-005 5.155720e-003
683 6.399401e-005 2.514047e-002
684 2.276046e-005 1.340883e-002
685 3.992308e-007 2.142364e-003
686 7.236766e-005 1.467574e-002
687 1.192815e-003 1.982680e-001
688 6.596939e-005 1.659809e-002
689 1.063924e-005 9.429201e-003
690 1.698361e-006 1.903068e-003
691 1.410468e-004 1.860989e-002
692 4.764276e-006 2.583658e-003
693 7.886060e-005 1.502374e-002
694 2.175159e-004 2.695426e-002
695 1.378313e-003 3.621982e-002
696 2.092031e-003 1.645901e-001
697 2.267440e-006 6.788520e-003
698 8.753117e-005 1.019111e-001
699 5.231743e-007 1.485566e-003
700 7.346415e-005 3.457439e-002
701 7.154851e-005 9.796034e-003
702 4.268722e-007 1.208926e-003
703 2.025018e-005 3.435536e-003
704 1.822447e-006 1.295768e-003
705 1.909624e-004 1.506954e-002
706 2.203609e-006 1.562961e-003
707 1.789084e-004 1.493770e-002
708 3.012705e-006 4.954470e-003
709 5.579075e-006 2.866671e-003
710 2.276626e-005 5.088618e-003
711 7.176589e-007 1.188099e-003
712 7.736054e-006 4.133432e-003
713 5.778193e-005 4.946959e-003
714 1.256601e-006 2.428243e-003
715 4.923969e-005 7.943313e-003
716 9.939341e-006 7.124331e-003
717 2.919518e-005 3.880312e-003
718 3.847833e-007 2.636186e-003
719 2.151527e-003 8.015899e-002
720 1.383494e-007 1.185127e-003
721 9.235985e-006 1.822492e-003
722 6.227485e-007 2.716207e-003
723 6.958628e-005 1.401632e-002
724 2.556670e-005 2.715665e-003
725 2.424033e-006 1.426335e-003
726 3.060205e-005 1.613570e-002
727 3.386153e-006 4.299881e-003
728 4.128323e-005 4.663846e-003
729 8.509913e-006 6.789632e-003
730 1.327287e-005 2.160862e-003
731 1.945788e-004 4.198451e-002
732 7.026335e-007 1.356557e-003
733 7.470794e-008 9.144080e-004
734 3.184879e-006 2.722602e-003
735 2.976257e-006 3.170678e-003
736 2.170155e-005 5.578945e-003
737 4.953161e-007 1.350537e-003
738 4.913186e-004 3.519934e-002
739 1.648018e-005 3.134888e-003
740 7.617614e-005 1.013790e-002
741 1.970020e-005 7.357574e-003
742 8.559521e-005 8.315865e-003
743 2.385493e-003 1.096358e-001
744 6.791679e-006 2.538307e-003
745 3.026390e-006 2.393511e-003
746 5.058319e-005 7.954222e-003
747 2.876404e-005 5.309155e-003
748 2.049182e-004 2.388057e-002
749 1.568811e-003 1.054874e-001
750 5.966532e-005 3.684604e-003
751 5.404330e-005 8.057249e-003
752 3.818786e-006 1.856103e-003
753 4.825507e-006 2.840136e-003
754 4.634897e-004 4.904080e-002
755 1.048465e-004 7.395582e-003
756 7.595242e-005 7.401332e-003
757 2.032325e-006 1.459843e-003
758 3.378703e-005 8.421274e-003
759 9.026228e-005 4.837278e-003
760 5.777106e-006 2.038547e-003
761 3.955063e-005 6.543428e-003
762 4.655710e-005 9.171290e-003
763 7.420234e-007 1.945038e-003
764 1.351176e-005 9.047917e-003
765 1.989734e-006 1.040746e-002
766 2.732762e-005 4.826381e-003
767 4.281889e-006 5.142460e-003
768 2.739140e-005 6.723948e-003
769 8.233242e-006 6.408720e-003
770 1.188006e-004 2.259796e-002
771 8.313973e-006 3.137463e-003
772 6.210244e-007 1.535695e-003
773 5.274932e-005 1.476045e-002
774 5.618209e-006 1.759081e-003
775 1.346295e-003 2.242848e-002
776 3.152351e-004 1.620490e-002
777 9.250272e-005 7.477505e-003
778 3.785950e-005 1.914047e-002
779 1.622048e-004 2.717680e-002
780 1.658116e-005 8.447060e-003
781 4.553493e-004 1.452496e-002
782 6.352550e-006 2.502001e-003
783 2.106693e-005 5.124050e-003
784 7.238741e-006 5.794180e-003
785 8.080840e-005 5.225235e-003
786 4.253510e-005 1.445254e-002
787 7.397772e-005 9.424101e-003
788 7.740289e-005 8.893295e-003
789 2.831070e-006 1.280124e-003
790 1.481539e-004 1.780955e-002
791 1.596544e-005 5.084590e-003
792 1.439315e-005 4.014810e-003
793 2.953007e-005 6.429163e-003
794 1.525254e-005 3.814066e-003
795 2.303893e-003 2.541208e-001
796 1.370214e-006 3.087008e-003
797 5.500949e-004 6.241484e-002
798 1.228533e-003 7.536447e-002
799 6.040923e-006 3.173183e-003
800 9.813742e-005 6.618761e-003
801 4.957512e-006 3.769417e-003
802 9.100830e-005 2.918446e-002
803 9.317021e-005 1.570768e-002
804 2.944650e-005 7.195299e-003
805 4.342053e-006 3.628512e-003
806 2.594981e-004 2.164619e-002
807 2.238196e-004 3.818255e-002
808 5.366341e-006 2.724724e-003
809 3.384819e-003 8.349663e-002
810 1.257161e-005 5.209518e-003
811 1.181977e-004 1.717363e-002
812 2.154987e-005 6.168558e-003
813 3.678252e-006 5.307854e-003
814 3.830632e-006 7.115870e-003
815 9.437733e-005 1.400379e-002
816 7.814662e-004 1.908073e-002
817 2.659142e-003 1.447374e-001
818 7.753892e-006 2.991273e-003
819 5.036127e-004 6.195125e-002
820 5.594852e-005 1.489277e-002
821 9.386961e-005 2.051488e-002
822 3.210860e-006 3.493543e-003
823 1.022079e-005 8.514934e-003
824 2.657672e-005 1.270351e-002
825 1.140882e-004 1.720667e-002
826 5.207677e-005 4.958329e-003
827 9.605714e-006 3.196754e-003
828 5.423039e-005 1.690346e-002
829 3.868145e-005 5.980761e-003
830 3.291193e-004 4.854779e-002
831 3.716177e-005 5.396862e-003
832 2.054693e-005 4.312053e-003
833 7.082808e-005 1.901359e-002
834 7.738860e-005 1.728272e-002
835 1.911260e-006 2.154881e-003
836 8.751692e-007 1.005804e-003
837 2.601976e-005 1.324483e-002
838 8.581789e-006 2.477284e-003
839 1.571648e-005 1.301288e-002
840 3.042749e-004 2.361032e-002
841 8.382435e-005 1.163894e-002
842 8.382227e-004 1.384855e-001
843 1.257720e-004 1.201040e-002
844 3.298165e-004 2.511467e-002
845 1.106830e-004 2.807520e-002
846 1.037126e-005 5.693011e-003
847 1.052341e-005 5.666292e-003
848 3.033121e-004 4.980575e-002
849 1.461596e-005 5.207718e-003
850 2.947760e-003 1.512840e-001
851 1.231643e-005 7.152515e-003
852 5.822312e-004 6.570774e-002
853 8.135458e-004 4.445103e-002
854 3.984176e-004 4.898012e-002
855 8.857113e-004 8.503712e-002
856 8.664165e-005 1.527173e-002
857 3.564418e-004 4.313232e-002
858 9.245970e-005 1.489128e-002
859 1.557585e-006 3.813655e-003
860 2.715112e-004 2.650608e-002
861 9.823679e-007 1.611827e-003
862 8.294261e-006 1.521963e-002
863 1.066713e-004 1.029340e-002
864 5.923718e-006 6.461759e-003
865 1.662610e-004 2.972482e-002
866 3.620341e-004 6.008658e-002
867 1.066576e-003 1.202996e-001
868 3.025944e-005 5.516035e-003
869 2.263228e-005 3.047329e-002
870 1.435341e-005 3.445760e-002
871 6.779987e-005 1.898198e-002
872 3.611294e-004 1.105157e-001
873 3.038231e-004 5.350164e-002
874 7.105182e-004 4.655819e-002
875 4.181593e-005 4.041789e-003
876 3.380062e-008 1.061663e-003
877 6.676846e-006 8.961914e-003
878 9.892595e-004 9.936627e-002
879 3.852632e-004 2.815311e-002
880 5.385713e-005 8.026805e-003
881 2.028175e-006 2.258405e-003
882 1.488410e-004 3.778733e-002
883 2.296217e-003 9.816429e-002
884 2.763778e-004 4.167197e-002
885 1.920575e-004 2.841699e-002
886 1.157005e-005 7.648195e-003
887 4.284117e-005 1.079472e-002
888 2.677302e-005 1.096865e-002
889 7.460979e-005 2.019886e-002
890 3.494828e-005 2.060695e-002
891 1.940778e-004 1.087933e-001
892 7.807299e-007 2.796053e-003
893 5.491434e-005 2.647095e-002
894 8.597455e-006 5.536813e-003
895 5.215591e-004 2.244679e-002
896 8.035250e-005 5.191839e-002
897 2.537321e-004 3.465456e-002
898 4.801893e-005 5.473288e-003
899 1.881499e-005 1.266586e-002
900 8.169720e-005 1.183111e-002
901 4.909921e-004 2.820601e-002
902 9.871774e-007 1.948441e-003
903 1.464472e-004 2.030876e-002
904 3.555626e-006 2.084279e-002
905 2.007795e-005 6.274585e-003
906 1.298865e-005 7.378281e-003
907 5.442011e-006 1.900032e-003
908 9.709397e-006 8.739810e-003
909 1.917169e-004 1.567506e-002
910 2.310012e-004 9.834900e-003
911 1.483512e-004 1.939914e-002
912 9.315745e-006 9.323666e-003
913 3.426918e-006 3.215386e-003
914 2.488489e-006 7.329314e-003
915 3.485136e-004 1.710478e-002
916 9.864611e-007 2.782451e-003
917 5.268652e-007 2.363264e-003
918 1.343951e-006 2.587867e-003
919 2.267338e-004 9.194496e-002
920 3.198607e-006 6.420885e-003
921 1.699519e-005 2.839350e-003
922 1.174334e-004 1.414899e-002
923 2.633279e-006 5.094264e-003
924 6.964319e-004 6.099506e-002
925 3.920981e-004 3.230328e-002
926 2.349860e-004 2.612422e-002
927 8.681243e-004 5.545511e-002
928 4.884518e-005 3.751496e-002
929 1.582904e-004 2.536931e-002
930 5.837471e-005 2.610119e-002
931 2.744443e-005 1.088843e-002
932 4.160876e-004 1.901468e-002
933 3.292393e-006 2.902896e-003
934 2.131539e-005 4.852138e-003
935 3.295337e-006 3.398755e-003
936 7.160380e-005 1.568628e-002
937 8.787557e-006 5.688478e-003
938 6.402317e-006 2.178086e-003
939 5.803815e-005 7.200021e-003
940 6.723545e-004 6.889682e-002
941 1.152565e-005 2.821608e-003
942 1.004074e-003 6.819196e-002
943 2.688011e-005 1.637518e-002
944 6.257425e-007 1.961269e-003
945 1.468375e-004 9.040090e-003
946 3.045606e-006 2.106987e-003
947 5.269108e-005 1.513214e-002
948 2.240000e-007 1.478677e-003
949 4.237357e-005 1.419325e-002
950 4.746419e-004 5.144971e-002
951 9.665199e-005 2.811096e-002
952 1.452435e-004 2.758467e-002
953 2.718310e-007 2.410467e-003
954 1.680945e-004 2.602337e-002
955 5.824419e-006 3.395139e-003
956 2.322342e-004 8.711731e-003
957 1.063725e-004 1.409526e-002
958 5.814402e-005 9.523767e-003
959 7.026301e-005 1.494331e-002
960 7.756214e-007 2.391702e-003
961 1.050838e-005 8.989397e-003
962 2.473462e-006 1.039950e-002
963 1.341595e-006 3.372340e-003
964 3.847080e-006 1.682023e-003
965 2.020879e-004 8.383622e-003
966 2.789798e-005 4.367832e-003
967 7.357367e-005 6.179695e-003
968 5.234048e-004 9.734449e-003
969 1.124300e-003 2.688000e-002
970 1.946808e-004 9.192082e-003
971 3.754398e-005 5.948756e-003
972 3.584333e-004 2.505687e-002
973 5.222178e-005 5.803182e-003
974 3.436504e-005 3.715216e-003
975 8.945514e-004 2.792767e-002
976 2.745877e-003 5.671625e-002
977 1.544757e-004 5.179858e-003
978 3.275116e-004 1.614661e-002
979 2.794048e-005 2.423397e-003
980 3.539667e-004 1.411038e-002
981 1.720920e-005 9.186126e-003
982 1.573213e-006 1.273571e-003
983 4.548133e-006 3.438387e-003
984 8.458527e-005 1.487131e-002
985 4.328787e-005 4.768126e-002
986 1.157137e-003 1.171695e-001
987 5.630776e-006 5.860823e-003
988 1.067066e-006 1.949612e-003
989 5.407215e-005 9.319477e-003
990 2.741159e-006 1.952404e-003
991 1.496734e-003 1.472769e-001
992 2.657916e-005 4.484836e-003
993 3.130618e-006 8.112664e-003
994 7.670818e-008 1.340869e-003
995 1.983536e-005 1.398761e-002
996 2.212028e-003 1.268071e-001
997 1.951851e-005 6.048639e-003
998 1.168973e-005 2.860789e-003
999 6.385577e-005 1.208057e-002
1000 1.170471e-007 1.340995e-003
1001 1.300464e-005 8.335581e-003
1002 5.808545e-004 4.674468e-002
1003 3.179706e-005 7.968659e-003
1004 9.332343e-005 2.898334e-002
1005 5.406168e-006 1.729071e-003
1006 1.533654e-003 8.199597e-002
1007 5.028716e-006 2.760473e-003
1008 2.932456e-005 4.950259e-003
1009 1.556961e-006 1.825661e-003
1010 4.515178e-005 8.495122e-003
1011 2.419208e-005 1.645594e-002
1012 1.584295e-003 1.015402e-001
1013 5.298777e-005 9.167753e-003
1014 6.307560e-005 5.734174e-003
1015 4.000987e-005 2.453200e-002
1016 6.484778e-005 5.990700e-003
1017 5.127442e-004 1.832149e-002
1018 4.237806e-004 5.821830e-002
1019 2.702910e-006 1.893185e-003
1020 4.668329e-006 1.080646e-002
1021 4.329051e-005 1.225800e-002
1022 7.301979e-007 1.400960e-003
1023 6.745021e-005 1.481369e-002
1024 3.494132e-005 7.816313e-003
1025 3.130034e-007 1.509443e-003
1026 3.996085e-007 1.929543e-003
1027 1.807678e-005 6.929096e-003
1028 8.534840e-005 7.658559e-002
1029 1.205888e-005 3.612542e-003
1030 1.532938e-005 2.715576e-003
1031 2.320936e-005 7.696621e-003
1032 7.287728e-004 1.121317e-001
1033 2.146556e-006 1.511424e-003
1034 3.257175e-005 1.201856e-002
1035 1.336756e-005 1.078509e-002
1036 3.319517e-004 3.292144e-002
1037 3.983511e-007 2.997752e-003
1038 9.837913e-006 2.770247e-003
1039 4.019310e-005 5.555689e-003
1040 4.551348e-006 2.860769e-003
1041 4.189446e-004 5.129892e-002
1042 5.446511e-005 5.225543e-003
1043 4.279875e-007 1.224731e-003
1044 7.032819e-006 2.681961e-003
1045 3.356617e-006 2.291248e-003
1046 1.223751e-007 1.275083e-003
1047 1.208523e-006 1.251946e-003
1048 8.939125e-006 4.312502e-003
1049 4.240830e-007 1.139385e-003
1050 1.740273e-003 1.927717e-001
1051 1.301616e-004 2.948312e-002
1052 8.053370e-006 2.033411e-003
1053 1.240885e-005 5.472964e-003
1054 2.468083e-006 1.797758e-003
1055 4.182131e-007 1.140217e-003
1056 5.736954e-005 7.564383e-003
1057 4.633477e-005 8.418225e-003
1058 1.443534e-006 1.467309e-003
1059 1.224952e-004 1.926674e-002
1060 2.030309e-006 1.397397e-003
1061 8.264734e-006 1.976534e-003
1062 4.189884e-007 1.134019e-003
1063 3.764248e-005 2.232103e-002
1064 2.756314e-004 2.526771e-002
1065 4.272167e-007 1.796478e-003
1066 1.048862e-006 1.154237e-003
1067 3.302761e-005 1.092468e-002
1068 2.451186e-006 1.605706e-003
1069 7.330301e-006 2.344035e-003
1070 1.188603e-006 1.167183e-003
1071 3.484449e-006 1.532202e-003
1072 2.541813e-006 2.415066e-003
1073 9.710312e-007 1.291673e-003
1074 1.081026e-006 1.847514e-003
1075 3.239876e-006 3.495915e-003
1076 2.683707e-005 3.222185e-003
1077 3.333635e-005 4.163100e-003
1078 5.726829e-005 9.884710e-003
1079 1.323040e-005 3.931136e-003
1080 2.300665e-004 2.836825e-002
1081 2.073782e-004 3.100580e-002
1082 4.477176e-006 2.928628e-003
1083 4.913136e-005 2.919258e-003
1084 1.088006e-006 1.181503e-003
1085 2.939536e-006 1.543173e-003
1086 2.773249e-006 2.641106e-003
1087 1.241506e-006 1.314983e-003
1088 4.507634e-005 3.261814e-003
1089 4.840110e-007 1.251458e-003
1090 4.536615e-007 1.193883e-003
1091 3.117606e-006 1.493101e-003
1092 4.848868e-006 1.641288e-003
1093 8.994113e-005 1.500831e-002
1094 5.439566e-005 9.282316e-003
1095 2.097662e-005 2.295488e-003
1096 1.572540e-004 1.497836e-002
1097 3.033541e-004 3.710562e-002
1098 5.913465e-006 7.606855e-003
1099 8.204297e-006 3.490602e-003
1100 3.977906e-007 1.111056e-003
1101 7.104404e-005 2.251401e-002
1102 2.329990e-005 1.063904e-002
1103 1.256808e-005 3.328067e-003
1104 1.162657e-004 2.024687e-002
1105 1.179107e-006 2.067677e-003
1106 5.508834e-004 3.084093e-002
1107 3.151770e-006 2.497864e-003
1108 1.700186e-005 6.609780e-003
1109 5.080935e-007 1.805855e-003
1110 2.871585e-005 7.688251e-003
1111 6.374033e-006 1.947333e-003
1112 4.327155e-007 1.780995e-003
1113 3.788213e-005 1.236794e-002
1114 1.178523e-004 9.914895e-003
1115 1.898125e-003 4.201512e-002
1116 8.700271e-008 1.964960e-003
1117 4.347628e-003 6.495795e-002
1118 4.736143e-006 4.645912e-003
1119 8.381235e-005 2.306960e-002
1120 7.688479e-004 4.002838e-002
1121 3.067530e-005 4.558848e-003
1122 1.461871e-004 1.340100e-002
1123 6.563321e-006 3.165985e-003
1124 1.523853e-005 1.272984e-002
1125 1.030529e-005 3.399113e-003
1126 9.849012e-006 6.518618e-003
1127 4.304104e-006 4.219491e-003
1128 3.836528e-005 3.681531e-002
1129 1.092472e-005 4.120615e-003
1130 1.372312e-005 1.068024e-002
1131 5.801405e-004 3.928024e-002
1132 7.062336e-005 6.339499e-003
1133 2.049468e-006 2.004126e-003
1134 2.071471e-004 1.075788e-002
1135 6.846217e-005 6.330168e-003
1136 5.000052e-004 1.905570e-002
1137 1.689799e-004 1.826864e-002
1138 1.398275e-007 1.858897e-003
1139 1.393784e-005 5.081840e-003
1140 7.322572e-007 2.145634e-003
1141 3.887579e-006 4.349736e-003
1142 2.562865e-004 1.723280e-002
1143 5.149964e-004 5.206851e-002
1144 8.510888e-006 6.346126e-003
1145 5.235272e-005 2.053924e-002
1146 3.346917e-004 7.636804e-002
1147 4.756666e-004 3.149653e-002
1148 1.121075e-006 2.371145e-003
1149 1.453638e-004 2.527797e-002
1150 1.343061e-006 2.338166e-003
1151 2.205914e-004 1.193571e-002
1152 6.783037e-004 3.692984e-002
1153 2.564493e-006 5.081059e-003
1154 2.454881e-006 1.889866e-003
1155 3.890022e-004 6.193220e-002
1156 6.629882e-006 2.396768e-003
1157 1.391767e-004 1.628317e-002
1158 9.342505e-006 3.939708e-003
1159 1.446337e-007 1.500679e-003
1160 4.630279e-006 2.540757e-003
1161 9.903628e-005 1.655794e-002
1162 7.812292e-004 6.732135e-002
1163 8.086500e-005 4.385224e-003
1164 1.061137e-004 4.142539e-002
1165 1.731839e-003 1.708277e-001
1166 8.950388e-005 5.111531e-003
1167 1.024616e-003 7.525570e-002
1168 1.311612e-004 1.048259e-002
1169 4.653004e-006 7.663508e-003
1170 7.673947e-006 5.628167e-003
1171 1.294067e-005 9.169660e-003
1172 3.658819e-004 5.617695e-002
1173 9.458131e-008 1.098300e-003
1174 1.690952e-003 9.461318e-002
1175 1.564719e-004 1.333644e-002
1176 9.970987e-007 1.748463e-003
1177 2.134242e-004 2.601625e-002
1178 7.785469e-004 7.542944e-002
1179 6.125129e-005 1.239487e-002
1180 9.475642e-006 6.018526e-003
1181 8.058321e-006 1.435558e-003
1182 5.714637e-006 7.275064e-003
1183 8.817565e-004 3.074101e-002
1184 2.942044e-005 1.375757e-002
1185 9.517620e-006 1.016389e-002
1186 3.559793e-004 2.299924e-002
1187 2.297706e-004 5.075301e-003
1188 1.429515e-006 1.869651e-003
1189 1.449533e-005 2.384424e-003
1190 1.880307e-007 1.982594e-003
1191 4.586332e-006 2.193700e-003
1192 1.172110e-004 8.160651e-002
1193 8.317906e-007 3.155772e-003
1194 6.170940e-005 1.939427e-002
1195 4.802690e-004 3.822200e-002
1196 6.081831e-006 4.779010e-003
1197 8.096041e-006 3.130044e-003
1198 1.372811e-005 1.808669e-003
1199 5.173886e-004 3.077975e-002
1200 1.465328e-003 5.971918e-002
1201 1.601924e-007 1.121595e-003
1202 1.211602e-004 7.170597e-003
1203 1.175765e-004 2.763939e-002
1204 2.851187e-005 4.417515e-003
1205 6.346710e-008 1.939101e-003
1206 3.405876e-004 4.878485e-002
1207 1.737238e-005 3.537736e-003
1208 1.279042e-005 3.565457e-003
1209 1.937822e-004 3.275298e-002
1210 4.343139e-004 1.205195e-002
1211 1.447832e-004 1.433308e-002
1212 2.729718e-005 3.011610e-003
1213 5.717714e-006 4.785416e-003
1214 6.184050e-005 3.652505e-003
1215 7.430875e-006 2.315879e-003
1216 7.967452e-007 2.180639e-003
1217 2.558421e-005 2.621100e-002
1218 1.905596e-005 4.829033e-003
1219 8.544981e-005 7.560693e-003
1220 5.269007e-005 1.811669e-002
1221 5.392542e-005 1.565189e-002
1222 1.468185e-005 2.147361e-002
1223 1.146523e-004 1.718478e-002
1224 1.224017e-005 8.177702e-003
1225 6.632150e-006 2.140264e-003
1226 3.147021e-006 1.452334e-003
1227 5.391026e-006 4.083492e-003
1228 7.068868e-005 7.620440e-003
1229 1.608904e-004 1.270504e-002
1230 2.281767e-005 6.762784e-003
1231 8.773199e-005 2.642404e-002
1232 6.115041e-006 5.461386e-003
1233 1.663041e-004 1.236423e-002
1234 3.435160e-006 7.551469e-003
1235 6.572148e-005 4.331206e-002
1236 3.825930e-006 4.493664e-003
1237 2.167317e-004 1.038089e-001
1238 3.932018e-005 1.108497e-002
1239 1.972535e-005 5.801246e-003
1240 5.090945e-006 3.071707e-003
1241 4.894097e-005 2.709964e-003
1242 1.832118e-003 1.234356e-001
1243 1.274971e-004 2.352665e-002
1244 4.895978e-006 3.127224e-003
1245 2.823050e-005 5.406457e-003
1246 2.023911e-006 1.985009e-003
1247 8.759856e-006 3.460202e-003
1248 3.678689e-004 2.801664e-002
1249 2.873555e-006 9.613230e-003
1250 4.089005e-006 6.059689e-003
1251 5.469494e-005 1.270461e-002
1252 1.031672e-005 4.493634e-003
1253 8.675971e-004 1.219913e-001
1254 1.122806e-005 5.155218e-003
1255 1.360851e-004 1.054690e-002
1256 1.005875e-005 2.239790e-003
1257 4.007204e-004 5.734140e-002
1258 2.100248e-005 4.269312e-003
1259 1.788423e-004 1.691816e-002
1260 2.152937e-003 1.054569e-001
1261 8.181006e-006 3.956825e-003
1262 1.079919e-004 1.074085e-002
1263 1.287604e-004 3.691987e-002
1264 1.168619e-004 2.635753e-002
1265 8.633838e-006 7.999456e-003
1266 1.434436e-004 2.981869e-002
1267 7.066182e-005 1.542917e-002
1268 3.550729e-006 8.846054e-003
1269 1.496377e-005 8.238731e-003
1270 1.336086e-003 1.314885e-001
1271 2.580661e-004 2.783617e-002
1272 2.770351e-007 1.254095e-003
1273 1.834130e-004 1.883326e-002
1274 2.614130e-005 1.624230e-002
1275 3.073255e-004 2.109127e-002
1276 6.258764e-004 3.026199e-002
1277 5.684594e-004 5.120569e-002
1278 1.021615e-003 5.529732e-002
1279 1.800748e-006 2.078880e-003
1280 7.848370e-004 6.152470e-002
1281 1.505682e-005 4.181542e-003
1282 4.247631e-004 1.279463e-002
1283 5.785792e-005 1.705528e-002
1284 2.756892e-005 3.567507e-003
1285 5.987377e-004 2.733637e-002
1286 1.538551e-006 3.153379e-003
1287 8.869305e-005 9.816295e-003
1288 8.636242e-005 1.198952e-002
1289 6.164117e-005 8.803516e-003
1290 5.287115e-005 2.334461e-002
1291 4.932922e-005 5.329288e-003
1292 6.316558e-004 1.404803e-001
1293 2.230018e-006 3.229239e-003
1294 1.559983e-005 4.868460e-003
1295 2.639444e-006 2.976008e-003
1296 2.465003e-005 1.208694e-002
1297 2.701853e-004 4.179833e-002
1298 7.540492e-006 9.289229e-003
1299 2.616935e-005 3.301078e-003
1300 6.837455e-006 2.597815e-003
1301 2.059287e-006 2.944536e-003
1302 2.501726e-004 2.879088e-002
1303 5.405860e-006 6.437017e-003
1304 1.876836e-005 5.796740e-003
1305 1.091728e-004 1.572867e-002
1306 2.686721e-005 4.407085e-003
1307 1.579371e-005 4.327512e-003
1308 3.425665e-006 2.404761e-003
1309 9.660848e-005 3.042265e-002
1310 1.997311e-006 1.428195e-003
1311 1.958781e-003 1.283836e-001
1312 2.950206e-004 6.104494e-002
1313 1.339693e-006 1.663438e-003
1314 2.697539e-005 5.043531e-003
1315 1.134642e-005 2.562455e-003
1316 9.684628e-006 1.969765e-003
1317 1.361597e-006 1.343267e-003
1318 4.062549e-005 2.823322e-002
1319 1.073820e-003 8.730638e-002
1320 4.617046e-006 3.481682e-003
1321 4.356411e-005 1.193016e-002
1322 2.810412e-007 1.130075e-003
1323 1.688980e-006 1.828943e-003
1324 7.593687e-004 1.921150e-002
1325 4.423600e-006 9.105500e-003
1326 7.052798e-006 4.290148e-003
1327 9.050617e-005 1.779393e-002
1328 6.360288e-006 2.373485e-003
1329 9.592095e-005 7.196568e-003
1330 1.380210e-005 7.030081e-003
1331 1.838957e-006 2.038177e-003
1332 1.279707e-006 1.399538e-003
1333 8.478176e-005 6.252159e-003
1334 4.089767e-005 7.913489e-003
1335 2.042954e-005 1.123848e-002
1336 9.436035e-006 3.249327e-003
1337 6.472789e-005 5.066135e-003
1338 6.188438e-005 4.289400e-003
1339 2.140701e-004 1.481423e-002
1340 4.494081e-005 5.573354e-003
1341 1.428979e-003 8.753766e-002
1342 9.339614e-006 2.168369e-003
1343 2.571065e-006 1.968489e-003
1344 3.411241e-006 3.154397e-003
1345 1.275027e-005 1.240833e-002
1346 1.068392e-004 8.069295e-003
1347 3.938998e-007 1.332268e-003
1348 2.209800e-005 6.812988e-003
1349 2.604703e-004 8.267729e-002
1350 3.396854e-005 7.535569e-003
1351 5.357258e-005 5.142995e-003
1352 2.140201e-005 7.526667e-003
1353 3.464535e-005 9.084110e-003
1354 7.772238e-006 4.547826e-003
1355 3.473198e-005 6.459301e-003
1356 3.601315e-004 1.446971e-002
1357 6.410718e-006 5.799266e-003
1358 2.211137e-005 4.138467e-003
1359 1.124984e-006 1.996147e-003
1360 8.594570e-006 3.796945e-003
1361 3.205656e-005 5.456560e-003
1362 1.532297e-004 1.022072e-002
1363 8.943743e-006 4.801408e-003
1364 2.784078e-004 2.492487e-002
1365 2.836458e-006 4.152762e-003
1366 2.379575e-006 3.820407e-003
1367 2.130305e-006 1.655986e-003
1368 1.450295e-004 3.025561e-002
1369 1.363140e-007 2.453161e-003
1370 1.024801e-006 1.565787e-003
1371 1.663603e-004 1.310628e-002
1372 3.285294e-006 3.906973e-003
1373 1.778894e-005 3.464970e-003
1374 5.836450e-006 3.252112e-003
1375 2.930641e-005 6.255105e-003
1376 5.533435e-003 2.863930e-001
1377 2.260284e-005 7.572348e-003
1378 7.937764e-007 1.351529e-003
1379 2.295596e-005 2.552290e-003
1380 1.633727e-003 8.847990e-002
1381 2.289793e-006 3.016673e-003
1382 8.476682e-007 1.195008e-003
1383 5.468856e-005 1.620784e-002
1384 7.367555e-006 4.249571e-003
1385 4.796844e-006 4.221375e-003
1386 1.209011e-005 4.728231e-003
1387 1.518165e-005 4.757365e-003
1388 2.946135e-005 3.391942e-003
1389 9.773149e-006 2.807959e-003
1390 1.679695e-005 2.471731e-003
1391 2.005897e-005 6.150460e-003
1392 5.518288e-006 1.770403e-003
1393 4.589227e-006 7.465819e-003
1394 8.261746e-006 5.894402e-003
1395 2.380164e-004 2.953487e-002
1396 7.317079e-005 1.921414e-002
1397 3.057218e-006 2.698851e-003
1398 5.616016e-005 1.546321e-002
1399 1.042444e-004 1.687778e-002
1400 6.294461e-006 4.117223e-003
1401 3.226232e-004 4.503513e-002
1402 5.002260e-005 3.584007e-003
1403 1.068232e-005 4.228232e-003
1404 2.460287e-006 2.049963e-003
1405 2.421464e-006 3.776189e-003
1406 2.283444e-005 8.944519e-003
1407 7.324216e-006 2.550949e-003
1408 2.040358e-003 1.093793e-001
1409 6.392511e-005 4.190222e-002
1410 3.284618e-005 9.944418e-003
1411 8.840162e-005 6.776899e-003
1412 4.140652e-006 4.214050e-003
1413 1.541235e-007 1.141174e-003
1414 2.670272e-006 2.349799e-003
1415 4.384107e-005 4.502357e-003
1416 2.107550e-006 2.900934e-003
1417 1.448170e-005 2.275164e-003
1418 6.964661e-006 4.297765e-003
1419 1.209447e-005 3.774175e-003
1420 6.739898e-005 9.777621e-003
1421 8.574737e-005 8.499447e-003
1422 3.095779e-004 1.422061e-002
1423 8.951063e-006 3.617081e-003
1424 2.227344e-005 4.853858e-003
1425 2.227344e-005 4.853858e-003
1426 2.227344e-005 4.853858e-003
1427 1.338556e-005 3.750916e-003
1428 1.735146e-005 5.375787e-003
1429 6.791169e-005 8.032121e-003
1430 9.680848e-004 4.006633e-002
1431 1.161282e-004 2.429576e-002
1432 3.025164e-005 1.627703e-002
1433 2.641123e-005 6.515888e-003
1434 6.631185e-006 2.742631e-003
1435 7.446329e-006 2.806782e-003
1436 1.339922e-005 3.667408e-003
1437 6.375711e-006 2.057972e-003
1438 2.470408e-005 7.267266e-003
1439 9.375558e-004 9.602389e-002
1440 2.871237e-006 2.656182e-003
1441 9.521510e-007 1.688074e-003
1442 1.070631e-005 4.753045e-003
1443 1.658774e-006 3.851150e-003
1444 1.258719e-005 3.662758e-003
1445 2.741654e-005 6.422667e-003
1446 2.935112e-005 3.165307e-003
1447 3.368759e-003 2.042212e-001
1448 2.742316e-006 1.911813e-003
1449 2.078895e-006 2.936540e-003
1450 7.574716e-005 8.768827e-003
1451 2.474771e-004 1.212792e-002
1452 1.814081e-004 3.227533e-002
1453 2.679098e-007 2.941951e-003
1454 7.749695e-006 3.204160e-003
1455 1.552461e-005 5.191018e-003
1456 3.433523e-006 1.587564e-003
1457 4.241102e-006 1.949057e-003
1458 4.029831e-006 2.202870e-003
1459 2.017266e-005 4.498259e-003
1460 4.250549e-005 1.166790e-002
1461 5.868454e-006 1.727943e-003
1462 3.737015e-006 1.581579e-003
1463 2.023489e-006 1.407233e-003
1464 2.886214e-006 1.959875e-003
1465 8.137887e-007 1.371448e-003
1466 8.024248e-005 1.694536e-002
1467 8.697327e-005 6.506809e-003
1468 1.836855e-005 5.975833e-003
1469 2.776731e-005 8.133273e-003
1470 6.694217e-007 3.676483e-003
1471 1.553614e-005 7.538902e-003
1472 1.218372e-005 5.890120e-003
1473 9.345346e-006 3.365869e-003
1474 3.155305e-005 1.579639e-002
1475 5.723194e-007 1.733159e-003
1476 6.833262e-005 1.553727e-002
1477 2.475704e-007 1.742730e-003
1478 3.986340e-005 1.220763e-002
1479 8.152418e-006 9.126520e-003
1480 1.729405e-004 3.858782e-002
1481 4.120964e-005 2.477160e-002
1482 1.694833e-005 1.049935e-002
1483 3.291436e-005 3.313412e-003
1484 2.533068e-004 4.509474e-002
1485 1.298974e-004 2.155080e-002
1486 7.529370e-004 3.749021e-002
1487 1.808141e-006 1.924947e-003
1488 1.493411e-004 1.680621e-002
1489 2.146455e-006 1.377059e-003
1490 5.876082e-006 3.041715e-003
1491 1.651607e-004 3.777755e-002
1492 5.686024e-006 6.498262e-003
1493 5.499799e-005 1.053781e-002
1494 1.329404e-006 2.851956e-003
1495 3.207850e-005 5.806668e-003
1496 6.336876e-006 3.826267e-003
1497 9.300285e-004 6.456157e-002
1498 2.208206e-006 4.915879e-003
1499 3.558570e-006 2.879486e-003
1500 1.491177e-005 3.993201e-003
1501 3.763528e-006 4.738597e-003
1502 3.949258e-004 3.151678e-002
1503 9.639729e-004 5.854534e-002
1504 6.200935e-005 9.412956e-003
1505 1.181551e-005 5.183912e-003
1506 3.628942e-005 4.327918e-003
1507 1.530460e-004 8.846987e-003
1508 2.358119e-004 5.762800e-002
1509 1.391854e-005 4.014840e-003
1510 2.637403e-005 6.669518e-003
1511 4.035714e-005 4.834024e-003
1512 1.213529e-005 6.481161e-003
1513 1.146247e-005 6.191027e-003
1514 5.018613e-006 6.006984e-003
1515 2.321224e-003 7.803332e-002
1516 1.688174e-005 1.017452e-002
1517 6.591242e-004 4.740513e-002
1518 1.261994e-005 4.834915e-003
1519 1.570875e-005 9.113430e-003
1520 3.967810e-007 1.709106e-003
1521 3.262174e-006 6.891242e-003
1522 2.546192e-004 1.358259e-002
1523 2.825611e-005 7.613198e-003
1524 8.866136e-005 1.385003e-002
1525 1.443446e-004 1.847697e-002
1526 1.827749e-005 1.125965e-002
1527 6.404662e-005 1.130029e-002
1528 8.268684e-005 8.639035e-003
1529 2.877870e-005 4.823887e-003
1530 3.478106e-005 1.349010e-002
1531 5.912369e-005 8.667527e-003
1532 1.791063e-005 4.429034e-003
1533 2.281296e-005 5.707663e-003
1534 1.421723e-005 7.025548e-003
1535 3.382180e-006 1.498850e-003
1536 2.832859e-006 2.499190e-003
1537 6.043814e-006 3.383275e-003
1538 6.179967e-006 3.736547e-003
1539 5.878335e-006 1.961200e-003
1540 5.333653e-005 1.106838e-002
1541 1.680853e-003 1.105838e-001
1542 5.726352e-004 5.523534e-002
1543 8.381661e-004 9.426200e-002
1544 3.573929e-005 7.208702e-003
1545 2.518592e-004 1.937217e-002
1546 2.415589e-005 5.601062e-003
1547 1.528306e-003 6.876704e-002
1548 2.305589e-004 1.252294e-002
1549 2.067493e-005 3.443656e-003
1550 1.378711e-006 4.371690e-003
1551 2.313578e-005 4.299276e-003
1552 6.155817e-004 6.286521e-002
1553 1.130607e-003 2.211355e-001
1554 8.446147e-006 8.016535e-003
1555 6.704087e-004 5.756436e-002
1556 3.469007e-005 1.099604e-002
1557 4.229050e-004 4.867229e-002
1558 4.544134e-004 2.068747e-002
1559 5.858095e-005 9.568870e-003
1560 2.643751e-004 2.867583e-002
1561 5.685140e-004 5.707535e-002
1562 3.728581e-005 6.205393e-003
1563 7.354724e-006 9.364393e-003
1564 7.851537e-004 4.798036e-002
1565 5.823593e-005 1.271479e-002
1566 2.666647e-006 5.071326e-003
1567 4.661610e-003 2.668330e-001
1568 3.131632e-005 1.347789e-002
1569 2.715993e-005 4.554345e-003
1570 2.718434e-003 9.230087e-002
1571 3.590200e-006 1.859821e-003
1572 8.591307e-005 4.039071e-003
1573 1.482510e-003 1.080101e-001
1574 6.650913e-005 8.737356e-003
1575 1.641192e-005 1.714922e-002
1576 1.617481e-004 2.498143e-002
1577 3.017257e-003 9.085515e-002
1578 7.738533e-004 2.264283e-002
1579 1.448169e-005 4.147384e-003
1580 1.708176e-003 1.751155e-001
1581 6.510535e-005 1.074491e-002
1582 6.189175e-007 2.981040e-003
1583 4.150653e-004 3.427438e-002
1584 1.033127e-004 1.151540e-002
1585 1.965289e-003 7.423770e-002
1586 3.562036e-005 7.880246e-003
1587 9.933054e-006 2.105859e-003
1588 1.250371e-004 9.684572e-003
1589 2.230780e-007 2.902686e-003
1590 1.028138e-005 3.114249e-003
1591 2.015173e-006 4.244438e-003
1592 8.410134e-006 3.416309e-003
1593 5.034548e-006 2.836517e-003
1594 1.057060e-005 9.021221e-003
1595 1.722198e-005 3.892830e-003
1596 2.527813e-005 2.487655e-002
1597 2.406801e-005 6.766993e-003
1598 2.888156e-005 4.354103e-003
1599 7.334368e-004 9.391364e-002
1600 2.579909e-005 8.988748e-003
1601 7.194825e-006 3.179851e-003
1602 2.157170e-003 2.374694e-001
1603 2.728584e-006 7.323859e-003
1604 1.208502e-005 4.086419e-003
1605 8.524450e-005 2.788958e-003
1606 4.092607e-004 1.284317e-001
1607 4.630137e-004 2.001014e-002
1608 4.864296e-006 4.415527e-003
1609 4.667878e-004 2.847242e-002
1610 4.838327e-003 2.165334e-001
1611 2.818363e-005 1.045698e-002
1612 2.345904e-006 3.535587e-003
1613 2.764977e-008 1.204088e-003
1614 1.203253e-004 1.119029e-002
1615 3.719922e-004 9.215049e-002
1616 9.468955e-007 2.552868e-003
1617 9.801020e-007 3.368422e-003
1618 6.072466e-006 1.685589e-003
1619 1.246946e-003 3.829857e-002
1620 1.207175e-004 4.961742e-002
1621 4.949273e-005 9.594662e-002
1622 6.866794e-005 1.279375e-002
1623 9.953752e-005 4.205628e-002
1624 1.882975e-003 7.788750e-002
1625 7.216524e-006 4.213654e-003
1626 1.575820e-004 3.691855e-002
1627 7.241494e-005 1.289996e-002
1628 2.221776e-004 2.936570e-002
1629 7.466264e-004 7.058385e-002
1630 6.048007e-004 7.813383e-002
1631 8.427186e-004 4.867214e-002
1632 2.377059e-004 3.750021e-002
1633 3.334215e-006 3.039783e-003
1634 4.906479e-006 6.240186e-003
1635 4.424119e-007 1.131256e-003
1636 4.687850e-006 2.857310e-003
1637 1.009879e-006 1.625765e-003
1638 6.465209e-006 2.978192e-003
1639 5.542606e-007 1.824358e-003
1640 1.422555e-004 2.918668e-002
1641 1.587121e-004 2.549102e-002
1642 1.292936e-003 1.022934e-001
1643 8.618950e-005 2.162670e-002
1644 5.123074e-006 7.699896e-003
1645 1.244110e-005 4.233583e-003
1646 5.762835e-003 3.608304e-001
1647 6.984095e-005 1.016398e-002
1648 5.824706e-006 3.107978e-003
1649 1.191899e-003 1.028207e-001
1650 3.090242e-004 2.813492e-002
1651 5.895005e-006 3.765204e-003
1652 2.159954e-004 4.129686e-002
1653 6.325498e-004 6.501873e-002
1654 1.005175e-004 1.899042e-002
1655 7.467675e-004 5.520579e-002
1656 2.185660e-005 1.473747e-002
1657 1.952557e-005 9.873925e-003
1658 5.678801e-006 4.345829e-003
1659 3.847994e-005 1.093639e-002
1660 4.920639e-005 7.652059e-003
1661 2.594889e-004 1.152061e-002
1662 6.605976e-005 5.239873e-003
1663 6.267606e-004 4.695010e-002
1664 3.309857e-005 6.914302e-003
1665 4.833964e-005 5.408228e-003
1666 3.129304e-004 2.865699e-002
1667 9.113855e-005 2.797198e-002
1668 4.404148e-008 8.847353e-004
1669 1.710338e-005 1.049842e-002
1670 1.821349e-005 2.562129e-003
1671 3.329088e-004 1.408815e-002
1672 4.433326e-004 7.488511e-002
1673 4.980874e-005 1.255850e-002
1674 6.624464e-006 8.859960e-003
1675 7.700435e-005 8.106732e-003
1676 8.997085e-007 2.615320e-003
1677 5.737562e-006 6.889789e-003
1678 1.995507e-006 3.464503e-003
1679 1.211281e-006 1.398125e-003
1680 1.883930e-004 1.255638e-002
1681 6.626385e-005 1.756471e-002
1682 4.041677e-005 1.229442e-002
1683 7.480168e-006 1.596192e-003
1684 1.556518e-005 2.674503e-003
1685 4.562221e-005 1.087613e-002
1686 2.307765e-004 1.681590e-002
1687 1.141267e-004 2.515888e-002
1688 8.431227e-005 1.169209e-002
1689 4.793680e-004 2.499234e-002
1690 3.519110e-006 1.479908e-003
1691 1.134828e-006 1.643356e-003
1692 8.251285e-006 4.996883e-003
1693 1.726680e-004 1.428490e-002
1694 4.701749e-004 3.157079e-002
1695 7.413904e-006 1.842324e-003
1696 4.035777e-004 1.142993e-001
1697 3.936784e-005 7.291026e-003
1698 2.320793e-004 5.562375e-002
1699 1.317899e-003 1.479798e-001
1700 5.979180e-006 3.958943e-003
1701 1.711451e-004 3.153982e-002
1702 9.346857e-004 6.493121e-002
1703 5.120659e-004 4.672974e-002
1704 1.933186e-006 1.438321e-003
1705 3.836699e-006 1.828794e-003
1706 8.379358e-006 1.974930e-003
1707 4.426134e-004 3.357978e-002
1708 5.141418e-006 7.905191e-003
1709 6.012584e-005 1.021739e-002
1710 6.610612e-006 1.088949e-002
1711 5.456271e-004 2.415425e-002
1712 2.533109e-004 2.780207e-002
1713 3.005239e-005 6.871888e-003
1714 8.666863e-005 1.801060e-002
1715 3.519820e-006 5.729203e-003
1716 1.180559e-005 4.265811e-003
1717 9.023810e-005 1.606405e-002
1718 1.859310e-005 1.073267e-002
1719 1.582333e-005 7.250514e-003
1720 1.931452e-005 8.496965e-003
1721 6.446982e-005 2.840192e-002
1722 2.079098e-005 7.800517e-003
1723 1.430843e-003 9.980370e-002
1724 5.282273e-006 2.501247e-003
1725 5.189941e-005 1.116342e-002
1726 7.374880e-004 4.183875e-002
1727 1.422341e-004 1.583342e-002
1728 1.760509e-004 1.630834e-002
1729 4.037810e-006 3.341013e-003
1730 3.107858e-004 3.719987e-002
1731 1.280290e-005 5.359514e-003
1732 1.238924e-006 1.841699e-003
1733 5.877898e-008 1.010778e-003
1734 8.963006e-005 1.927403e-002
1735 5.430229e-005 1.581778e-002
1736 4.289932e-007 1.141878e-003
1737 6.312414e-005 9.949051e-003
1738 2.413645e-005 2.259860e-003
1739 2.016879e-005 9.815477e-003
1740 1.173276e-004 4.775287e-002
1741 3.555686e-006 4.326218e-003
1742 5.820471e-004 5.195899e-002
1743 2.262223e-004 2.609333e-002
1744 1.684678e-004 1.855092e-002
1745 1.300827e-005 7.661838e-003
1746 5.077643e-006 2.358073e-003
1747 2.522612e-006 6.391807e-003
1748 2.620112e-003 1.956521e-001
1749 1.442214e-005 8.121198e-003
1750 1.083775e-005 7.483666e-003
1751 4.080609e-006 5.861338e-003
1752 1.329677e-006 1.974691e-003
1753 4.540337e-004 2.808378e-002
1754 2.135277e-006 4.972413e-003
1755 3.401458e-005 5.486374e-003
1756 1.711880e-005 1.696639e-002
1757 1.856084e-005 1.340426e-002
1758 1.802296e-004 1.131373e-002
1759 2.375401e-005 4.319752e-003
1760 1.253854e-003 1.134808e-001
1761 5.241456e-006 6.873237e-003
1762 1.985904e-005 3.338389e-003
1763 6.007168e-006 1.089751e-002
1764 8.262929e-006 6.333801e-003
1765 1.229986e-005 1.589885e-002
1766 1.244003e-005 3.506455e-003
1767 2.207083e-005 4.794783e-003
1768 8.856854e-005 2.060380e-002
1769 5.452562e-005 1.410561e-002
1770 1.275673e-005 7.732787e-003
1771 1.105638e-005 8.240727e-003
1772 1.311440e-003 1.324367e-001
1773 3.528007e-004 9.613045e-002
1774 9.211429e-006 2.787404e-003
1775 1.677809e-006 2.631226e-003
1776 2.524006e-005 1.867291e-002
1777 1.575442e-004 6.526363e-003
1778 3.454227e-005 6.137132e-003
1779 1.169946e-004 1.343039e-002
1780 9.446529e-007 2.741873e-003
1781 4.865217e-007 1.292267e-003
1782 2.006745e-006 3.092442e-003
1783 6.708669e-006 6.424834e-003
1784 8.468189e-005 1.816244e-002
1785 1.289542e-005 3.150265e-003
1786 1.335790e-004 2.726958e-002
1787 1.360157e-003 3.649486e-002
1788 2.696497e-006 4.323555e-003
1789 8.819770e-005 2.862740e-002
1790 7.287501e-006 1.844919e-003
1791 1.910466e-005 3.906992e-003
1792 2.754613e-005 3.426242e-003
1793 4.049810e-006 9.149446e-003
1794 3.287745e-005 1.540710e-002
1795 2.775237e-005 2.182474e-003
1796 8.952444e-004 9.882858e-002
1797 4.594791e-005 1.529610e-002
1798 1.390943e-005 6.037211e-003
1799 2.399184e-006 2.191311e-003
1800 1.404592e-004 3.701392e-002
1801 1.857089e-005 2.759301e-003
1802 6.309501e-005 1.359424e-002
1803 2.376482e-006 1.941811e-003
1804 2.574827e-006 1.956571e-003
1805 7.481518e-007 1.098595e-002
1806 1.029584e-005 4.717871e-003
1807 2.274480e-006 1.418486e-003
1808 3.431791e-003 2.501916e-001
1809 4.004577e-005 7.755559e-003
1810 2.859085e-004 2.531136e-002
1811 1.228598e-005 7.179063e-003
1812 1.008934e-005 5.619343e-003
1813 3.804647e-005 8.220400e-003
1814 1.950083e-005 2.568142e-003
1815 5.864036e-005 1.954499e-002
1816 5.634146e-005 1.759581e-002
1817 1.444113e-005 3.081517e-003
1818 2.488217e-006 4.452834e-003
1819 1.874119e-007 2.079543e-003
1820 1.511733e-006 1.554316e-003
1821 8.820048e-007 3.355986e-003
1822 3.377565e-004 2.507775e-002
1823 2.008748e-004 3.372521e-002
1824 2.349717e-004 3.762849e-002
1825 5.841490e-004 4.966730e-002
1826 1.480759e-003 4.969729e-002
1827 2.318337e-004 1.657242e-002
1828 4.776686e-005 1.071103e-002
1829 1.256214e-005 7.820093e-003
1830 1.299601e-006 2.823505e-003
1831 1.669419e-006 1.639221e-003
1832 2.571464e-005 1.338869e-002
1833 4.909525e-005 5.210250e-003
1834 2.086646e-006 3.327469e-003
1835 3.220935e-006 3.407428e-003
1836 3.854612e-004 3.703029e-002
1837 2.209910e-003 6.739581e-002
1838 1.761361e-005 3.635665e-003
1839 1.608995e-004 2.678485e-002
1840 2.382597e-004 2.141525e-002
1841 1.405367e-004 2.597778e-002
1842 4.719188e-006 6.500998e-003
1843 7.555188e-005 6.418888e-003
1844 1.409490e-006 2.637523e-003
1845 6.997382e-005 1.371380e-002
1846 1.178870e-006 3.458634e-003
1847 3.397490e-004 3.932432e-002
1848 1.571701e-006 2.165933e-003
1849 1.846347e-005 1.331395e-002
1850 1.886478e-005 1.422910e-002
1851 2.369361e-005 3.441998e-002
1852 2.040189e-005 1.346905e-002
1853 2.237923e-004 1.712457e-002
1854 4.998294e-004 6.721173e-002
1855 1.560026e-005 2.754993e-002
1856 7.754031e-007 2.234839e-003
1857 3.067774e-006 4.433714e-003
1858 7.749118e-006 3.002066e-003
1859 3.551675e-006 3.016776e-003
1860 1.102587e-004 1.379433e-002
1861 2.554983e-006 7.184575e-003
1862 1.894212e-003 8.998511e-002
1863 6.887289e-006 2.776886e-003
1864 9.150621e-006 1.994015e-003
1865 1.965260e-005 1.025343e-002
1866 1.159890e-004 2.077591e-002
1867 8.674348e-007 2.586354e-003
1868 1.394712e-005 3.291146e-003
1869 1.222415e-003 9.426355e-002
1870 9.882793e-006 4.315103e-003
1871 9.188097e-006 1.032582e-002
1872 3.840387e-006 7.105003e-003
1873 1.545453e-006 1.775714e-003
1874 1.070996e-006 1.936056e-003
1875 7.370781e-004 3.503110e-002
1876 3.298547e-006 2.283755e-003
1877 4.028008e-006 2.583896e-003
1878 5.497987e-006 6.336023e-003
1879 1.781933e-005 1.066965e-002
1880 7.935995e-005 8.684142e-003
1881 6.544742e-005 4.227866e-002
1882 4.621004e-005 3.084761e-003
1883 4.512391e-005 9.946880e-003
1884 2.373855e-004 6.475683e-003
1885 2.372073e-005 5.303355e-003
1886 2.274537e-005 4.984428e-003
1887 1.753598e-004 1.062926e-002
1888 2.132188e-006 2.694142e-003
1889 2.468651e-006 1.189814e-003
1890 6.319183e-005 8.480471e-003
1891 2.388676e-004 7.329388e-002
1892 6.476286e-005 9.310642e-003
1893 2.050723e-004 2.131479e-002
1894 2.447468e-003 1.799694e-001
1895 8.217100e-005 3.033892e-002
1896 3.635135e-004 2.441264e-002
1897 4.664009e-006 3.754386e-003
1898 1.656012e-004 3.690552e-002
1899 2.604409e-005 6.922768e-003
1900 1.782715e-004 1.267154e-002
1901 1.574820e-005 2.607440e-003
1902 8.816535e-006 1.695788e-003
1903 3.392447e-005 7.703161e-003
1904 7.122851e-005 5.502959e-003
1905 4.775427e-005 2.996923e-003
1906 1.633689e-005 4.401208e-003
1907 2.757267e-006 3.697664e-003
1908 3.546996e-006 1.521918e-003
1909 1.385859e-005 3.478793e-003
1910 1.316407e-004 2.622470e-002
1911 1.574641e-004 9.773927e-003
1912 1.981040e-004 1.681075e-002
1913 4.629778e-004 1.386762e-002
1914 1.274650e-005 3.521726e-003
1915 1.328698e-005 7.537231e-003
1916 2.533147e-003 1.349493e-001
1917 5.116094e-004 1.780256e-001
1918 1.302687e-004 2.389343e-002
1919 1.522544e-005 9.477385e-003
1920 5.194476e-005 3.616842e-003
1921 1.224079e-006 1.319902e-003
1922 2.365364e-005 2.651065e-003
1923 9.663716e-006 1.856732e-003
1924 2.709517e-006 2.136246e-003
1925 3.970903e-006 1.802748e-003
1926 7.487119e-004 3.135903e-002
1927 1.359395e-005 8.934011e-003
1928 3.062988e-006 1.640283e-003
1929 3.585662e-005 5.153231e-003
1930 4.644311e-005 1.431905e-002
1931 1.482712e-004 1.060717e-002
1932 1.852162e-004 2.380141e-002
1933 4.745282e-005 1.160272e-002
1934 8.153643e-005 4.058629e-002
1935 2.409612e-005 1.245140e-002
1936 5.346294e-005 9.956029e-003
1937 9.567750e-006 3.604492e-003
1938 9.855548e-006 1.840426e-003
1939 2.100339e-003 9.467812e-002
1940 2.812882e-005 2.001736e-002
1941 2.068752e-004 9.324567e-003
1942 1.597031e-004 4.812420e-002
1943 7.444160e-005 2.379155e-002
1944 3.786257e-004 2.288682e-002
1945 8.011064e-005 1.237001e-002
1946 4.111385e-006 4.154778e-003
1947 1.739179e-005 2.175133e-003
1948 1.652320e-006 1.650154e-003
1949 2.251068e-004 7.294771e-002
1950 6.740949e-005 1.211837e-002
1951 1.128193e-004 3.324041e-002
1952 5.997738e-006 6.141656e-003
1953 9.111915e-005 1.609700e-002
1954 6.408652e-004 2.841472e-002
1955 4.542338e-005 5.813845e-003
1956 5.947511e-005 1.740093e-002
1957 3.345298e-005 5.867390e-003
1958 9.129571e-005 1.199589e-002
1959 9.425998e-005 2.248750e-002
1960 1.017555e-004 1.379428e-002
1961 5.554421e-004 3.024094e-002
1962 7.983616e-005 1.943819e-002
1963 1.194099e-004 2.646700e-002
1964 1.363757e-005 3.389522e-003
1965 8.760851e-005 1.171872e-002
1966 6.115779e-006 6.222519e-003
1967 1.682869e-004 4.412139e-002
1968 4.030100e-006 1.882517e-003
1969 3.310337e-004 1.708666e-002
1970 3.242810e-004 2.097944e-002
1971 1.923173e-003 8.415107e-002
1972 5.920972e-006 3.965791e-003
1973 1.171915e-003 4.533938e-002
1974 5.813746e-006 4.009603e-003
1975 4.601713e-004 5.813904e-002
1976 1.349925e-004 3.373968e-002
1977 1.630033e-005 4.880740e-003
1978 1.917054e-006 3.899349e-003
1979 6.535573e-005 3.092830e-002
1980 5.587095e-005 2.129426e-003
1981 1.584135e-004 1.906787e-002
1982 6.811652e-006 2.404076e-003
1983 6.603062e-007 2.013052e-003
1984 5.259840e-005 2.172824e-002
1985 4.002817e-005 5.740691e-003
1986 9.252726e-006 3.801089e-003
1987 2.871432e-004 3.189286e-002
1988 1.969388e-004 2.817825e-002
1989 1.297557e-006 1.295234e-003
1990 2.971317e-006 3.025638e-003
1991 4.827314e-006 4.861519e-003
1992 9.346492e-004 6.610211e-002
1993 1.798308e-007 1.153871e-003
1994 7.534548e-007 1.224302e-003
1995 1.284566e-004 2.906488e-002
1996 1.698685e-005 3.487142e-003
1997 2.398062e-006 1.763123e-003
1998 2.590568e-005 4.148125e-003
1999 7.274988e-005 6.769888e-003
2000 1.798712e-006 2.395425e-003
2001 4.787422e-006 2.656760e-003
