2 3.395435e-004 3.695961e-002
3 2.439398e-003 1.111424e-001
4 1.090513e-003 8.075882e-002
5 2.652161e-004 2.409725e-002
6 2.057041e-003 9.204806e-002
7 2.330140e-004 8.408780e-003
8 3.710662e-004 1.485927e-002
9 5.790277e-005 5.569715e-003
10 1.496431e-004 5.364328e-003
11 9.673108e-004 4.138479e-002
12 7.210763e-005 5.622437e-003
13 1.418122e-003 3.391311e-002
14 4.869409e-004 1.743215e-002
15 1.473123e-004 2.234370e-002
16 6.414592e-004 2.105324e-002
17 8.357566e-005 3.776878e-003
18 1.141958e-004 6.232483e-002
19 2.958672e-004 1.912379e-002
20 1.592403e-003 5.747468e-002
21 2.975479e-004 2.319924e-002
22 7.485827e-005 6.652742e-003
23 9.585051e-004 3.036875e-002
24 9.934922e-004 3.704004e-002
25 4.606896e-005 1.146059e-002
26 3.089391e-003 1.070321e-001
27 5.698449e-004 7.424891e-003
28 7.099200e-005 1.036055e-002
29 6.384330e-003 1.119285e-001
30 6.870433e-005 4.387146e-003
31 1.846423e-004 1.420415e-002
32 6.790590e-004 2.179415e-002
33 2.097756e-005 2.706456e-003
34 1.578762e-005 2.423736e-003
35 1.189123e-003 5.084645e-002
36 3.869509e-004 7.838796e-003
37 1.873918e-003 9.863673e-002
38 3.162725e-003 7.378507e-002
39 2.769701e-003 1.445937e-001
40 5.530572e-004 4.919166e-002
41 5.454442e-005 3.898612e-003
42 2.658700e-003 1.090014e-001
43 5.740108e-005 4.652938e-003
44 1.378046e-005 2.045391e-003
45 1.395397e-005 2.045245e-003
46 1.007612e-005 1.236064e-003
47 1.987655e-005 4.154488e-003
48 8.537028e-005 4.255609e-003
49 1.036273e-004 5.303665e-003
50 1.827907e-004 7.628480e-003
51 9.492167e-006 2.607301e-003
52 5.216144e-005 3.900934e-003
53 2.115610e-005 3.525674e-003
54 1.947465e-005 3.283449e-003
55 1.030389e-005 2.642044e-003
56 1.015315e-004 6.644644e-003
57 8.368446e-005 4.285268e-003
58 1.176805e-006 1.606702e-003
59 4.403055e-005 5.662757e-003
60 3.604973e-006 2.138509e-003
61 1.247003e-005 3.545942e-003
62 1.566295e-006 1.183537e-003
63 2.391511e-005 4.240121e-003
64 2.678122e-005 5.847462e-003
65 8.842295e-006 1.911837e-003
66 5.820033e-006 2.328309e-003
67 2.676943e-005 3.248238e-003
68 3.928580e-005 4.668291e-003
69 4.733912e-005 3.467211e-003
70 6.305101e-004 2.095242e-002
71 7.582161e-006 4.178694e-003
72 8.043595e-005 4.143371e-003
73 1.632291e-005 2.525301e-003
74 2.188907e-005 5.096488e-003
75 4.420227e-005 2.916095e-003
76 3.826485e-005 3.822863e-003
77 9.077061e-006 3.595276e-003
78 1.865687e-004 1.009169e-002
79 7.506644e-005 4.603256e-003
80 8.667681e-004 2.123883e-002
81 1.483084e-005 2.566594e-003
82 4.375994e-004 9.038005e-003
83 9.921972e-006 2.005610e-003
84 9.921061e-005 5.585474e-003
85 6.061020e-005 5.623121e-003
86 4.417682e-005 4.452195e-003
87 3.761172e-004 9.793500e-003
88 6.282068e-006 2.596219e-003
89 1.026070e-004 5.417389e-003
90 6.758052e-004 2.400002e-002
91 7.067156e-005 3.100518e-003
92 5.356235e-004 1.261460e-002
93 1.360172e-004 4.921368e-003
94 5.823986e-005 4.740412e-003
95 3.619533e-005 4.327302e-003
96 1.612538e-005 2.693977e-003
97 5.220319e-005 8.918421e-003
98 3.304308e-005 3.463882e-003
99 4.394555e-003 1.001844e-001
100 1.442969e-003 5.159087e-002
101 1.447023e-003 4.135475e-002
102 1.460952e-005 2.105795e-003
103 4.831974e-004 1.543777e-002
104 1.081607e-004 2.212645e-002
105 1.224061e-004 8.658528e-003
106 4.287993e-004 1.084927e-002
107 5.309543e-005 8.359597e-003
108 1.750018e-003 3.467079e-002
109 1.151829e-004 5.627070e-003
110 1.647288e-005 2.317159e-003
111 1.450141e-004 4.766812e-003
112 2.638663e-004 9.887900e-003
113 3.518607e-004 1.471079e-002
114 7.123410e-005 6.960582e-003
115 6.114867e-005 6.211029e-003
116 4.602918e-004 1.436605e-002
117 2.857982e-005 2.805100e-003
118 1.800365e-005 3.100669e-003
119 2.522979e-004 9.298270e-003
120 4.320638e-005 5.246128e-003
121 2.159344e-005 4.526947e-003
122 1.588830e-005 3.006211e-003
123 2.085517e-004 9.839748e-003
124 4.381623e-005 3.027411e-003
125 6.784433e-004 2.893304e-002
126 1.781881e-005 3.776146e-003
127 7.430903e-005 9.231930e-003
128 2.028205e-003 1.019317e-001
129 1.970804e-003 4.741640e-002
130 4.402885e-004 2.251483e-002
131 1.670679e-003 3.443502e-002
132 3.028384e-004 1.159810e-002
133 3.864018e-003 8.711665e-002
134 1.146166e-004 4.115808e-003
135 2.796662e-004 1.531599e-002
136 5.582493e-006 2.143155e-003
137 2.747093e-004 8.259864e-003
138 1.148885e-005 2.773221e-003
139 5.525574e-005 4.055280e-003
140 2.669573e-004 1.116574e-002
141 5.622278e-005 5.183954e-003
142 4.315282e-004 1.321020e-002
143 5.474419e-004 4.725116e-002
144 1.799270e-004 1.423831e-002
145 2.209330e-004 1.580196e-002
146 9.775034e-005 7.327361e-003
147 3.316872e-004 9.886161e-003
148 2.080250e-005 3.206176e-003
149 3.988740e-004 2.253037e-002
150 2.246628e-004 2.396731e-002
151 6.219613e-005 1.156286e-002
152 2.187878e-004 2.266735e-002
153 6.301103e-005 6.135774e-003
154 7.354551e-005 6.968525e-003
155 1.423014e-005 1.744583e-003
156 1.314034e-004 4.151369e-003
157 1.776556e-004 5.305744e-003
158 2.331937e-006 3.729820e-003
159 2.362995e-004 9.546840e-003
160 8.559521e-005 7.107798e-003
161 4.260110e-005 2.688800e-003
162 9.861423e-005 5.036559e-003
163 1.788199e-004 4.789976e-003
164 2.964287e-005 2.956425e-003
165 6.859349e-006 1.357943e-003
166 1.157158e-005 1.513935e-003
167 6.507191e-005 4.794651e-003
168 1.910429e-005 2.871991e-003
169 7.808007e-005 4.154210e-003
170 5.262881e-005 1.854725e-003
171 5.100673e-004 9.657188e-003
172 6.078721e-004 3.309349e-002
173 1.285404e-004 1.309120e-002
174 5.511188e-004 2.674556e-002
175 2.320759e-006 1.178416e-003
176 1.060125e-004 5.789487e-003
177 8.979223e-006 2.976927e-003
178 1.391321e-005 6.656712e-003
179 1.940488e-005 7.357843e-003
180 2.422269e-006 1.224646e-003
181 3.008678e-004 5.182629e-002
182 1.231089e-004 9.379527e-003
183 7.904499e-005 6.468883e-003
184 5.159717e-005 4.613738e-003
185 2.624207e-006 1.441670e-003
186 1.140887e-004 1.567373e-002
187 4.288941e-003 1.607438e-001
188 1.368647e-004 1.166601e-002
189 1.325534e-005 3.713867e-003
190 1.489630e-005 3.587606e-003
191 1.097607e-005 6.050245e-003
192 2.490742e-005 4.102770e-003
193 4.146939e-005 4.571020e-003
194 2.490742e-005 4.102770e-003
195 1.427979e-004 5.249780e-003
196 3.323506e-005 3.920928e-003
197 2.150072e-004 1.395655e-002
198 1.130944e-004 7.116550e-003
199 1.933362e-004 1.023216e-002
200 7.040643e-004 2.540261e-002
201 5.704970e-004 2.452058e-002
202 7.985338e-005 6.194909e-003
203 1.506083e-003 4.696473e-002
204 2.109395e-005 3.374474e-003
205 8.882331e-005 1.004946e-002
206 1.197212e-004 7.799228e-003
207 2.140289e-004 2.462971e-002
208 6.774470e-004 3.829730e-002
209 3.583252e-004 1.320101e-002
210 3.863150e-004 3.111675e-002
211 2.057168e-004 1.435612e-002
212 2.227444e-005 3.528748e-003
213 1.363324e-004 5.292869e-003
214 1.353840e-004 8.002746e-003
215 8.379570e-005 9.558718e-003
216 3.445626e-004 1.879716e-002
217 2.391874e-005 1.831050e-003
218 7.782303e-006 3.388389e-003
219 1.259753e-005 1.594103e-003
220 9.130672e-004 8.869130e-002
221 4.086943e-005 4.281049e-003
222 1.004062e-004 8.241883e-003
223 3.722757e-004 8.132355e-003
224 5.548768e-006 2.021214e-003
225 7.782561e-006 3.050224e-003
226 4.412692e-005 7.198180e-003
227 1.359577e-005 3.780477e-003
228 3.077722e-005 3.824595e-003
229 1.307172e-004 1.144373e-002
230 1.199556e-003 7.427186e-002
231 1.396454e-006 1.976265e-003
232 2.775708e-003 8.643869e-002
233 7.488899e-006 7.542236e-003
234 1.495647e-005 2.141790e-003
235 1.164872e-005 7.041102e-003
236 2.327588e-005 4.824783e-003
237 4.608445e-004 2.859221e-002
238 2.140369e-005 4.434216e-003
239 1.681010e-005 3.000461e-003
240 8.982863e-005 3.959295e-002
241 3.896317e-003 1.039567e-001
242 1.551589e-004 1.073274e-002
243 3.066837e-005 3.556469e-003
244 1.166342e-005 1.430711e-003
245 3.599252e-006 1.168156e-003
246 1.160630e-003 3.035534e-002
247 9.456867e-005 6.515537e-003
248 1.731808e-003 1.069271e-001
249 8.321016e-004 3.127308e-002
250 4.539789e-004 1.829016e-002
251 3.796891e-006 1.210701e-003
252 3.431810e-005 7.500396e-003
253 4.840260e-005 3.243131e-003
254 5.123115e-005 9.348855e-003
255 1.527611e-005 6.162516e-003
256 4.405177e-006 2.293263e-003
257 9.249753e-006 3.515788e-003
258 3.587510e-004 3.010232e-002
259 3.758372e-006 1.275892e-003
260 7.630103e-005 7.421524e-003
261 4.565042e-005 2.855172e-003
262 7.248743e-006 1.344689e-003
263 1.269983e-005 1.543128e-003
264 7.570093e-005 2.195961e-002
265 4.417532e-004 4.705183e-002
266 9.786995e-005 6.790600e-003
267 1.101337e-004 1.487897e-002
268 1.910878e-005 3.900598e-003
269 6.295304e-004 1.750839e-002
270 4.603618e-006 3.266943e-003
271 3.587399e-005 1.159069e-002
272 2.613170e-005 3.992367e-003
273 1.288162e-003 6.161076e-002
274 1.274034e-006 1.820268e-003
275 1.707330e-004 1.811377e-002
276 6.085801e-005 1.252497e-002
277 1.796652e-005 3.661269e-003
278 6.481082e-005 1.669353e-002
279 1.277011e-005 3.236791e-003
280 2.959510e-005 1.980071e-002
281 1.632414e-004 1.972175e-002
282 8.896590e-006 1.588735e-003
283 1.024489e-005 5.837211e-003
284 8.893092e-006 4.438012e-003
285 5.578210e-005 4.804056e-003
286 3.549030e-005 4.625437e-003
287 2.741505e-005 4.200742e-003
288 5.278144e-006 1.888548e-003
289 7.638210e-004 1.581165e-002
290 1.013929e-006 1.388177e-003
291 2.350037e-004 9.155710e-003
292 7.868454e-004 5.472212e-002
293 1.156945e-005 4.409137e-003
294 1.297173e-005 3.033989e-003
295 1.361770e-004 1.472768e-002
296 6.944789e-004 5.835804e-002
297 1.442676e-004 1.127930e-002
298 1.409599e-005 4.511126e-003
299 3.634685e-006 3.291840e-003
300 1.418342e-004 1.079304e-002
301 1.695019e-003 2.812190e-002
302 2.358515e-005 2.340339e-003
303 1.021852e-004 1.720795e-002
304 1.875855e-004 9.025263e-003
305 2.635808e-005 2.672485e-003
306 3.384806e-005 2.129306e-003
307 5.006032e-004 1.775360e-002
308 5.218699e-005 9.428159e-003
309 6.013168e-004 4.048437e-002
310 4.749880e-005 7.107290e-003
311 2.436498e-005 4.369771e-003
312 3.460483e-005 2.277741e-003
313 3.630117e-003 7.131436e-002
314 1.980757e-005 1.584428e-003
315 9.679898e-006 4.479553e-003
316 3.635114e-004 1.940895e-002
317 4.993981e-004 2.301245e-002
318 6.735976e-004 2.212442e-002
319 4.990789e-004 2.759660e-002
320 5.620426e-004 1.717614e-002
321 6.185084e-004 1.130113e-001
322 1.242757e-005 6.594791e-003
323 2.118359e-004 1.073017e-002
324 3.383317e-005 4.506366e-003
325 1.159338e-005 3.573890e-003
326 2.932663e-004 2.108612e-002
327 4.224988e-003 8.885878e-002
328 4.837204e-004 2.449415e-002
329 7.907663e-004 2.134874e-002
330 1.882764e-005 5.671070e-003
331 2.334092e-004 1.759775e-002
332 2.103778e-003 4.843375e-002
333 9.348781e-005 9.763479e-003
334 2.160436e-004 3.207279e-002
335 8.576985e-006 1.906574e-003
336 2.404206e-005 2.001933e-003
337 3.324679e-005 3.544807e-003
338 5.456402e-005 8.539883e-003
339 3.116792e-004 1.654957e-002
340 9.046700e-005 8.871848e-003
341 8.254607e-005 4.365512e-003
342 2.139949e-005 2.906435e-003
343 3.075769e-004 1.740145e-002
344 3.172474e-005 3.444988e-003
345 6.657209e-004 2.116153e-002
346 5.540447e-004 2.677250e-002
347 2.902622e-005 3.270547e-003
348 1.334267e-004 9.222882e-003
349 3.482047e-005 3.529706e-003
350 2.540934e-005 2.243405e-003
351 2.865125e-003 1.328866e-001
352 3.460177e-004 3.494744e-002
353 2.320759e-006 1.178416e-003
354 3.492424e-004 3.242011e-002
355 2.547707e-004 1.169243e-002
356 6.637373e-005 1.592836e-002
357 3.867190e-004 3.520405e-002
358 1.629034e-005 2.353139e-003
359 1.206842e-004 4.759542e-003
360 2.398631e-005 6.149933e-003
361 5.670902e-004 4.271814e-002
362 3.544224e-004 9.756419e-003
363 6.906397e-005 1.590501e-002
364 6.063702e-004 2.601392e-002
365 1.978375e-004 1.770951e-002
366 9.669252e-005 5.187268e-003
367 1.974250e-004 9.022762e-003
368 1.266763e-004 6.051654e-003
369 6.529251e-005 5.643452e-003
370 1.123427e-004 8.832605e-003
371 4.951504e-004 2.742490e-002
372 1.957812e-004 3.268745e-002
373 9.416630e-005 2.104844e-002
374 2.273545e-005 5.352122e-003
375 2.528085e-006 1.208558e-003
376 1.254813e-005 2.704755e-003
377 4.702737e-004 2.660290e-002
378 2.850855e-005 4.962802e-003
379 7.349727e-006 1.628866e-003
380 1.815300e-004 7.942747e-003
381 6.177712e-004 3.270185e-002
382 2.255157e-005 5.052225e-003
383 4.410686e-004 5.582050e-002
384 7.676435e-005 6.437708e-003
385 1.777122e-003 8.378838e-002
386 2.865739e-005 2.696834e-003
387 1.824875e-004 4.697645e-003
388 1.850154e-005 2.905745e-003
389 7.141705e-005 6.165696e-003
390 5.310368e-006 4.250510e-003
391 1.262833e-004 4.465256e-003
392 1.343713e-004 1.375701e-002
393 4.381829e-006 2.155736e-003
394 9.310051e-004 1.047933e-001
395 4.493607e-006 1.374452e-003
396 2.254381e-004 1.283710e-002
397 2.459274e-004 1.235823e-002
398 4.158010e-006 2.208014e-003
399 6.485581e-005 4.891009e-003
400 3.641912e-003 1.773496e-001
401 1.280411e-004 7.362729e-003
402 6.425414e-004 8.566956e-002
403 6.655303e-005 1.266466e-002
404 1.614455e-004 1.323148e-002
405 1.778667e-005 2.808383e-003
406 5.640899e-004 6.149290e-002
407 6.559862e-004 4.233370e-002
408 2.365148e-003 8.693394e-002
409 2.471976e-004 2.547616e-002
410 1.133158e-004 1.076394e-002
411 7.745237e-005 5.466427e-003
412 7.667711e-005 8.201598e-003
413 9.554185e-004 4.242065e-002
414 3.731405e-005 4.597861e-003
415 8.525452e-006 1.633910e-003
416 7.448899e-004 4.890955e-002
417 1.798687e-005 1.560558e-003
418 1.372184e-004 5.634226e-003
419 3.313469e-003 7.371252e-002
420 1.649728e-005 5.873313e-003
421 7.428281e-005 3.346106e-003
422 7.134935e-005 1.691735e-002
423 2.731467e-005 2.852253e-003
424 1.538241e-004 1.073443e-002
425 2.877846e-005 7.038746e-003
426 1.458977e-005 1.892972e-003
427 8.175851e-004 6.156490e-002
428 7.608225e-005 7.236842e-003
429 3.942637e-004 3.337496e-002
430 4.526554e-006 1.298124e-003
431 4.628831e-006 3.876442e-003
432 1.061554e-003 3.426240e-002
433 2.275007e-006 1.159422e-003
434 3.134978e-005 3.559581e-003
435 1.602499e-005 4.535423e-003
436 2.826926e-006 2.130009e-003
437 2.959263e-004 4.800397e-002
438 2.219368e-005 4.788115e-003
439 1.900238e-005 3.679029e-003
440 8.778570e-006 3.862951e-003
441 3.622395e-004 1.957321e-002
442 3.746108e-005 4.777794e-003
443 1.754805e-005 3.488602e-003
444 2.403768e-004 1.261961e-002
445 6.071145e-004 4.509149e-002
446 8.432526e-005 1.017295e-002
447 2.365471e-005 1.981732e-003
448 5.605796e-006 2.005860e-003
449 3.589608e-006 2.098331e-003
450 7.034951e-006 2.915598e-003
451 1.457725e-006 1.129717e-003
452 9.779864e-006 4.183156e-003
453 7.595474e-006 2.500259e-003
454 2.774309e-004 2.071437e-002
455 5.292399e-004 1.516671e-002
456 4.019041e-005 4.175647e-003
457 1.445388e-004 6.322744e-003
458 1.692930e-004 8.223130e-003
459 8.346560e-005 7.983206e-003
460 1.762183e-005 2.902516e-003
461 8.402385e-005 2.000228e-002
462 3.732823e-004 1.290950e-002
463 2.869504e-004 4.906309e-002
464 1.868887e-005 3.006416e-003
465 8.360052e-006 1.533903e-003
466 2.301101e-005 2.435391e-003
467 5.322048e-004 2.217977e-002
468 2.987426e-005 5.227432e-003
469 5.280720e-004 1.247606e-002
470 5.923893e-005 9.039189e-003
471 2.454130e-004 6.441567e-003
472 3.927343e-005 2.359333e-003
473 5.492922e-005 6.294632e-003
474 4.071705e-005 2.818843e-003
475 5.805445e-005 1.044602e-002
476 2.721621e-006 2.123857e-003
477 1.563449e-004 1.419394e-002
478 3.135001e-006 3.523581e-003
479 2.145715e-006 1.704468e-003
480 4.470453e-005 7.700467e-003
481 3.971962e-005 6.145564e-003
482 5.634503e-004 2.859395e-002
483 2.515077e-006 1.106130e-003
484 5.329286e-006 1.664555e-003
485 3.436408e-004 3.013173e-002
486 2.705308e-005 3.286255e-003
487 6.336344e-004 1.831118e-002
488 2.888006e-005 2.775872e-003
489 5.846859e-005 5.331329e-003
490 1.997922e-004 1.855688e-002
491 2.086558e-005 7.500888e-003
492 2.505571e-005 2.368870e-003
493 1.302009e-005 1.653508e-003
494 2.732169e-004 1.270366e-002
495 2.001494e-004 1.975812e-002
496 4.202977e-004 6.538750e-002
497 1.306103e-003 6.009794e-002
498 1.580687e-004 1.109609e-002
499 2.531726e-005 3.649231e-003
500 7.566593e-005 8.207363e-003
501 1.122404e-003 5.591612e-002
502 4.051550e-005 8.475631e-003
503 2.983284e-004 1.054476e-002
504 1.091314e-003 4.869621e-002
505 4.837250e-005 3.458051e-003
506 4.078172e-005 7.707752e-003
507 4.995798e-005 6.692084e-003
508 5.001627e-005 2.735043e-003
509 1.841024e-003 8.558615e-002
510 5.380334e-005 8.004228e-003
511 2.156931e-005 3.660506e-003
512 7.210367e-006 1.625797e-003
513 1.579439e-004 1.466327e-002
514 4.558530e-005 1.537994e-002
515 1.718153e-004 2.069144e-002
516 3.730256e-004 1.503409e-002
517 2.763194e-005 3.163940e-003
518 8.606091e-006 3.275790e-003
519 5.629974e-005 5.459043e-003
520 2.890803e-006 1.455476e-003
521 1.891505e-004 8.019045e-003
522 7.277584e-006 2.727051e-003
523 5.537661e-005 5.795105e-003
524 6.546855e-005 5.981846e-003
525 4.351820e-004 1.382130e-002
526 2.602531e-004 8.918992e-003
527 6.650925e-004 2.143356e-002
528 3.680983e-005 5.794410e-003
529 5.392255e-004 1.452073e-002
530 8.811883e-005 4.583305e-003
531 1.233763e-006 1.558276e-003
532 4.448758e-005 7.096814e-003
533 2.411249e-005 2.104959e-003
534 9.075146e-004 2.891066e-002
535 1.143100e-003 6.497191e-002
536 2.996923e-004 2.349397e-002
537 3.167254e-004 7.310080e-002
538 1.146003e-003 4.324962e-002
539 3.652242e-004 3.034649e-002
540 6.873184e-005 2.249498e-002
541 5.907559e-004 4.395107e-002
542 2.882005e-005 7.780269e-003
543 1.259504e-005 1.641650e-003
544 1.326232e-004 1.213044e-002
545 4.659992e-005 6.855438e-003
546 5.901530e-005 8.890520e-003
547 4.484551e-004 1.857107e-002
548 2.327016e-005 9.735014e-003
549 2.648759e-004 1.598943e-002
550 9.763047e-006 5.287660e-003
551 1.304700e-005 4.551798e-003
552 2.136193e-005 1.953044e-003
553 1.807030e-005 4.522801e-003
554 4.556072e-006 2.858508e-003
555 2.465326e-004 3.734655e-002
556 5.650959e-005 4.271166e-003
557 3.894871e-004 1.172631e-002
558 5.455778e-005 5.546728e-003
559 1.651526e-004 1.083750e-002
560 1.062869e-005 2.836210e-003
561 1.088603e-004 2.596245e-002
562 2.356273e-006 1.340696e-003
563 3.226592e-003 1.886424e-001
564 7.709191e-003 9.735944e-002
565 2.172485e-005 2.015089e-003
566 1.046104e-004 7.036340e-003
567 2.941261e-004 1.383273e-002
568 2.507864e-004 1.282636e-002
569 4.300313e-005 3.408614e-003
570 2.715469e-004 1.469839e-002
571 1.845604e-004 7.581677e-003
572 1.714180e-004 2.315565e-002
573 3.802623e-004 1.662034e-002
574 2.349133e-005 2.542334e-003
575 1.835888e-005 3.304149e-003
576 6.383213e-005 4.933866e-003
577 4.588671e-006 2.578662e-003
578 7.745507e-006 3.067451e-003
579 8.700084e-005 5.102351e-003
580 2.832001e-005 5.035732e-003
581 7.951402e-005 1.500267e-002
582 7.142699e-005 6.799414e-003
583 4.739224e-004 8.979208e-002
584 2.651206e-004 1.203305e-002
585 1.959662e-004 2.075360e-002
586 3.430355e-004 1.138810e-002
587 1.446075e-005 5.871275e-003
588 5.531803e-004 4.037134e-002
589 8.038623e-005 4.224616e-003
590 1.173652e-004 8.501249e-003
591 3.281115e-004 1.564848e-002
592 1.075715e-003 5.931897e-002
593 6.914398e-005 5.477745e-003
594 8.289547e-004 3.042244e-002
595 9.542378e-006 3.661702e-003
596 2.458189e-006 1.226746e-003
597 1.126413e-005 1.476335e-003
598 1.271804e-004 8.970043e-003
599 7.111697e-005 6.142355e-003
600 7.669749e-006 2.559756e-003
601 2.844521e-005 2.786675e-003
602 7.299450e-005 3.080182e-003
603 1.399554e-004 1.042244e-002
604 3.459048e-006 1.880685e-003
605 2.807738e-004 8.756633e-003
606 7.158186e-005 8.545189e-003
607 3.489140e-005 4.130260e-003
608 6.796772e-005 3.132375e-003
609 7.103119e-005 7.651095e-003
610 2.978317e-005 6.100343e-003
611 2.691794e-006 2.249750e-003
612 2.275268e-004 2.044143e-002
613 3.977652e-005 4.209000e-003
614 3.873817e-005 3.762833e-003
615 4.741673e-005 4.739673e-003
616 8.394370e-005 3.670124e-003
617 6.314811e-005 1.028417e-002
618 5.646261e-005 6.560166e-003
619 2.783262e-005 2.783002e-003
620 2.051148e-005 3.146236e-003
621 1.369310e-005 2.070002e-003
622 3.663643e-004 7.373759e-003
623 5.664328e-005 3.982960e-003
624 4.133001e-005 2.176277e-003
625 1.559225e-004 6.781364e-003
626 4.920603e-005 3.384259e-003
627 1.843413e-005 2.847661e-003
628 8.087054e-005 4.334362e-003
629 9.976167e-006 1.324630e-003
630 5.650331e-005 2.770516e-003
631 1.103585e-004 3.996749e-003
632 2.369169e-006 1.092122e-003
633 8.352393e-004 2.799523e-002
634 1.308180e-004 4.116091e-003
635 2.160103e-005 7.477420e-003
636 9.739619e-005 1.448932e-002
637 6.458079e-005 8.597883e-003
638 3.630198e-006 1.946684e-003
639 1.757850e-006 1.479757e-003
640 2.584599e-006 2.239162e-003
641 9.808710e-007 1.403475e-003
642 2.327803e-005 4.241581e-003
643 3.901817e-004 5.053566e-002
644 2.299316e-004 1.705644e-002
645 1.687591e-004 1.042866e-002
646 2.555354e-004 7.480473e-003
647 3.422136e-005 2.326036e-003
648 1.783219e-004 7.832382e-003
649 1.219625e-003 4.918621e-002
650 2.608335e-005 2.382335e-003
651 5.685370e-005 7.383127e-003
652 1.685222e-004 1.654703e-002
653 1.755723e-005 4.425774e-003
654 9.422115e-006 2.381041e-003
655 2.678862e-005 5.207881e-003
656 3.633210e-005 2.188033e-003
657 1.938816e-004 4.649104e-003
658 1.648492e-004 6.830523e-003
659 1.014722e-005 4.700641e-003
660 3.988165e-004 1.566683e-002
661 4.064394e-005 4.036355e-003
662 4.279685e-005 2.000621e-002
663 1.618615e-003 6.111281e-002
664 1.243098e-004 1.339881e-002
665 4.640716e-005 7.318049e-003
666 2.496922e-005 6.556630e-003
667 1.985096e-005 1.505719e-003
668 1.518645e-004 9.002959e-003
669 3.079247e-004 2.579419e-002
670 3.108845e-005 6.453391e-003
671 1.993955e-004 9.895785e-003
672 2.286554e-004 1.611547e-002
673 4.836529e-005 6.126382e-003
674 8.360288e-006 1.585920e-003
675 1.063362e-003 2.969002e-002
676 5.863070e-006 2.013406e-003
677 5.568467e-007 1.320010e-003
678 2.991908e-005 3.203458e-003
679 1.299984e-003 3.955265e-002
680 1.537741e-004 9.944053e-003
681 7.580891e-005 6.809765e-003
682 2.181106e-005 4.671675e-003
683 3.821755e-004 1.846566e-002
684 1.984042e-004 9.045101e-003
685 1.499233e-006 2.113663e-003
686 9.753068e-005 1.013224e-002
687 1.625357e-003 8.127915e-002
688 3.603186e-004 1.237420e-002
689 8.816842e-005 7.433605e-003
690 5.466178e-006 1.771949e-003
691 1.082206e-004 1.311386e-002
692 2.372457e-005 2.042037e-003
693 1.891281e-004 8.698510e-003
694 3.178997e-004 1.300581e-002
695 1.860800e-004 1.515219e-002
696 1.814309e-003 7.444152e-002
697 4.981190e-005 6.113244e-003
698 1.841477e-003 7.819489e-002
699 4.487119e-006 1.425249e-003
700 2.601517e-004 3.067544e-002
701 1.368131e-004 4.767926e-003
702 2.323192e-006 1.176739e-003
703 1.219654e-005 2.879278e-003
704 2.271833e-006 1.217119e-003
705 2.190683e-004 8.731204e-003
706 7.136461e-006 1.336031e-003
707 1.359144e-004 7.964215e-003
708 6.440494e-006 4.774557e-003
709 1.210166e-005 2.498732e-003
710 7.107299e-005 3.494258e-003
711 9.203193e-007 1.158053e-003
712 2.369709e-005 3.519970e-003
713 4.900525e-005 3.315498e-003
714 2.686662e-006 2.366464e-003
715 7.039902e-005 6.491643e-003
716 7.421532e-005 5.336173e-003
717 2.555832e-005 2.763060e-003
718 7.523490e-006 2.571171e-003
719 2.816336e-004 4.413807e-002
720 3.012228e-006 1.157924e-003
721 1.333378e-005 1.390071e-003
722 4.480369e-006 2.627092e-003
723 2.714960e-004 1.009835e-002
724 2.271005e-005 2.153390e-003
725 3.142646e-006 1.336765e-003
726 2.637966e-004 1.059645e-002
727 2.581520e-005 3.844624e-003
728 2.392265e-005 3.339217e-003
729 2.869105e-005 6.197035e-003
730 1.149941e-005 1.522928e-003
731 4.450079e-004 2.917074e-002
732 1.008507e-006 1.324562e-003
733 2.652979e-007 9.078407e-004
734 6.442004e-006 2.485792e-003
735 7.044219e-006 2.956237e-003
736 4.328390e-006 5.094276e-003
737 1.120177e-006 1.324223e-003
738 4.250563e-004 1.470049e-002
739 1.626381e-005 2.442395e-003
740 6.052147e-005 6.084434e-003
741 3.986922e-005 5.442257e-003
742 4.103829e-005 4.666075e-003
743 1.294307e-003 3.720887e-002
744 6.307881e-006 2.402444e-003
745 1.106211e-005 2.016347e-003
746 1.780491e-004 4.335277e-003
747 2.637747e-005 4.612036e-003
748 4.720081e-004 1.359107e-002
749 2.310946e-003 4.172279e-002
750 1.052263e-005 2.297786e-003
751 5.201691e-005 6.539072e-003
752 9.219317e-006 1.691047e-003
753 2.786927e-005 2.440999e-003
754 1.001605e-003 3.077911e-002
755 5.148371e-005 3.923016e-003
756 1.078425e-004 4.793291e-003
757 3.925309e-006 1.287754e-003
758 7.557240e-005 7.059801e-003
759 2.867781e-005 1.718676e-003
760 1.184698e-005 1.711924e-003
761 3.228000e-005 4.009659e-003
762 1.617996e-004 4.726079e-003
763 6.062491e-006 1.829275e-003
764 4.344513e-005 7.623801e-003
765 2.473967e-005 9.949136e-003
766 3.142765e-005 3.266643e-003
767 3.309431e-005 4.576545e-003
768 5.615145e-005 4.173836e-003
769 5.981994e-005 5.040019e-003
770 2.715704e-004 9.760201e-003
771 2.631753e-005 2.384923e-003
772 5.110601e-006 1.437709e-003
773 1.567063e-004 9.350035e-003
774 1.103415e-005 1.405418e-003
775 1.080757e-004 5.020873e-003
776 2.684062e-004 7.651146e-003
777 6.941236e-005 2.661112e-003
778 2.333092e-004 1.422460e-002
779 5.308016e-004 1.887401e-002
780 3.663283e-005 7.558494e-003
781 9.548283e-005 5.171220e-003
782 2.136618e-005 1.725487e-003
783 2.703852e-005 3.785742e-003
784 1.622467e-005 5.260199e-003
785 4.256152e-005 2.866622e-003
786 6.006853e-005 1.233453e-002
787 8.766219e-005 5.652724e-003
788 2.208363e-004 4.836201e-003
789 4.080250e-006 1.168290e-003
790 3.561672e-004 1.038342e-002
791 2.000281e-005 3.758295e-003
792 2.840016e-005 2.966718e-003
793 9.527855e-005 4.210109e-003
794 4.785088e-005 2.620437e-003
795 3.109584e-003 1.220728e-001
796 7.840914e-006 2.875934e-003
797 6.454149e-004 2.972305e-002
798 1.006345e-003 1.850554e-002
799 1.876273e-005 2.796597e-003
800 1.351162e-004 3.728355e-003
801 9.698211e-005 2.677584e-003
802 7.676643e-005 2.200875e-002
803 1.368733e-004 1.285744e-002
804 5.502700e-005 4.231570e-003
805 1.282888e-005 2.956571e-003
806 2.169419e-004 1.256232e-002
807 3.038411e-004 3.101596e-002
808 2.665489e-005 2.000240e-003
809 5.088054e-004 1.639390e-002
810 6.715341e-005 4.150260e-003
811 2.427148e-004 6.394066e-003
812 2.898026e-005 5.267381e-003
813 1.147930e-005 5.067032e-003
814 8.578413e-006 6.907713e-003
815 3.100441e-004 7.869201e-003
816 1.812206e-004 7.578085e-003
817 8.739589e-004 3.911701e-002
818 1.631524e-005 2.278659e-003
819 7.388476e-004 2.676432e-002
820 2.787373e-004 9.118151e-003
821 1.192577e-004 1.583068e-002
822 4.330609e-006 3.374119e-003
823 1.455144e-004 6.466356e-003
824 2.459228e-004 1.014623e-002
825 3.493553e-004 1.047595e-002
826 4.747807e-005 3.505685e-003
827 2.259521e-006 3.029346e-003
828 1.681907e-004 1.050634e-002
829 1.601436e-005 4.982417e-003
830 1.736890e-004 3.398007e-002
831 8.358577e-005 3.766107e-003
832 6.320028e-005 2.394737e-003
833 2.293791e-004 1.171966e-002
834 1.538297e-004 1.229291e-002
835 9.699218e-006 1.954586e-003
836 1.842932e-006 9.539304e-004
837 1.496438e-004 1.101227e-002
838 1.761741e-005 2.088674e-003
839 1.413985e-004 1.107824e-002
840 1.705156e-004 1.738800e-002
841 1.747669e-004 7.198355e-003
842 1.588699e-003 6.795095e-002
843 7.016120e-005 6.434189e-003
844 7.366461e-005 1.867613e-002
845 4.385950e-004 1.806176e-002
846 6.209441e-005 4.716530e-003
847 1.164699e-005 4.863865e-003
848 3.824829e-004 3.655783e-002
849 2.307427e-005 4.538862e-003
850 5.924552e-004 5.953710e-002
851 7.102587e-005 5.755926e-003
852 8.107797e-004 3.810092e-002
853 4.306132e-004 3.055051e-002
854 2.513941e-004 3.102970e-002
855 8.219735e-004 5.233071e-002
856 2.047214e-004 9.277201e-003
857 1.929478e-004 2.436806e-002
858 7.602054e-005 1.175562e-002
859 1.977734e-005 3.485311e-003
860 3.636947e-004 1.327620e-002
861 1.875018e-006 1.564460e-003
862 1.190005e-004 1.371839e-002
863 9.444903e-005 4.907026e-003
864 3.040240e-005 5.795220e-003
865 3.353384e-004 1.945379e-002
866 7.677307e-004 3.547105e-002
867 1.352085e-003 3.617321e-002
868 3.603085e-005 3.669008e-003
869 1.320621e-004 2.795347e-002
870 1.400597e-004 3.249519e-002
871 1.161168e-004 1.488234e-002
872 8.552724e-004 8.969098e-002
873 1.722964e-003 3.540142e-002
874 3.112700e-004 9.090618e-003
875 3.308347e-005 2.698318e-003
876 4.640585e-007 1.055713e-003
877 5.300140e-005 8.064052e-003
878 2.273024e-003 6.783225e-002
879 1.966523e-004 1.038991e-002
880 4.818256e-005 6.280809e-003
881 9.539497e-006 1.980097e-003
882 5.182065e-004 2.286258e-002
883 2.075511e-003 2.670869e-002
884 3.794749e-004 2.146822e-002
885 1.284763e-004 2.268293e-002
886 5.658481e-005 6.078835e-003
887 1.008387e-004 8.841610e-003
888 1.322710e-004 7.800831e-003
889 3.888139e-004 1.313008e-002
890 1.061930e-004 1.384472e-002
891 1.514821e-003 7.039389e-002
892 7.888260e-006 2.593105e-003
893 1.258495e-004 2.284242e-002
894 1.710623e-005 4.587029e-003
895 1.685891e-004 9.992317e-003
896 4.568038e-004 4.608872e-002
897 3.040514e-004 1.815368e-002
898 3.751050e-005 3.986968e-003
899 2.575474e-005 1.170811e-002
900 1.224621e-004 8.556763e-003
901 1.495781e-004 1.412289e-002
902 5.325328e-006 1.840938e-003
903 2.580204e-004 9.046692e-003
904 9.344609e-005 1.983594e-002
905 3.928777e-005 4.837574e-003
906 2.774669e-005 6.640354e-003
907 7.083233e-006 1.628753e-003
908 5.247589e-006 8.495187e-003
909 2.615869e-004 8.711211e-003
910 8.341147e-005 5.094647e-003
911 1.945104e-004 1.150375e-002
912 2.041320e-005 8.763449e-003
913 1.999422e-005 2.834493e-003
914 1.152083e-005 7.021962e-003
915 1.365332e-004 8.580456e-003
916 8.574374e-006 2.676190e-003
917 4.160610e-006 2.286258e-003
918 6.316018e-006 2.397230e-003
919 1.181568e-003 4.119428e-002
920 7.525315e-006 6.249113e-003
921 9.643055e-006 2.020458e-003
922 9.560886e-005 9.445977e-003
923 6.078654e-006 4.939498e-003
924 3.579436e-004 3.551593e-002
925 3.327752e-004 1.787179e-002
926 3.326342e-004 1.359888e-002
927 2.015243e-004 3.788368e-002
928 1.751510e-004 3.123914e-002
929 2.995163e-004 1.588481e-002
930 1.287479e-004 2.256065e-002
931 3.324229e-005 8.433966e-003
932 6.157175e-005 1.099509e-002
933 1.749332e-005 2.601490e-003
934 1.683248e-005 4.222976e-003
935 1.004230e-005 2.926330e-003
936 2.736317e-004 1.174789e-002
937 7.473593e-006 5.392793e-003
938 6.063510e-006 1.764394e-003
939 4.542406e-005 4.839478e-003
940 4.032323e-004 3.722704e-002
941 2.556427e-005 2.092276e-003
942 8.301544e-004 1.900075e-002
943 8.960117e-005 1.490055e-002
944 1.396890e-006 1.926015e-003
945 7.157273e-005 4.784882e-003
946 3.853914e-006 2.003891e-003
947 5.195873e-005 1.365503e-002
948 4.363630e-007 1.465579e-003
949 9.251109e-005 1.146485e-002
950 9.111773e-004 3.107265e-002
951 2.602786e-004 1.979823e-002
952 4.200126e-004 1.681294e-002
953 4.010281e-006 2.364999e-003
954 1.416040e-004 1.938621e-002
955 3.370565e-005 2.906018e-003
956 6.937584e-005 3.303250e-003
957 1.448716e-004 8.747850e-003
958 1.202775e-004 5.688676e-003
959 1.527761e-004 1.051113e-002
960 2.441777e-006 2.336593e-003
961 8.215750e-005 7.440038e-003
962 3.865634e-005 9.960039e-003
963 9.433844e-006 2.849577e-003
964 1.268952e-005 1.484427e-003
965 1.104618e-004 4.411957e-003
966 3.521016e-005 3.133528e-003
967 6.720541e-005 4.130660e-003
968 1.217329e-004 3.509897e-003
969 2.697032e-004 6.763503e-003
970 1.726849e-004 5.658672e-003
971 3.189260e-005 5.145114e-003
972 4.624077e-004 1.290802e-002
973 1.255045e-004 3.386118e-003
974 5.304468e-005 2.763729e-003
975 5.399072e-004 1.119596e-002
976 5.454776e-004 1.018594e-002
977 3.779318e-005 3.332192e-003
978 4.605588e-004 8.965200e-003
979 2.525514e-005 1.943047e-003
980 2.016097e-004 7.691365e-003
981 6.206505e-005 7.795063e-003
982 3.580973e-006 1.188634e-003
983 1.682509e-005 2.740662e-003
984 1.802413e-004 9.772354e-003
985 6.368282e-004 3.890256e-002
986 9.864370e-004 4.253343e-002
987 2.691365e-005 5.346611e-003
988 4.989729e-006 1.863816e-003
989 3.821717e-005 5.473819e-003
990 6.165811e-006 1.796383e-003
991 1.911526e-003 4.712881e-002
992 3.285308e-005 3.367467e-003
993 1.837923e-005 7.737651e-003
994 1.082428e-006 1.324179e-003
995 8.983532e-005 1.175823e-002
996 1.155523e-003 3.485084e-002
997 1.793352e-005 4.812827e-003
998 1.002660e-005 2.405074e-003
999 9.078342e-005 8.366772e-003
1000 1.082428e-006 1.324179e-003
1001 3.055760e-005 7.598560e-003
1002 3.487457e-004 3.327182e-002
1003 6.411710e-005 5.781479e-003
1004 7.153239e-004 2.048828e-002
1005 1.845941e-005 1.305973e-003
1006 1.239203e-003 3.172033e-002
1007 1.176149e-005 2.442417e-003
1008 4.235248e-005 4.069792e-003
1009 8.225672e-006 1.625440e-003
1010 5.785042e-005 5.338465e-003
1011 7.248398e-005 1.468457e-002
1012 5.421562e-004 6.874303e-002
1013 7.434322e-005 7.690504e-003
1014 3.493950e-005 3.952147e-003
1015 3.180555e-004 1.766482e-002
1016 6.067456e-005 3.744541e-003
1017 1.515809e-004 4.098659e-003
1018 5.677608e-004 3.733021e-002
1019 3.389805e-006 1.754190e-003
1020 3.814125e-005 1.007816e-002
1021 1.470818e-004 8.649515e-003
1022 2.638487e-006 1.345186e-003
1023 1.291296e-004 9.661596e-003
1024 1.255765e-004 4.205487e-003
1025 4.478171e-006 1.453527e-003
1026 5.540893e-006 1.849280e-003
1027 2.427852e-005 6.182256e-003
1028 4.689391e-004 6.627891e-002
1029 2.648855e-005 3.009863e-003
1030 3.835440e-006 2.359693e-003
1031 7.214407e-005 5.901077e-003
1032 1.596481e-003 5.470739e-002
1033 1.150101e-005 1.355141e-003
1034 1.028636e-004 9.306532e-003
1035 1.800514e-004 6.330225e-003
1036 1.957350e-004 1.369677e-002
1037 3.147082e-006 2.936528e-003
1038 1.170856e-005 2.347088e-003
1039 3.181047e-005 3.950761e-003
1040 1.118396e-005 2.650498e-003
1041 1.400758e-003 2.605157e-002
1042 5.091845e-005 3.172606e-003
1043 2.323192e-006 1.176739e-003
1044 9.033569e-006 2.369244e-003
1045 5.967869e-006 2.066439e-003
1046 4.299010e-007 1.267290e-003
1047 2.393360e-006 1.156370e-003
1048 1.904258e-005 4.033157e-003
1049 1.403050e-006 1.103759e-003
1050 2.209166e-003 7.649600e-002
1051 1.044192e-004 2.326499e-002
1052 7.334623e-006 1.666841e-003
1053 2.476621e-005 4.687490e-003
1054 8.280090e-006 1.582601e-003
1055 1.403050e-006 1.103759e-003
1056 3.340243e-005 4.110394e-003
1057 9.913706e-005 5.644147e-003
1058 1.305409e-005 1.318569e-003
1059 2.094238e-004 1.019082e-002
1060 9.428574e-006 1.182241e-003
1061 2.609719e-005 1.394640e-003
1062 1.403050e-006 1.103759e-003
1063 1.246049e-004 1.898854e-002
1064 2.418929e-004 9.563173e-003
1065 2.118778e-006 1.732976e-003
1066 5.981493e-006 1.049093e-003
1067 2.506302e-004 7.051987e-003
1068 1.173788e-005 1.340633e-003
1069 2.317083e-005 1.723920e-003
1070 1.403050e-006 1.103759e-003
1071 7.136461e-006 1.336031e-003
1072 2.286322e-005 2.051365e-003
1073 9.011751e-006 1.187151e-003
1074 5.496135e-006 1.711181e-003
1075 2.946271e-005 3.142694e-003
1076 1.476498e-005 2.494580e-003
1077 1.946078e-005 3.394621e-003
1078 6.652785e-005 5.055428e-003
1079 3.951720e-005 2.438525e-003
1080 4.395744e-004 1.567986e-002
1081 4.332609e-004 1.497970e-002
1082 2.340317e-005 2.586721e-003
1083 6.261773e-006 2.046265e-003
1084 2.365025e-006 1.118431e-003
1085 1.066321e-005 1.318825e-003
1086 2.437564e-005 2.332245e-003
1087 2.695626e-006 1.245150e-003
1088 1.499564e-005 2.013589e-003
1089 2.511023e-006 1.194525e-003
1090 3.633582e-006 1.115652e-003
1091 6.438610e-006 1.273353e-003
1092 1.109058e-005 1.388368e-003
1093 1.756834e-004 8.904939e-003
1094 7.104824e-005 5.714329e-003
1095 5.170161e-006 1.898738e-003
1096 2.043697e-004 9.007817e-003
1097 2.266441e-004 2.393790e-002
1098 1.842151e-005 7.053792e-003
1099 2.860557e-005 2.988953e-003
1100 1.329337e-006 1.077345e-003
1101 2.250908e-004 1.248574e-002
1102 8.236199e-005 8.977900e-003
1103 1.571237e-005 2.911794e-003
1104 1.579472e-004 1.425324e-002
1105 5.629052e-006 1.957717e-003
1106 3.231729e-004 1.307022e-002
1107 1.534300e-005 2.182097e-003
1108 3.345537e-005 5.420306e-003
1109 3.163100e-006 1.753955e-003
1110 5.691784e-005 6.417997e-003
1111 5.687663e-006 1.732032e-003
1112 3.417155e-006 1.726287e-003
1113 9.424050e-005 1.011217e-002
1114 5.723196e-005 5.028685e-003
1115 2.971402e-004 1.179189e-002
1116 3.284549e-006 1.939224e-003
1117 3.973080e-004 1.411137e-002
1118 2.515092e-005 3.957683e-003
1119 2.817559e-004 1.775352e-002
1120 6.259991e-004 1.580504e-002
1121 2.663111e-005 3.217262e-003
1122 8.630513e-005 9.474375e-003
1123 1.414456e-005 2.659615e-003
1124 8.078069e-005 1.132505e-002
1125 1.352850e-005 3.014521e-003
1126 2.795552e-005 5.905891e-003
1127 3.805666e-006 4.011100e-003
1128 5.487572e-004 2.786876e-002
1129 3.741586e-005 3.051323e-003
1130 7.649575e-005 8.960931e-003
1131 4.600968e-004 1.756589e-002
1132 3.708254e-005 3.688868e-003
1133 1.175217e-005 1.728223e-003
1134 7.202242e-005 5.193710e-003
1135 3.202824e-005 4.575376e-003
1136 1.114869e-004 7.272683e-003
1137 1.397658e-004 1.283830e-002
1138 1.770093e-006 1.834273e-003
1139 3.070039e-005 3.017371e-003
1140 2.310357e-006 2.094635e-003
1141 3.432707e-005 3.720446e-003
1142 2.359262e-004 8.198082e-003
1143 4.072847e-004 3.734293e-002
1144 6.410886e-005 5.145274e-003
1145 5.030466e-004 1.441151e-002
1146 7.974534e-004 4.000046e-002
1147 4.454028e-004 1.906493e-002
1148 2.410639e-006 2.296721e-003
1149 3.100652e-004 1.540973e-002
1150 1.070026e-005 2.103999e-003
1151 6.796132e-005 7.404276e-003
1152 2.295733e-004 1.345575e-002
1153 2.083620e-005 4.771380e-003
1154 4.767780e-006 1.763342e-003
1155 1.193935e-003 1.774933e-002
1156 3.341867e-005 1.773779e-003
1157 1.115220e-004 9.178999e-003
1158 2.966715e-005 3.437882e-003
1159 1.877805e-006 1.477764e-003
1160 1.018191e-005 2.319570e-003
1161 1.194658e-004 9.700979e-003
1162 9.377582e-004 3.365513e-002
1163 2.597685e-005 2.252619e-003
1164 4.758440e-004 2.916546e-002
1165 1.410296e-003 4.797176e-002
1166 7.936651e-005 3.521491e-003
1167 6.058701e-004 3.194264e-002
1168 6.823260e-005 7.192768e-003
1169 6.233655e-005 6.768290e-003
1170 3.964825e-005 5.003798e-003
1171 6.837149e-005 7.712707e-003
1172 8.288388e-004 3.112288e-002
1173 7.934316e-007 1.082783e-003
1174 1.345851e-003 2.685138e-002
1175 2.236923e-004 5.522922e-003
1176 4.646764e-006 1.570177e-003
1177 1.814857e-004 1.722546e-002
1178 8.800813e-004 4.300649e-002
1179 2.915221e-004 8.105418e-003
1180 5.331840e-005 5.042016e-003
1181 2.717571e-006 1.252666e-003
1182 2.751941e-005 6.577090e-003
1183 1.847584e-004 8.620682e-003
1184 2.062194e-004 9.720644e-003
1185 9.908923e-005 8.883007e-003
1186 1.606160e-004 1.108939e-002
1187 3.624069e-005 2.214351e-003
1188 5.064819e-006 1.750867e-003
1189 1.747280e-005 1.878665e-003
1190 2.095499e-006 1.955729e-003
1191 6.299062e-006 2.065738e-003
1192 1.661332e-003 6.131354e-002
1193 1.119338e-005 3.027826e-003
1194 3.181864e-004 1.296676e-002
1195 5.691746e-004 1.286705e-002
1196 1.257464e-005 4.346994e-003
1197 1.064387e-005 2.674083e-003
1198 1.160724e-005 1.369659e-003
1199 1.768217e-004 1.356802e-002
1200 3.125209e-004 1.559485e-002
1201 1.343062e-006 1.105823e-003
1202 4.179879e-005 4.799512e-003
1203 2.838455e-004 1.682074e-002
1204 3.541463e-005 3.345092e-003
1205 1.488869e-006 1.919905e-003
1206 7.153508e-004 2.965245e-002
1207 9.339046e-006 2.823211e-003
1208 1.691913e-005 2.963675e-003
1209 6.245212e-004 2.070622e-002
1210 1.016183e-004 4.114073e-003
1211 1.213245e-004 8.733738e-003
1212 1.060544e-005 2.385954e-003
1213 7.583398e-005 3.855000e-003
1214 5.066291e-005 1.681885e-003
1215 6.696888e-006 2.029457e-003
1216 4.214282e-006 2.073702e-003
1217 2.106663e-004 2.132446e-002
1218 5.567134e-005 3.213232e-003
1219 4.746298e-005 2.623865e-003
1220 1.018201e-004 1.414122e-002
1221 1.090512e-004 1.239830e-002
1222 1.877065e-004 1.793752e-002
1223 1.736837e-004 1.282186e-002
1224 3.402782e-005 7.166805e-003
1225 1.465676e-005 1.751607e-003
1226 4.110258e-006 1.326974e-003
1227 2.960044e-005 3.427850e-003
1228 9.362243e-005 5.277094e-003
1229 2.180805e-004 7.605729e-003
1230 6.332224e-005 4.795230e-003
1231 3.051256e-004 2.120908e-002
1232 3.523813e-005 4.957065e-003
1233 1.405979e-004 6.421567e-003
1234 1.275071e-005 7.346292e-003
1235 7.242185e-004 3.220061e-002
1236 2.991029e-005 3.981495e-003
1237 1.155266e-003 7.475896e-002
1238 5.306803e-005 8.457502e-003
1239 3.707356e-005 4.607768e-003
1240 2.648593e-005 2.533832e-003
1241 6.074805e-006 1.884034e-003
1242 8.938042e-004 6.177243e-002
1243 1.623526e-004 1.104630e-002
1244 9.748656e-006 2.680077e-003
1245 3.530158e-005 3.786192e-003
1246 3.449175e-006 1.878593e-003
1247 1.014494e-005 3.067874e-003
1248 2.023659e-004 1.759553e-002
1249 1.188486e-004 8.420720e-003
1250 2.340701e-005 5.602448e-003
1251 2.546802e-004 6.304755e-003
1252 3.320884e-005 3.297038e-003
1253 1.702856e-003 6.461255e-002
1254 6.020492e-005 4.529188e-003
1255 1.100884e-004 6.297417e-003
1256 1.190265e-005 1.551814e-003
1257 9.219732e-004 3.107266e-002
1258 1.643108e-005 3.678497e-003
1259 1.328650e-004 1.108880e-002
1260 8.976311e-004 4.414876e-002
1261 4.444952e-005 3.185842e-003
1262 9.487987e-005 6.481277e-003
1263 2.548623e-004 2.458297e-002
1264 3.780002e-004 1.524786e-002
1265 6.741451e-005 7.086885e-003
1266 3.135127e-004 2.389588e-002
1267 2.286644e-004 1.074557e-002
1268 2.832815e-005 8.260798e-003
1269 5.253521e-005 7.131973e-003
1270 4.079752e-003 3.640279e-002
1271 2.007547e-004 1.174407e-002
1272 1.571646e-006 1.219223e-003
1273 2.222859e-004 1.058484e-002
1274 1.617625e-004 1.410794e-002
1275 2.661915e-004 1.081863e-002
1276 3.131560e-004 1.249699e-002
1277 1.165460e-003 1.897766e-002
1278 8.605444e-004 2.109996e-002
1279 9.637502e-006 1.916417e-003
1280 7.016865e-004 4.086113e-002
1281 4.653794e-005 3.144223e-003
1282 8.263001e-005 4.386457e-003
1283 4.799388e-005 1.433063e-002
1284 3.586184e-005 1.866515e-003
1285 3.306315e-004 9.535629e-003
1286 8.209619e-006 2.903292e-003
1287 7.436659e-005 5.850252e-003
1288 1.805275e-004 5.110740e-003
1289 4.840688e-005 5.679780e-003
1290 6.603247e-005 2.053695e-002
1291 2.694252e-005 3.633589e-003
1292 1.401717e-003 9.662276e-002
1293 1.077244e-005 3.004490e-003
1294 5.109945e-005 4.182448e-003
1295 1.276517e-005 2.616530e-003
1296 1.205297e-004 9.394462e-003
1297 8.997630e-004 2.446509e-002
1298 2.350361e-005 8.605496e-003
1299 3.484468e-005 2.109685e-003
1300 3.722231e-005 2.000437e-003
1301 1.057581e-005 2.800756e-003
1302 2.806225e-004 1.323302e-002
1303 1.916011e-005 5.793613e-003
1304 3.760068e-005 4.523836e-003
1305 5.023506e-005 1.165016e-002
1306 5.651244e-005 2.202174e-003
1307 5.970827e-005 3.325249e-003
1308 1.178871e-005 2.219202e-003
1309 2.949086e-004 2.249950e-002
1310 1.888207e-006 1.343898e-003
1311 2.599754e-003 5.283300e-002
1312 6.141403e-004 4.259076e-002
1313 6.857748e-006 1.511621e-003
1314 2.325400e-005 3.965086e-003
1315 5.875292e-006 2.142213e-003
1316 1.250714e-005 1.573315e-003
1317 2.878546e-006 1.246632e-003
1318 1.481992e-004 2.513887e-002
1319 1.551859e-003 4.202572e-002
1320 1.410190e-005 3.179898e-003
1321 1.422901e-004 8.915389e-003
1322 1.355757e-006 1.107631e-003
1323 1.250714e-005 1.573315e-003
1324 9.337604e-005 6.575122e-003
1325 5.218112e-005 8.164952e-003
1326 2.315791e-005 3.741857e-003
1327 2.785656e-004 1.125925e-002
1328 1.313553e-005 1.925174e-003
1329 4.597456e-005 5.047400e-003
1330 4.378905e-005 5.421556e-003
1331 1.473775e-005 1.819395e-003
1332 4.732789e-006 1.297500e-003
1333 1.020524e-004 2.722924e-003
1334 1.200804e-004 4.356137e-003
1335 1.503928e-004 8.086225e-003
1336 1.228516e-005 2.781302e-003
1337 2.010035e-005 2.693542e-003
1338 4.845029e-005 2.745478e-003
1339 1.593622e-004 6.833388e-003
1340 3.771226e-005 3.886051e-003
1341 1.224321e-003 2.135824e-002
1342 1.250714e-005 1.573315e-003
1343 1.228171e-005 1.594765e-003
1344 1.267574e-005 2.945075e-003
1345 4.201319e-005 1.147416e-002
1346 2.361316e-004 4.651305e-003
1347 4.949076e-006 1.267893e-003
1348 2.899297e-005 6.037120e-003
1349 8.370482e-004 6.593478e-002
1350 1.140463e-004 3.887317e-003
1351 2.976830e-005 3.693499e-003
1352 6.077716e-005 5.517860e-003
1353 1.109399e-004 6.469090e-003
1354 2.537050e-005 3.978670e-003
1355 6.492103e-005 4.310423e-003
1356 1.280321e-004 8.874323e-003
1357 5.220005e-005 4.661722e-003
1358 4.317229e-005 3.012594e-003
1359 1.362105e-005 1.755236e-003
1360 2.962428e-005 3.019286e-003
1361 3.662155e-005 4.077008e-003
1362 1.302753e-004 4.311455e-003
1363 3.051902e-005 4.119465e-003
1364 2.728914e-004 1.006571e-002
1365 1.632361e-005 3.962212e-003
1366 1.952196e-005 3.489808e-003
1367 1.126234e-005 1.429703e-003
1368 3.238092e-004 2.170350e-002
1369 1.043583e-006 2.429849e-003
1370 2.908677e-006 1.504277e-003
1371 8.845405e-005 9.299744e-003
1372 1.106328e-005 3.581518e-003
1373 3.599563e-005 2.213607e-003
1374 1.865060e-005 2.604602e-003
1375 9.582604e-005 4.188258e-003
1376 1.788406e-003 1.556826e-001
1377 4.611662e-005 5.955910e-003
1378 4.035705e-006 1.251422e-003
1379 1.961604e-005 1.466128e-003
1380 1.363015e-003 4.461164e-002
1381 1.228516e-005 2.781302e-003
1382 3.890364e-006 1.126559e-003
1383 1.279310e-004 1.149671e-002
1384 1.508941e-005 3.834786e-003
1385 1.508941e-005 3.834786e-003
1386 2.490742e-005 4.102770e-003
1387 2.203936e-005 4.062032e-003
1388 3.865971e-005 2.134978e-003
1389 3.023089e-005 2.337131e-003
1390 2.309158e-005 1.493694e-003
1391 4.213747e-005 4.743105e-003
1392 1.166342e-005 1.430711e-003
1393 5.664486e-005 6.503835e-003
1394 2.618370e-005 4.977923e-003
1395 7.587700e-004 1.499485e-002
1396 1.533236e-004 1.505658e-002
1397 7.000622e-006 2.518746e-003
1398 7.283212e-005 1.211446e-002
1399 1.413934e-004 1.305557e-002
1400 8.153776e-006 3.810505e-003
1401 7.931065e-004 3.122494e-002
1402 3.731357e-005 2.244538e-003
1403 1.266481e-005 3.644079e-003
1404 1.727947e-005 1.725435e-003
1405 7.663635e-006 3.632685e-003
1406 4.917116e-005 7.347882e-003
1407 3.678847e-005 2.034376e-003
1408 1.107949e-003 6.353033e-002
1409 3.826912e-004 3.423205e-002
1410 1.593564e-004 6.668881e-003
1411 7.209065e-005 2.919005e-003
1412 3.644493e-005 3.669929e-003
1413 1.372680e-006 1.122380e-003
1414 1.328004e-005 2.010529e-003
1415 5.164479e-005 2.235143e-003
1416 1.003010e-005 2.661121e-003
1417 1.966830e-005 1.625448e-003
1418 2.190870e-005 3.736467e-003
1419 2.386447e-005 2.893470e-003
1420 9.790824e-005 5.765664e-003
1421 1.036643e-004 4.518939e-003
1422 1.457025e-004 5.563206e-003
1423 2.844521e-005 2.786675e-003
1424 7.213328e-005 2.560121e-003
1425 7.213328e-005 2.560121e-003
1426 7.213328e-005 2.560121e-003
1427 4.334958e-005 2.372460e-003
1428 5.619328e-005 3.588919e-003
1429 5.732640e-005 4.721948e-003
1430 2.176621e-004 1.601584e-002
1431 1.474740e-004 1.849631e-002
1432 9.247987e-005 1.397978e-002
1433 5.969873e-005 4.810223e-003
1434 2.338588e-005 2.163535e-003
1435 8.988507e-005 1.993604e-003
1436 1.794667e-005 3.174287e-003
1437 8.306348e-006 1.781608e-003
1438 1.311588e-004 3.645800e-003
1439 1.919658e-003 3.334800e-002
1440 5.856282e-006 2.517933e-003
1441 4.836202e-006 1.574514e-003
1442 2.259696e-005 4.128605e-003
1443 1.395314e-005 3.578920e-003
1444 2.499960e-005 2.774175e-003
1445 5.405671e-005 4.717789e-003
1446 1.482174e-005 2.018895e-003
1447 3.090654e-003 1.025624e-001
1448 5.684857e-006 1.700465e-003
1449 7.755865e-006 2.761627e-003
1450 5.645147e-005 5.283588e-003
1451 1.363930e-004 7.283486e-003
1452 5.468795e-004 1.338802e-002
1453 8.981082e-006 2.854206e-003
1454 3.855500e-005 2.110481e-003
1455 7.991713e-005 3.319375e-003
1456 7.058403e-006 1.320428e-003
1457 5.743982e-006 1.788024e-003
1458 1.387268e-005 1.967848e-003
1459 6.358625e-005 2.483536e-003
1460 1.348342e-004 9.177678e-003
1461 1.173788e-005 1.340633e-003
1462 7.136461e-006 1.336031e-003
1463 4.420185e-006 1.328081e-003
1464 9.477224e-006 1.749435e-003
1465 4.043275e-006 1.273310e-003
1466 1.648993e-004 1.149126e-002
1467 4.571288e-005 3.249594e-003
1468 5.720325e-005 4.344690e-003
1469 6.624206e-005 6.910348e-003
1470 1.537330e-005 3.438310e-003
1471 5.290904e-005 6.095473e-003
1472 3.913671e-005 4.872211e-003
1473 3.020922e-005 2.566929e-003
1474 6.748565e-005 1.228770e-002
1475 4.971397e-006 1.663581e-003
1476 1.440049e-004 1.082546e-002
1477 1.322446e-006 1.721145e-003
1478 1.334897e-004 8.717411e-003
1479 2.241505e-005 8.379426e-003
1480 7.287267e-004 2.016088e-002
1481 1.406989e-004 2.056011e-002
1482 9.739369e-005 9.327280e-003
1483 6.835377e-006 2.594091e-003
1484 2.160522e-004 3.887135e-002
1485 1.775355e-004 1.676188e-002
1486 2.239010e-004 2.452483e-002
1487 3.894437e-006 1.829891e-003
1488 2.979418e-004 7.075526e-003
1489 4.555307e-006 1.254522e-003
1490 1.776227e-005 2.531303e-003
1491 1.358880e-004 3.197579e-002
1492 1.917207e-005 6.084068e-003
1493 1.732579e-004 6.324561e-003
1494 1.192460e-005 2.640708e-003
1495 3.926418e-005 4.510291e-003
1496 3.115653e-005 3.325061e-003
1497 7.962700e-004 3.161311e-002
1498 1.731091e-005 4.598809e-003
1499 7.264233e-006 2.739854e-003
1500 2.724228e-005 3.100076e-003
1501 8.453233e-006 4.548598e-003
1502 3.202259e-004 1.440451e-002
1503 8.633508e-004 3.062663e-002
1504 8.109125e-005 6.951220e-003
1505 5.777355e-005 3.893325e-003
1506 3.145404e-005 3.037912e-003
1507 8.795332e-005 4.515538e-003
1508 8.460176e-004 2.644680e-002
1509 4.563198e-005 2.852184e-003
1510 5.682841e-005 5.379530e-003
1511 2.220201e-005 3.604261e-003
1512 7.991450e-005 4.444222e-003
1513 5.716652e-005 4.975938e-003
1514 3.823534e-005 5.125379e-003
1515 8.099143e-004 3.030280e-002
1516 8.746383e-005 8.928767e-003
1517 8.199200e-004 2.409546e-002
1518 3.017530e-005 4.419528e-003
1519 8.524060e-005 7.610869e-003
1520 1.375460e-005 1.561004e-003
1521 7.195343e-005 5.595309e-003
1522 8.223461e-005 8.121576e-003
1523 8.895371e-005 4.965821e-003
1524 6.248407e-005 8.802187e-003
1525 1.198741e-004 1.270249e-002
1526 5.933941e-005 9.781856e-003
1527 8.966207e-005 9.010577e-003
1528 7.263646e-005 5.756204e-003
1529 3.816961e-005 3.788414e-003
1530 7.022054e-005 1.168574e-002
1531 4.916777e-005 6.135397e-003
1532 1.508941e-005 3.834786e-003
1533 3.015818e-005 4.616680e-003
1534 4.793596e-005 5.739215e-003
1535 7.136461e-006 1.336031e-003
1536 2.314507e-005 2.057235e-003
1537 1.910429e-005 2.871991e-003
1538 3.203950e-005 3.108539e-003
1539 1.866710e-005 1.544164e-003
1540 7.054545e-005 6.206600e-003
1541 1.025000e-003 3.910926e-002
1542 7.697273e-004 3.506058e-002
1543 1.098762e-003 5.470412e-002
1544 7.398693e-005 5.447072e-003
1545 2.992555e-004 1.112334e-002
1546 4.602914e-005 3.223201e-003
1547 5.423910e-004 2.554601e-002
1548 1.241770e-004 6.245613e-003
1549 1.210913e-005 2.995682e-003
1550 3.318536e-006 4.257326e-003
1551 1.168878e-005 2.921607e-003
1552 9.096037e-004 3.013181e-002
1553 6.247441e-003 9.445949e-002
1554 7.252053e-005 7.050216e-003
1555 7.619492e-004 3.153683e-002
1556 5.318943e-005 8.672411e-003
1557 5.529965e-004 2.902171e-002
1558 1.501639e-004 9.688039e-003
1559 7.046076e-005 7.233415e-003
1560 3.388832e-004 1.566603e-002
1561 4.852633e-004 3.694694e-002
1562 5.169904e-006 5.564190e-003
1563 1.893652e-005 8.801835e-003
1564 3.955415e-004 2.947686e-002
1565 5.000705e-005 1.137755e-002
1566 1.644519e-005 4.878532e-003
1567 3.643113e-003 8.475835e-002
1568 9.463453e-005 1.151262e-002
1569 3.322972e-005 3.558942e-003
1570 8.995840e-004 1.849020e-002
1571 5.353129e-006 1.729658e-003
1572 4.682462e-005 2.364105e-003
1573 2.968768e-003 4.379083e-002
1574 2.805883e-005 7.037815e-003
1575 2.493180e-004 1.388278e-002
1576 1.942160e-004 1.103625e-002
1577 4.779045e-004 5.125255e-002
1578 1.546063e-004 6.765208e-003
1579 1.401227e-005 3.559746e-003
1580 3.381987e-003 5.775669e-002
1581 2.590137e-004 5.634461e-003
1582 5.190569e-006 2.864376e-003
1583 5.863272e-004 1.799467e-002
1584 4.612366e-005 6.991056e-003
1585 5.904457e-004 3.570483e-002
1586 3.188857e-005 6.502507e-003
1587 5.059894e-006 1.902977e-003
1588 1.129178e-004 3.505007e-003
1589 1.510180e-006 2.862170e-003
1590 2.185994e-005 2.714388e-003
1591 1.595974e-005 4.050941e-003
1592 2.872586e-005 2.864722e-003
1593 2.993542e-005 2.311370e-003
1594 6.635155e-005 7.898152e-003
1595 1.435715e-005 2.551433e-003
1596 2.015018e-004 2.195267e-002
1597 4.717055e-005 5.436669e-003
1598 1.579082e-005 3.503829e-003
1599 1.488637e-003 4.650114e-002
1600 7.704939e-005 7.305119e-003
1601 1.500894e-005 2.608343e-003
1602 2.865428e-003 1.030545e-001
1603 3.061558e-005 6.714333e-003
1604 3.779208e-005 3.170783e-003
1605 1.839385e-005 1.643727e-003
1606 8.085362e-004 9.662003e-002
1607 2.260182e-004 8.847633e-003
1608 2.471455e-005 3.998258e-003
1609 2.283954e-004 1.830202e-002
1610 1.583971e-003 6.900607e-002
1611 5.913768e-005 9.209246e-003
1612 5.595760e-006 3.375189e-003
1613 6.037131e-007 1.195859e-003
1614 1.159868e-004 8.493050e-003
1615 1.807794e-003 5.300671e-002
1616 1.904018e-005 2.338387e-003
1617 4.733624e-006 3.276933e-003
1618 7.533240e-006 1.415288e-003
1619 1.075914e-004 1.715731e-002
1620 6.429258e-004 3.956217e-002
1621 9.320430e-004 7.957537e-002
1622 1.634583e-004 6.386716e-003
1623 3.422417e-004 3.686944e-002
1624 3.459624e-004 2.818872e-002
1625 1.073842e-005 3.861471e-003
1626 7.816731e-004 2.645710e-002
1627 9.860065e-005 8.978208e-003
1628 2.066498e-004 2.169347e-002
1629 3.503048e-004 3.666903e-002
1630 9.548897e-004 4.444867e-002
1631 2.871470e-004 3.115571e-002
1632 2.127453e-004 2.573682e-002
1633 4.875943e-006 2.883982e-003
1634 2.913980e-005 5.549808e-003
1635 1.639485e-006 1.105001e-003
1636 6.814396e-006 2.637358e-003
1637 3.386773e-006 1.522654e-003
1638 1.917969e-005 2.455452e-003
1639 1.325595e-006 1.799468e-003
1640 2.724547e-004 1.571602e-002
1641 3.050026e-004 9.590002e-003
1642 1.262841e-003 2.817276e-002
1643 4.989708e-004 1.275810e-002
1644 3.184786e-005 7.167802e-003
1645 3.283540e-005 3.674162e-003
1646 3.125837e-003 1.611264e-001
1647 1.653750e-004 6.538305e-003
1648 1.094399e-005 2.691528e-003
1649 1.006477e-003 7.197842e-002
1650 3.219730e-004 1.580181e-002
1651 8.612169e-006 3.499900e-003
1652 3.057520e-004 3.296726e-002
1653 9.016639e-004 4.630206e-002
1654 9.265159e-005 1.692376e-002
1655 4.439469e-004 3.435003e-002
1656 1.195753e-004 1.066970e-002
1657 7.150126e-005 8.234212e-003
1658 1.042973e-005 4.035325e-003
1659 1.642759e-004 7.160192e-003
1660 9.881263e-005 4.908295e-003
1661 1.402412e-004 4.463893e-003
1662 3.918669e-005 3.922681e-003
1663 1.859630e-004 2.890381e-002
1664 4.777795e-005 5.744815e-003
1665 1.087413e-005 4.282105e-003
1666 2.263237e-004 1.400577e-002
1667 2.862614e-004 1.936947e-002
1668 1.600766e-007 8.822902e-004
1669 6.058717e-005 9.287203e-003
1670 1.045016e-005 2.040489e-003
1671 4.410852e-005 8.391130e-003
1672 7.994995e-004 4.055534e-002
1673 4.248328e-005 1.092842e-002
1674 8.914348e-005 7.336465e-003
1675 6.380721e-005 5.026783e-003
1676 7.658640e-006 2.483512e-003
1677 1.313774e-005 6.572595e-003
1678 4.467970e-006 3.376358e-003
1679 1.706762e-006 1.350618e-003
1680 1.455365e-004 6.494681e-003
1681 1.454399e-004 1.393761e-002
1682 6.765002e-005 9.606195e-003
1683 6.068361e-006 1.349412e-003
1684 1.315320e-005 2.162938e-003
1685 3.215003e-005 7.987273e-003
1686 4.909623e-005 7.659050e-003
1687 8.795876e-005 1.938416e-002
1688 1.251629e-004 7.931096e-003
1689 1.429177e-004 6.897532e-003
1690 4.860320e-006 1.315002e-003
1691 3.826290e-006 1.554754e-003
1692 4.705330e-005 3.825937e-003
1693 9.376135e-005 8.489791e-003
1694 4.381081e-004 1.668563e-002
1695 9.917777e-006 1.452579e-003
1696 2.090327e-003 8.093854e-002
1697 1.007926e-004 5.414588e-003
1698 8.037829e-004 2.957382e-002
1699 1.978026e-003 7.573296e-002
1700 1.858226e-005 3.545669e-003
1701 3.150102e-004 1.596030e-002
1702 7.283650e-004 2.323929e-002
1703 8.328520e-004 2.518106e-002
1704 3.962965e-006 1.258343e-003
1705 1.192626e-005 1.458438e-003
1706 7.857837e-006 1.721062e-003
1707 2.386726e-004 1.218101e-002
1708 4.499000e-005 7.114371e-003
1709 3.512696e-005 8.830764e-003
1710 3.917263e-005 1.033423e-002
1711 2.724499e-004 1.060263e-002
1712 1.934971e-004 1.857389e-002
1713 1.124853e-005 6.252064e-003
1714 1.100001e-004 1.347752e-002
1715 2.766420e-005 5.155747e-003
1716 2.750558e-005 3.693509e-003
1717 1.411230e-004 1.006648e-002
1718 1.189305e-004 8.902477e-003
1719 2.374501e-005 6.239163e-003
1720 3.974484e-005 6.751063e-003
1721 1.937315e-004 2.395330e-002
1722 3.877416e-005 6.584910e-003
1723 8.926985e-004 6.182370e-002
1724 1.706704e-005 2.072624e-003
1725 7.098857e-005 8.461124e-003
1726 4.265690e-004 2.294770e-002
1727 1.936712e-004 9.730975e-003
1728 2.229130e-004 1.091142e-002
1729 5.010359e-006 3.211877e-003
1730 4.388410e-004 2.280514e-002
1731 1.799452e-005 4.684042e-003
1732 1.005330e-005 1.653329e-003
1733 5.498763e-007 1.005959e-003
1734 4.181147e-004 8.300481e-003
1735 2.731448e-004 8.099339e-003
1736 2.599094e-006 1.101302e-003
1737 1.623299e-004 7.056266e-003
1738 1.502293e-005 1.705222e-003
1739 4.500031e-005 8.153693e-003
1740 8.913412e-004 3.833899e-002
1741 1.143105e-005 4.050746e-003
1742 1.190934e-003 2.260326e-002
1743 2.675164e-004 1.727092e-002
1744 2.057264e-004 7.828837e-003
1745 7.266935e-005 6.192208e-003
1746 3.181369e-005 1.666609e-003
1747 2.272393e-005 6.046633e-003
1748 1.244654e-003 1.035562e-001
1749 4.994109e-005 6.565393e-003
1750 2.676722e-005 6.707491e-003
1751 3.361678e-005 5.428497e-003
1752 6.393259e-006 1.807379e-003
1753 3.854334e-004 1.040932e-002
1754 4.910206e-006 4.829620e-003
1755 3.180116e-005 3.494154e-003
1756 6.415693e-005 1.592791e-002
1757 5.836742e-005 1.220155e-002
1758 9.264943e-005 4.692294e-003
1759 1.270226e-005 3.678397e-003
1760 1.010832e-003 5.535816e-002
1761 1.619694e-005 6.220987e-003
1762 1.155196e-005 2.887492e-003
1763 5.531103e-005 9.899984e-003
1764 6.326333e-005 5.221812e-003
1765 1.655774e-004 1.313862e-002
1766 1.752299e-005 2.889236e-003
1767 5.128113e-005 3.439884e-003
1768 2.856719e-004 1.575614e-002
1769 1.614197e-004 5.871873e-003
1770 4.673495e-005 6.159609e-003
1771 3.999903e-005 6.434031e-003
1772 1.814043e-003 6.166392e-002
1773 4.548187e-004 5.482548e-002
1774 1.143991e-005 2.576019e-003
1775 1.507397e-005 2.405863e-003
1776 1.219380e-004 1.525696e-002
1777 3.342913e-005 3.969676e-003
1778 2.651631e-005 4.782794e-003
1779 5.941413e-005 1.004296e-002
1780 6.887555e-006 2.556225e-003
1781 1.595958e-006 1.261896e-003
1782 1.634283e-005 2.828413e-003
1783 5.099458e-005 5.811259e-003
1784 2.797250e-004 1.274074e-002
1785 1.588379e-005 2.515980e-003
1786 1.221894e-004 2.029294e-002
1787 1.905816e-004 1.764679e-002
1788 1.432194e-005 3.896282e-003
1789 1.957396e-004 2.585502e-002
1790 2.769335e-006 1.523845e-003
1791 2.594208e-005 2.650073e-003
1792 2.100873e-005 2.593112e-003
1793 2.068344e-005 8.734929e-003
1794 7.189142e-005 1.372494e-002
1795 4.881592e-006 1.545097e-003
1796 1.205918e-003 5.672201e-002
1797 1.772879e-004 1.154484e-002
1798 3.345075e-005 4.779807e-003
1799 3.042091e-006 2.014332e-003
1800 4.895826e-004 2.452471e-002
1801 1.000332e-005 2.077679e-003
1802 2.245990e-004 1.030813e-002
1803 3.081163e-006 1.833529e-003
1804 5.546486e-006 1.794994e-003
1805 1.536084e-005 1.083631e-002
1806 5.056541e-005 3.760026e-003
1807 2.948816e-006 1.315943e-003
1808 1.042887e-003 1.351624e-001
1809 4.765585e-005 6.015547e-003
1810 2.568929e-004 1.366012e-002
1811 6.118585e-005 5.972706e-003
1812 3.202947e-005 4.056406e-003
1813 3.129908e-005 6.996392e-003
1814 9.559269e-006 1.926334e-003
1815 1.081277e-004 1.507384e-002
1816 1.117042e-004 1.246367e-002
1817 1.097306e-005 2.722621e-003
1818 2.145576e-005 3.998371e-003
1819 2.700821e-006 2.056247e-003
1820 3.307805e-006 1.419399e-003
1821 6.979124e-006 3.248875e-003
1822 7.157570e-005 1.300648e-002
1823 5.928022e-004 1.778795e-002
1824 2.723990e-004 2.893404e-002
1825 4.314157e-004 2.501923e-002
1826 8.307209e-004 1.715597e-002
1827 2.052583e-004 1.123877e-002
1828 1.072910e-004 6.073735e-003
1829 1.809913e-005 6.927958e-003
1830 7.329022e-006 2.636310e-003
1831 9.841561e-006 1.442927e-003
1832 6.436615e-005 1.112143e-002
1833 6.483626e-005 2.683775e-003
1834 2.833238e-005 2.668889e-003
1835 1.858986e-005 3.089689e-003
1836 2.057120e-004 2.217667e-002
1837 2.719334e-004 1.655066e-002
1838 3.480862e-005 2.281119e-003
1839 2.033305e-004 2.033542e-002
1840 1.303731e-004 1.051200e-002
1841 4.398053e-004 1.490293e-002
1842 1.599669e-005 6.117740e-003
1843 2.860781e-005 5.139904e-003
1844 9.462429e-006 2.299381e-003
1845 1.506754e-004 8.053281e-003
1846 9.375582e-006 3.288171e-003
1847 2.717771e-004 2.543694e-002
1848 1.474942e-005 1.973078e-003
1849 1.614845e-004 1.031795e-002
1850 2.367826e-005 1.345471e-002
1851 2.101215e-004 3.059990e-002
1852 1.534349e-004 1.070019e-002
1853 1.275316e-004 8.540174e-003
1854 7.005530e-004 4.749728e-002
1855 1.509508e-004 2.324236e-002
1856 4.119715e-006 2.128098e-003
1857 6.150745e-006 4.316384e-003
1858 1.596475e-005 2.520401e-003
1859 1.118724e-005 2.688352e-003
1860 2.295731e-004 8.960684e-003
1861 3.350552e-005 6.680676e-003
1862 6.030367e-004 3.841046e-002
1863 9.737403e-006 2.463983e-003
1864 5.195478e-006 1.790287e-003
1865 4.848165e-005 8.848546e-003
1866 7.069696e-005 1.640582e-002
1867 2.654523e-006 2.509717e-003
1868 1.582426e-005 2.710920e-003
1869 1.582713e-003 4.993400e-002
1870 1.990151e-005 3.537774e-003
1871 5.351359e-005 9.414902e-003
1872 5.079467e-005 6.348267e-003
1873 8.116508e-006 1.626789e-003
1874 2.086407e-006 1.891998e-003
1875 4.530626e-004 1.398087e-002
1876 6.122082e-006 2.095683e-003
1877 2.274605e-005 2.077986e-003
1878 4.751137e-005 5.519715e-003
1879 5.312743e-005 9.297243e-003
1880 1.088616e-004 3.218995e-003
1881 1.140733e-003 3.080992e-002
1882 2.579144e-005 2.288525e-003
1883 6.868297e-005 8.059999e-003
1884 5.758718e-005 2.626339e-003
1885 2.832465e-005 4.283969e-003
1886 2.802422e-005 3.826113e-003
1887 3.606300e-005 6.562268e-003
1888 1.627465e-005 2.384623e-003
1889 2.293063e-006 1.124933e-003
1890 3.122580e-005 6.483983e-003
1891 7.319272e-004 5.231058e-002
1892 5.707763e-005 7.971807e-003
1893 3.143885e-004 1.419434e-002
1894 2.145872e-003 6.642063e-002
1895 4.402113e-004 1.987676e-002
1896 2.835955e-004 1.118368e-002
1897 1.461498e-005 3.316657e-003
1898 3.281583e-004 2.801657e-002
1899 7.654915e-005 4.735895e-003
1900 8.375222e-005 4.064335e-003
1901 6.204231e-006 2.302069e-003
1902 4.934456e-006 1.510932e-003
1903 7.329168e-005 6.214737e-003
1904 9.306835e-005 2.891956e-003
1905 9.708577e-006 2.080655e-003
1906 2.010973e-005 3.841093e-003
1907 2.080781e-005 3.239169e-003
1908 7.729168e-006 1.362050e-003
1909 2.729480e-005 2.738326e-003
1910 2.718018e-004 1.771819e-002
1911 8.571890e-005 4.959846e-003
1912 1.653006e-004 1.100815e-002
1913 2.430087e-005 2.743834e-003
1914 2.468642e-005 2.519531e-003
1915 4.616190e-005 6.586492e-003
1916 1.196623e-003 2.987476e-002
1917 2.372000e-003 7.062251e-002
1918 1.725620e-004 1.820110e-002
1919 8.125951e-005 7.452327e-003
1920 2.605942e-005 2.362821e-003
1921 1.781571e-006 1.257058e-003
1922 1.381585e-005 1.795275e-003
1923 5.292551e-006 1.542233e-003
1924 1.416170e-005 1.869352e-003
1925 8.234810e-006 1.503005e-003
1926 7.126180e-004 9.114096e-003
1927 1.089253e-004 5.984519e-003
1928 3.107956e-006 1.531659e-003
1929 2.930371e-005 3.478270e-003
1930 4.344076e-004 6.840669e-003
1931 3.406972e-005 7.863117e-003
1932 3.500056e-004 1.025375e-002
1933 6.071363e-005 9.241791e-003
1934 3.840782e-004 2.599250e-002
1935 3.454360e-004 8.646878e-003
1936 1.056894e-004 6.019257e-003
1937 1.852662e-005 2.980658e-003
1938 7.163459e-006 1.433419e-003
1939 6.995530e-004 2.986099e-002
1940 7.184550e-005 1.790934e-002
1941 1.719465e-004 5.594659e-003
1942 3.626909e-004 3.662082e-002
1943 2.452735e-004 1.777574e-002
1944 2.997760e-004 1.180454e-002
1945 1.529034e-004 7.503013e-003
1946 3.280826e-005 3.728808e-003
1947 6.005037e-006 1.655931e-003
1948 4.781610e-006 1.494960e-003
1949 7.705307e-004 5.626273e-002
1950 1.342415e-004 8.078363e-003
1951 3.102952e-004 1.554975e-002
1952 3.242960e-005 5.622075e-003
1953 3.423375e-004 1.017792e-002
1954 3.035821e-004 7.960777e-003
1955 3.694102e-005 3.931340e-003
1956 1.428146e-004 1.135672e-002
1957 4.177114e-005 4.860103e-003
1958 1.072521e-004 7.975967e-003
1959 1.270595e-004 1.788658e-002
1960 1.380994e-004 8.543158e-003
1961 2.505417e-004 1.767819e-002
1962 1.769753e-004 1.455257e-002
1963 6.614004e-004 1.577724e-002
1964 4.554699e-005 2.363496e-003
1965 2.903322e-004 7.479408e-003
1966 4.556885e-005 5.174222e-003
1967 5.602005e-004 3.331878e-002
1968 4.829055e-006 1.718685e-003
1969 1.137768e-004 1.161995e-002
1970 2.169304e-004 1.189021e-002
1971 1.777004e-003 2.716122e-002
1972 1.718832e-005 3.065554e-003
1973 5.454199e-004 1.571050e-002
1974 3.148008e-005 3.425488e-003
1975 8.183190e-004 3.346195e-002
1976 6.862024e-004 2.412610e-002
1977 9.083147e-005 3.203402e-003
1978 2.008197e-005 3.669799e-003
1979 3.046967e-004 2.491093e-002
1980 1.172213e-005 1.174020e-003
1981 1.196907e-004 1.248052e-002
1982 2.302383e-005 1.901735e-003
1983 1.407200e-005 1.860098e-003
1984 1.975661e-004 1.580179e-002
1985 5.300815e-005 3.812898e-003
1986 8.064465e-006 3.496587e-003
1987 1.508678e-004 1.765684e-002
1988 4.316854e-004 1.435485e-002
1989 4.424911e-006 1.204157e-003
1990 2.376541e-005 2.617482e-003
1991 1.066437e-005 4.587651e-003
1992 9.819408e-004 2.653903e-002
1993 8.111662e-007 1.126604e-003
1994 2.374867e-006 1.183486e-003
1995 4.138159e-004 9.618390e-003
1996 1.439096e-005 2.951792e-003
1997 1.192626e-005 1.458438e-003
1998 2.087060e-005 2.939747e-003
1999 6.007498e-005 3.798336e-003
2000 1.442205e-005 2.219799e-003
2001 5.924988e-006 2.390722e-003
