1 1.701327e-004 4.201327e-004
2 4.706683e-004 7.206683e-004
3 1.701327e-004 4.201327e-004
4 1.701327e-004 4.201327e-004
5 1.701327e-004 4.201327e-004
6 1.701327e-004 4.201327e-004
7 4.706683e-004 7.206683e-004
8 4.706683e-004 7.206683e-004
9 4.706683e-004 7.206683e-004
10 4.706683e-004 7.206683e-004
11 4.706683e-004 7.206683e-004
12 1.701327e-004 4.201327e-004
13 4.706683e-004 7.206683e-004
14 4.706683e-004 7.206683e-004
15 1.701327e-004 4.201327e-004
16 1.701327e-004 4.201327e-004
17 1.701327e-004 4.201327e-004
18 1.701327e-004 4.201327e-004
19 4.706683e-004 7.206683e-004
20 1.701327e-004 4.201327e-004
21 4.706683e-004 7.206683e-004
22 1.701327e-004 4.201327e-004
23 1.701327e-004 4.201327e-004
24 1.701327e-004 4.201327e-004
25 4.706683e-004 7.206683e-004
26 1.701327e-004 4.201327e-004
27 4.706683e-004 7.206683e-004
28 1.701327e-004 4.201327e-004
29 4.706683e-004 7.206683e-004
30 4.706683e-004 7.206683e-004
31 4.706683e-004 7.206683e-004
32 1.701327e-004 4.201327e-004
33 1.701327e-004 4.201327e-004
34 1.701327e-004 4.201327e-004
35 1.701327e-004 4.201327e-004
36 4.706683e-004 7.206683e-004
37 4.706683e-004 7.206683e-004
38 4.706683e-004 7.206683e-004
39 1.701327e-004 4.201327e-004
40 1.701327e-004 4.201327e-004
41 1.701327e-004 4.201327e-004
42 4.706683e-004 7.206683e-004
43 4.706683e-004 7.206683e-004
44 1.701327e-004 4.201327e-004
45 1.701327e-004 4.201327e-004
46 1.701327e-004 4.201327e-004
47 1.701327e-004 4.201327e-004
48 4.706683e-004 7.206683e-004
49 1.701327e-004 4.201327e-004
50 1.701327e-004 4.201327e-004
51 1.701327e-004 4.201327e-004
52 1.701327e-004 4.201327e-004
53 1.701327e-004 4.201327e-004
54 1.701327e-004 4.201327e-004
55 1.701327e-004 4.201327e-004
56 1.701327e-004 4.201327e-004
57 4.706683e-004 7.206683e-004
58 1.701327e-004 4.201327e-004
59 4.706683e-004 7.206683e-004
60 1.701327e-004 4.201327e-004
61 4.706683e-004 7.206683e-004
62 4.706683e-004 7.206683e-004
63 1.701327e-004 4.201327e-004
64 4.706683e-004 7.206683e-004
65 4.706683e-004 7.206683e-004
66 1.701327e-004 4.201327e-004
67 4.706683e-004 7.206683e-004
68 4.706683e-004 7.206683e-004
69 1.701327e-004 4.201327e-004
70 1.701327e-004 4.201327e-004
71 4.706683e-004 7.206683e-004
72 1.701327e-004 4.201327e-004
73 1.701327e-004 4.201327e-004
74 4.706683e-004 7.206683e-004
75 1.701327e-004 4.201327e-004
76 1.701327e-004 4.201327e-004
77 4.706683e-004 7.206683e-004
78 4.706683e-004 7.206683e-004
79 1.701327e-004 4.201327e-004
80 1.701327e-004 4.201327e-004
81 1.701327e-004 4.201327e-004
82 1.701327e-004 4.201327e-004
83 1.701327e-004 4.201327e-004
84 1.701327e-004 4.201327e-004
85 4.706683e-004 7.206683e-004
86 4.706683e-004 7.206683e-004
87 1.701327e-004 4.201327e-004
88 1.701327e-004 4.201327e-004
89 1.701327e-004 4.201327e-004
90 4.706683e-004 7.206683e-004
91 1.701327e-004 4.201327e-004
92 4.706683e-004 7.206683e-004
93 4.706683e-004 7.206683e-004
94 1.701327e-004 4.201327e-004
95 1.701327e-004 4.201327e-004
96 1.701327e-004 4.201327e-004
97 4.706683e-004 7.206683e-004
98 1.701327e-004 4.201327e-004
99 1.701327e-004 4.201327e-004
100 4.706683e-004 7.206683e-004
101 1.701327e-004 4.201327e-004
102 4.706683e-004 7.206683e-004
103 4.706683e-004 7.206683e-004
104 4.706683e-004 7.206683e-004
105 4.706683e-004 7.206683e-004
106 4.706683e-004 7.206683e-004
107 4.706683e-004 7.206683e-004
108 4.706683e-004 7.206683e-004
109 4.706683e-004 7.206683e-004
110 4.706683e-004 7.206683e-004
111 4.706683e-004 7.206683e-004
112 4.706683e-004 7.206683e-004
113 4.706683e-004 7.206683e-004
114 4.706683e-004 7.206683e-004
115 4.706683e-004 7.206683e-004
116 4.706683e-004 7.206683e-004
117 4.706683e-004 7.206683e-004
118 4.706683e-004 7.206683e-004
119 4.706683e-004 7.206683e-004
120 4.706683e-004 7.206683e-004
121 4.706683e-004 7.206683e-004
122 1.701327e-004 4.201327e-004
123 4.706683e-004 7.206683e-004
124 4.706683e-004 7.206683e-004
125 4.706683e-004 7.206683e-004
126 4.706683e-004 7.206683e-004
127 4.706683e-004 7.206683e-004
128 4.706683e-004 7.206683e-004
129 4.706683e-004 7.206683e-004
130 4.706683e-004 7.206683e-004
131 4.706683e-004 7.206683e-004
132 4.706683e-004 7.206683e-004
133 4.706683e-004 7.206683e-004
134 4.706683e-004 7.206683e-004
135 4.706683e-004 7.206683e-004
136 4.706683e-004 7.206683e-004
137 4.706683e-004 7.206683e-004
138 4.706683e-004 7.206683e-004
139 4.706683e-004 7.206683e-004
140 4.706683e-004 7.206683e-004
141 4.706683e-004 7.206683e-004
142 4.706683e-004 7.206683e-004
143 4.706683e-004 7.206683e-004
144 4.706683e-004 7.206683e-004
145 4.706683e-004 7.206683e-004
146 4.706683e-004 7.206683e-004
147 4.706683e-004 7.206683e-004
148 4.706683e-004 7.206683e-004
149 4.706683e-004 7.206683e-004
150 4.706683e-004 7.206683e-004
151 4.706683e-004 7.206683e-004
152 4.706683e-004 7.206683e-004
153 4.706683e-004 7.206683e-004
154 4.706683e-004 7.206683e-004
155 4.706683e-004 7.206683e-004
156 4.706683e-004 7.206683e-004
157 4.706683e-004 7.206683e-004
158 4.706683e-004 7.206683e-004
159 4.706683e-004 7.206683e-004
160 1.701327e-004 4.201327e-004
161 1.701327e-004 4.201327e-004
162 1.701327e-004 4.201327e-004
163 1.701327e-004 4.201327e-004
164 1.701327e-004 4.201327e-004
165 1.701327e-004 4.201327e-004
166 1.701327e-004 4.201327e-004
167 1.701327e-004 4.201327e-004
168 1.701327e-004 4.201327e-004
169 1.701327e-004 4.201327e-004
170 1.701327e-004 4.201327e-004
171 1.701327e-004 4.201327e-004
172 1.701327e-004 4.201327e-004
173 1.701327e-004 4.201327e-004
174 1.701327e-004 4.201327e-004
175 1.701327e-004 4.201327e-004
176 1.701327e-004 4.201327e-004
177 1.701327e-004 4.201327e-004
178 1.701327e-004 4.201327e-004
179 1.701327e-004 4.201327e-004
180 1.701327e-004 4.201327e-004
181 1.701327e-004 4.201327e-004
182 1.701327e-004 4.201327e-004
183 1.701327e-004 4.201327e-004
184 1.701327e-004 4.201327e-004
185 1.701327e-004 4.201327e-004
186 1.701327e-004 4.201327e-004
187 1.701327e-004 4.201327e-004
188 1.701327e-004 4.201327e-004
189 1.701327e-004 4.201327e-004
190 1.701327e-004 4.201327e-004
191 1.701327e-004 4.201327e-004
192 1.701327e-004 4.201327e-004
193 1.701327e-004 4.201327e-004
194 1.701327e-004 4.201327e-004
195 1.701327e-004 4.201327e-004
196 1.701327e-004 4.201327e-004
197 1.701327e-004 4.201327e-004
198 1.701327e-004 4.201327e-004
199 4.706683e-004 7.206683e-004
200 4.706683e-004 7.206683e-004
201 1.701327e-004 4.201327e-004
202 4.706683e-004 7.206683e-004
203 1.701327e-004 4.201327e-004
204 1.701327e-004 4.201327e-004
205 1.701327e-004 4.201327e-004
206 1.701327e-004 4.201327e-004
207 1.701327e-004 4.201327e-004
208 1.701327e-004 4.201327e-004
209 1.701327e-004 4.201327e-004
210 1.701327e-004 4.201327e-004
211 1.701327e-004 4.201327e-004
212 1.701327e-004 4.201327e-004
213 1.701327e-004 4.201327e-004
214 1.701327e-004 4.201327e-004
215 1.701327e-004 4.201327e-004
216 1.701327e-004 4.201327e-004
217 1.701327e-004 4.201327e-004
218 1.701327e-004 4.201327e-004
219 1.701327e-004 4.201327e-004
220 1.701327e-004 4.201327e-004
221 1.701327e-004 4.201327e-004
222 1.701327e-004 4.201327e-004
223 1.701327e-004 4.201327e-004
224 4.706683e-004 7.206683e-004
225 4.706683e-004 7.206683e-004
226 4.706683e-004 7.206683e-004
227 4.706683e-004 7.206683e-004
228 4.706683e-004 7.206683e-004
229 4.706683e-004 7.206683e-004
230 4.706683e-004 7.206683e-004
231 4.706683e-004 7.206683e-004
232 4.706683e-004 7.206683e-004
233 4.706683e-004 7.206683e-004
234 4.706683e-004 7.206683e-004
235 4.706683e-004 7.206683e-004
236 4.706683e-004 7.206683e-004
237 4.706683e-004 7.206683e-004
238 4.706683e-004 7.206683e-004
239 4.706683e-004 7.206683e-004
240 4.706683e-004 7.206683e-004
241 4.706683e-004 7.206683e-004
242 4.706683e-004 7.206683e-004
243 4.706683e-004 7.206683e-004
244 4.706683e-004 7.206683e-004
245 4.706683e-004 7.206683e-004
246 4.706683e-004 7.206683e-004
247 4.706683e-004 7.206683e-004
248 4.706683e-004 7.206683e-004
249 4.706683e-004 7.206683e-004
250 4.706683e-004 7.206683e-004
251 4.706683e-004 7.206683e-004
252 4.706683e-004 7.206683e-004
253 4.706683e-004 7.206683e-004
254 4.706683e-004 7.206683e-004
255 4.706683e-004 7.206683e-004
256 4.706683e-004 7.206683e-004
257 4.706683e-004 7.206683e-004
258 1.701327e-004 4.201327e-004
259 1.701327e-004 4.201327e-004
260 1.701327e-004 4.201327e-004
261 1.701327e-004 4.201327e-004
262 1.701327e-004 4.201327e-004
263 1.701327e-004 4.201327e-004
264 1.701327e-004 4.201327e-004
265 1.701327e-004 4.201327e-004
266 1.701327e-004 4.201327e-004
267 1.701327e-004 4.201327e-004
268 1.701327e-004 4.201327e-004
269 1.701327e-004 4.201327e-004
270 1.701327e-004 4.201327e-004
271 1.701327e-004 4.201327e-004
272 1.701327e-004 4.201327e-004
273 1.701327e-004 4.201327e-004
274 1.701327e-004 4.201327e-004
275 1.701327e-004 4.201327e-004
276 1.701327e-004 4.201327e-004
277 1.701327e-004 4.201327e-004
278 1.701327e-004 4.201327e-004
279 1.701327e-004 4.201327e-004
280 1.701327e-004 4.201327e-004
281 1.701327e-004 4.201327e-004
282 1.701327e-004 4.201327e-004
283 1.701327e-004 4.201327e-004
284 1.701327e-004 4.201327e-004
285 1.701327e-004 4.201327e-004
286 1.701327e-004 4.201327e-004
287 1.701327e-004 4.201327e-004
288 1.701327e-004 4.201327e-004
289 1.701327e-004 4.201327e-004
290 1.701327e-004 4.201327e-004
291 1.701327e-004 4.201327e-004
292 1.701327e-004 4.201327e-004
293 1.701327e-004 4.201327e-004
294 1.701327e-004 4.201327e-004
295 1.701327e-004 4.201327e-004
296 4.706683e-004 7.206683e-004
297 4.706683e-004 7.206683e-004
298 1.701327e-004 4.201327e-004
299 1.701327e-004 4.201327e-004
300 1.701327e-004 4.201327e-004
301 1.701327e-004 4.201327e-004
302 1.701327e-004 4.201327e-004
303 1.701327e-004 4.201327e-004
304 1.701327e-004 4.201327e-004
305 1.701327e-004 4.201327e-004
306 1.701327e-004 4.201327e-004
307 1.701327e-004 4.201327e-004
308 1.701327e-004 4.201327e-004
309 1.701327e-004 4.201327e-004
310 1.701327e-004 4.201327e-004
311 1.701327e-004 4.201327e-004
312 1.701327e-004 4.201327e-004
313 1.701327e-004 4.201327e-004
314 1.701327e-004 4.201327e-004
315 1.701327e-004 4.201327e-004
316 1.701327e-004 4.201327e-004
317 1.701327e-004 4.201327e-004
318 1.701327e-004 4.201327e-004
319 1.701327e-004 4.201327e-004
320 1.701327e-004 4.201327e-004
321 1.701327e-004 4.201327e-004
322 4.706683e-004 7.206683e-004
323 1.701327e-004 4.201327e-004
324 1.701327e-004 4.201327e-004
325 4.706683e-004 7.206683e-004
326 4.706683e-004 7.206683e-004
327 4.706683e-004 7.206683e-004
328 4.706683e-004 7.206683e-004
329 4.706683e-004 7.206683e-004
330 4.706683e-004 7.206683e-004
331 4.706683e-004 7.206683e-004
332 4.706683e-004 7.206683e-004
333 4.706683e-004 7.206683e-004
334 4.706683e-004 7.206683e-004
335 4.706683e-004 7.206683e-004
336 4.706683e-004 7.206683e-004
337 4.706683e-004 7.206683e-004
338 4.706683e-004 7.206683e-004
339 1.701327e-004 4.201327e-004
340 1.701327e-004 4.201327e-004
341 1.701327e-004 4.201327e-004
342 1.701327e-004 4.201327e-004
343 4.706683e-004 7.206683e-004
344 1.701327e-004 4.201327e-004
345 1.701327e-004 4.201327e-004
346 1.701327e-004 4.201327e-004
347 1.701327e-004 4.201327e-004
348 1.701327e-004 4.201327e-004
349 1.701327e-004 4.201327e-004
350 1.701327e-004 4.201327e-004
351 1.701327e-004 4.201327e-004
352 1.701327e-004 4.201327e-004
353 1.701327e-004 4.201327e-004
354 1.701327e-004 4.201327e-004
355 1.701327e-004 4.201327e-004
356 1.701327e-004 4.201327e-004
357 1.701327e-004 4.201327e-004
358 1.701327e-004 4.201327e-004
359 1.701327e-004 4.201327e-004
360 1.701327e-004 4.201327e-004
361 1.701327e-004 4.201327e-004
362 1.701327e-004 4.201327e-004
363 1.701327e-004 4.201327e-004
364 1.701327e-004 4.201327e-004
365 1.701327e-004 4.201327e-004
366 1.701327e-004 4.201327e-004
367 1.701327e-004 4.201327e-004
368 1.701327e-004 4.201327e-004
369 1.701327e-004 4.201327e-004
370 4.706683e-004 7.206683e-004
371 4.706683e-004 7.206683e-004
372 4.706683e-004 7.206683e-004
373 4.706683e-004 7.206683e-004
374 4.706683e-004 7.206683e-004
375 4.706683e-004 7.206683e-004
376 4.706683e-004 7.206683e-004
377 1.701327e-004 4.201327e-004
378 1.701327e-004 4.201327e-004
379 1.701327e-004 4.201327e-004
380 1.701327e-004 4.201327e-004
381 1.701327e-004 4.201327e-004
382 1.701327e-004 4.201327e-004
383 1.701327e-004 4.201327e-004
384 1.701327e-004 4.201327e-004
385 4.706683e-004 7.206683e-004
386 4.706683e-004 7.206683e-004
387 4.706683e-004 7.206683e-004
388 1.701327e-004 4.201327e-004
389 1.701327e-004 4.201327e-004
390 1.701327e-004 4.201327e-004
391 4.706683e-004 7.206683e-004
392 1.701327e-004 4.201327e-004
393 4.706683e-004 7.206683e-004
394 1.701327e-004 4.201327e-004
395 4.706683e-004 7.206683e-004
396 4.706683e-004 7.206683e-004
397 4.706683e-004 7.206683e-004
398 4.706683e-004 7.206683e-004
399 4.706683e-004 7.206683e-004
400 4.706683e-004 7.206683e-004
401 4.706683e-004 7.206683e-004
402 4.706683e-004 7.206683e-004
403 4.706683e-004 7.206683e-004
404 4.706683e-004 7.206683e-004
405 4.706683e-004 7.206683e-004
406 4.706683e-004 7.206683e-004
407 4.706683e-004 7.206683e-004
408 4.706683e-004 7.206683e-004
409 4.706683e-004 7.206683e-004
410 4.706683e-004 7.206683e-004
411 4.706683e-004 7.206683e-004
412 4.706683e-004 7.206683e-004
413 4.706683e-004 7.206683e-004
414 4.706683e-004 7.206683e-004
415 4.706683e-004 7.206683e-004
416 4.706683e-004 7.206683e-004
417 4.706683e-004 7.206683e-004
418 4.706683e-004 7.206683e-004
419 4.706683e-004 7.206683e-004
420 4.706683e-004 7.206683e-004
421 4.706683e-004 7.206683e-004
422 4.706683e-004 7.206683e-004
423 4.706683e-004 7.206683e-004
424 4.706683e-004 7.206683e-004
425 4.706683e-004 7.206683e-004
426 4.706683e-004 7.206683e-004
427 4.706683e-004 7.206683e-004
428 4.706683e-004 7.206683e-004
429 4.706683e-004 7.206683e-004
430 4.706683e-004 7.206683e-004
431 4.706683e-004 7.206683e-004
432 4.706683e-004 7.206683e-004
433 4.706683e-004 7.206683e-004
434 4.706683e-004 7.206683e-004
435 4.706683e-004 7.206683e-004
436 4.706683e-004 7.206683e-004
437 4.706683e-004 7.206683e-004
438 4.706683e-004 7.206683e-004
439 4.706683e-004 7.206683e-004
440 4.706683e-004 7.206683e-004
441 4.706683e-004 7.206683e-004
442 4.706683e-004 7.206683e-004
443 4.706683e-004 7.206683e-004
444 4.706683e-004 7.206683e-004
445 1.701327e-004 4.201327e-004
446 1.701327e-004 4.201327e-004
447 1.701327e-004 4.201327e-004
448 1.701327e-004 4.201327e-004
449 1.701327e-004 4.201327e-004
450 1.701327e-004 4.201327e-004
451 1.701327e-004 4.201327e-004
452 1.701327e-004 4.201327e-004
453 1.701327e-004 4.201327e-004
454 1.701327e-004 4.201327e-004
455 1.701327e-004 4.201327e-004
456 1.701327e-004 4.201327e-004
457 1.701327e-004 4.201327e-004
458 1.701327e-004 4.201327e-004
459 1.701327e-004 4.201327e-004
460 1.701327e-004 4.201327e-004
461 1.701327e-004 4.201327e-004
462 1.701327e-004 4.201327e-004
463 1.701327e-004 4.201327e-004
464 1.701327e-004 4.201327e-004
465 1.701327e-004 4.201327e-004
466 1.701327e-004 4.201327e-004
467 1.701327e-004 4.201327e-004
468 1.701327e-004 4.201327e-004
469 1.701327e-004 4.201327e-004
470 1.701327e-004 4.201327e-004
471 1.701327e-004 4.201327e-004
472 1.701327e-004 4.201327e-004
473 1.701327e-004 4.201327e-004
474 1.701327e-004 4.201327e-004
475 1.701327e-004 4.201327e-004
476 1.701327e-004 4.201327e-004
477 1.701327e-004 4.201327e-004
478 1.701327e-004 4.201327e-004
479 1.701327e-004 4.201327e-004
480 1.701327e-004 4.201327e-004
481 1.701327e-004 4.201327e-004
482 1.701327e-004 4.201327e-004
483 1.701327e-004 4.201327e-004
484 1.701327e-004 4.201327e-004
485 1.701327e-004 4.201327e-004
486 4.706683e-004 7.206683e-004
487 1.701327e-004 4.201327e-004
488 4.706683e-004 7.206683e-004
489 4.706683e-004 7.206683e-004
490 4.706683e-004 7.206683e-004
491 4.706683e-004 7.206683e-004
492 4.706683e-004 7.206683e-004
493 4.706683e-004 7.206683e-004
494 4.706683e-004 7.206683e-004
495 4.706683e-004 7.206683e-004
496 4.706683e-004 7.206683e-004
497 4.706683e-004 7.206683e-004
498 4.706683e-004 7.206683e-004
499 4.706683e-004 7.206683e-004
500 4.706683e-004 7.206683e-004
501 4.706683e-004 7.206683e-004
502 4.706683e-004 7.206683e-004
503 4.706683e-004 7.206683e-004
504 4.706683e-004 7.206683e-004
505 4.706683e-004 7.206683e-004
506 4.706683e-004 7.206683e-004
507 4.706683e-004 7.206683e-004
508 4.706683e-004 7.206683e-004
509 4.706683e-004 7.206683e-004
510 4.706683e-004 7.206683e-004
511 4.706683e-004 7.206683e-004
512 4.706683e-004 7.206683e-004
513 4.706683e-004 7.206683e-004
514 4.706683e-004 7.206683e-004
515 4.706683e-004 7.206683e-004
516 4.706683e-004 7.206683e-004
517 4.706683e-004 7.206683e-004
518 4.706683e-004 7.206683e-004
519 4.706683e-004 7.206683e-004
520 4.706683e-004 7.206683e-004
521 4.706683e-004 7.206683e-004
522 4.706683e-004 7.206683e-004
523 4.706683e-004 7.206683e-004
524 4.706683e-004 7.206683e-004
525 4.706683e-004 7.206683e-004
526 4.706683e-004 7.206683e-004
527 4.706683e-004 7.206683e-004
528 4.706683e-004 7.206683e-004
529 4.706683e-004 7.206683e-004
530 4.706683e-004 7.206683e-004
531 4.706683e-004 7.206683e-004
532 4.706683e-004 7.206683e-004
533 4.706683e-004 7.206683e-004
534 4.706683e-004 7.206683e-004
535 4.706683e-004 7.206683e-004
536 4.706683e-004 7.206683e-004
537 4.706683e-004 7.206683e-004
538 4.706683e-004 7.206683e-004
539 4.706683e-004 7.206683e-004
540 4.706683e-004 7.206683e-004
541 4.706683e-004 7.206683e-004
542 4.706683e-004 7.206683e-004
543 4.706683e-004 7.206683e-004
544 4.706683e-004 7.206683e-004
545 1.701327e-004 4.201327e-004
546 1.701327e-004 4.201327e-004
547 1.701327e-004 4.201327e-004
548 1.701327e-004 4.201327e-004
549 1.701327e-004 4.201327e-004
550 1.701327e-004 4.201327e-004
551 1.701327e-004 4.201327e-004
552 1.701327e-004 4.201327e-004
553 4.706683e-004 7.206683e-004
554 1.701327e-004 4.201327e-004
555 1.701327e-004 4.201327e-004
556 1.701327e-004 4.201327e-004
557 1.701327e-004 4.201327e-004
558 1.701327e-004 4.201327e-004
559 1.701327e-004 4.201327e-004
560 1.701327e-004 4.201327e-004
561 1.701327e-004 4.201327e-004
562 1.701327e-004 4.201327e-004
563 1.701327e-004 4.201327e-004
564 1.701327e-004 4.201327e-004
565 1.701327e-004 4.201327e-004
566 1.701327e-004 4.201327e-004
567 1.701327e-004 4.201327e-004
568 1.701327e-004 4.201327e-004
569 1.701327e-004 4.201327e-004
570 1.701327e-004 4.201327e-004
571 1.701327e-004 4.201327e-004
572 1.701327e-004 4.201327e-004
573 1.701327e-004 4.201327e-004
574 1.701327e-004 4.201327e-004
575 1.701327e-004 4.201327e-004
576 1.701327e-004 4.201327e-004
577 1.701327e-004 4.201327e-004
578 1.701327e-004 4.201327e-004
579 1.701327e-004 4.201327e-004
580 1.701327e-004 4.201327e-004
581 1.701327e-004 4.201327e-004
582 1.701327e-004 4.201327e-004
583 1.701327e-004 4.201327e-004
584 1.701327e-004 4.201327e-004
585 1.701327e-004 4.201327e-004
586 4.706683e-004 7.206683e-004
587 4.706683e-004 7.206683e-004
588 1.701327e-004 4.201327e-004
589 1.701327e-004 4.201327e-004
590 4.706683e-004 7.206683e-004
591 1.701327e-004 4.201327e-004
592 1.701327e-004 4.201327e-004
593 4.706683e-004 7.206683e-004
594 1.701327e-004 4.201327e-004
595 4.706683e-004 7.206683e-004
596 4.706683e-004 7.206683e-004
597 1.701327e-004 4.201327e-004
598 1.701327e-004 4.201327e-004
599 1.701327e-004 4.201327e-004
600 1.701327e-004 4.201327e-004
601 1.701327e-004 4.201327e-004
602 1.701327e-004 4.201327e-004
603 1.701327e-004 4.201327e-004
604 1.701327e-004 4.201327e-004
605 1.701327e-004 4.201327e-004
606 1.701327e-004 4.201327e-004
607 1.701327e-004 4.201327e-004
608 1.701327e-004 4.201327e-004
609 4.706683e-004 7.206683e-004
610 4.706683e-004 7.206683e-004
611 4.706683e-004 7.206683e-004
612 4.706683e-004 7.206683e-004
613 4.706683e-004 7.206683e-004
614 4.706683e-004 7.206683e-004
615 4.706683e-004 7.206683e-004
616 4.706683e-004 7.206683e-004
617 4.706683e-004 7.206683e-004
618 4.706683e-004 7.206683e-004
619 4.706683e-004 7.206683e-004
620 4.706683e-004 7.206683e-004
621 4.706683e-004 7.206683e-004
622 4.706683e-004 7.206683e-004
623 4.706683e-004 7.206683e-004
624 4.706683e-004 7.206683e-004
625 4.706683e-004 7.206683e-004
626 4.706683e-004 7.206683e-004
627 4.706683e-004 7.206683e-004
628 4.706683e-004 7.206683e-004
629 4.706683e-004 7.206683e-004
630 4.706683e-004 7.206683e-004
631 1.701327e-004 4.201327e-004
632 1.701327e-004 4.201327e-004
633 1.701327e-004 4.201327e-004
634 1.701327e-004 4.201327e-004
635 1.701327e-004 4.201327e-004
636 1.701327e-004 4.201327e-004
637 1.701327e-004 4.201327e-004
638 1.701327e-004 4.201327e-004
639 4.706683e-004 7.206683e-004
640 1.701327e-004 4.201327e-004
641 1.701327e-004 4.201327e-004
642 1.701327e-004 4.201327e-004
643 4.706683e-004 7.206683e-004
644 1.701327e-004 4.201327e-004
645 4.706683e-004 7.206683e-004
646 4.706683e-004 7.206683e-004
647 4.706683e-004 7.206683e-004
648 4.706683e-004 7.206683e-004
649 4.706683e-004 7.206683e-004
650 4.706683e-004 7.206683e-004
651 4.706683e-004 7.206683e-004
652 4.706683e-004 7.206683e-004
653 4.706683e-004 7.206683e-004
654 4.706683e-004 7.206683e-004
655 1.701327e-004 4.201327e-004
656 1.701327e-004 4.201327e-004
657 4.706683e-004 7.206683e-004
658 4.706683e-004 7.206683e-004
659 4.706683e-004 7.206683e-004
660 4.706683e-004 7.206683e-004
661 4.706683e-004 7.206683e-004
662 4.706683e-004 7.206683e-004
663 4.706683e-004 7.206683e-004
664 4.706683e-004 7.206683e-004
665 4.706683e-004 7.206683e-004
666 4.706683e-004 7.206683e-004
667 4.706683e-004 7.206683e-004
668 4.706683e-004 7.206683e-004
669 4.706683e-004 7.206683e-004
670 4.706683e-004 7.206683e-004
671 4.706683e-004 7.206683e-004
672 1.701327e-004 4.201327e-004
673 4.706683e-004 7.206683e-004
674 4.706683e-004 7.206683e-004
675 1.701327e-004 4.201327e-004
676 4.706683e-004 7.206683e-004
677 4.706683e-004 7.206683e-004
678 1.701327e-004 4.201327e-004
679 4.706683e-004 7.206683e-004
680 1.701327e-004 4.201327e-004
681 1.701327e-004 4.201327e-004
682 4.706683e-004 7.206683e-004
683 1.701327e-004 4.201327e-004
684 4.706683e-004 7.206683e-004
685 1.701327e-004 4.201327e-004
686 4.706683e-004 7.206683e-004
687 1.701327e-004 4.201327e-004
688 1.701327e-004 4.201327e-004
689 1.701327e-004 4.201327e-004
690 1.701327e-004 4.201327e-004
691 1.701327e-004 4.201327e-004
692 1.701327e-004 4.201327e-004
693 1.701327e-004 4.201327e-004
694 1.701327e-004 4.201327e-004
695 4.706683e-004 7.206683e-004
696 4.706683e-004 7.206683e-004
697 4.706683e-004 7.206683e-004
698 4.706683e-004 7.206683e-004
699 4.706683e-004 7.206683e-004
700 4.706683e-004 7.206683e-004
701 4.706683e-004 7.206683e-004
702 4.706683e-004 7.206683e-004
703 4.706683e-004 7.206683e-004
704 4.706683e-004 7.206683e-004
705 4.706683e-004 7.206683e-004
706 4.706683e-004 7.206683e-004
707 4.706683e-004 7.206683e-004
708 1.701327e-004 4.201327e-004
709 4.706683e-004 7.206683e-004
710 4.706683e-004 7.206683e-004
711 4.706683e-004 7.206683e-004
712 1.701327e-004 4.201327e-004
713 4.706683e-004 7.206683e-004
714 4.706683e-004 7.206683e-004
715 4.706683e-004 7.206683e-004
716 4.706683e-004 7.206683e-004
717 4.706683e-004 7.206683e-004
718 4.706683e-004 7.206683e-004
719 4.706683e-004 7.206683e-004
720 4.706683e-004 7.206683e-004
721 4.706683e-004 7.206683e-004
722 4.706683e-004 7.206683e-004
723 4.706683e-004 7.206683e-004
724 4.706683e-004 7.206683e-004
725 4.706683e-004 7.206683e-004
726 4.706683e-004 7.206683e-004
727 4.706683e-004 7.206683e-004
728 4.706683e-004 7.206683e-004
729 4.706683e-004 7.206683e-004
730 4.706683e-004 7.206683e-004
731 4.706683e-004 7.206683e-004
732 4.706683e-004 7.206683e-004
733 4.706683e-004 7.206683e-004
734 4.706683e-004 7.206683e-004
735 4.706683e-004 7.206683e-004
736 4.706683e-004 7.206683e-004
737 4.706683e-004 7.206683e-004
738 4.706683e-004 7.206683e-004
739 4.706683e-004 7.206683e-004
740 4.706683e-004 7.206683e-004
741 4.706683e-004 7.206683e-004
742 4.706683e-004 7.206683e-004
743 4.706683e-004 7.206683e-004
744 4.706683e-004 7.206683e-004
745 4.706683e-004 7.206683e-004
746 4.706683e-004 7.206683e-004
747 4.706683e-004 7.206683e-004
748 4.706683e-004 7.206683e-004
749 4.706683e-004 7.206683e-004
750 1.701327e-004 4.201327e-004
751 1.701327e-004 4.201327e-004
752 1.701327e-004 4.201327e-004
753 4.706683e-004 7.206683e-004
754 1.701327e-004 4.201327e-004
755 1.701327e-004 4.201327e-004
756 1.701327e-004 4.201327e-004
757 4.706683e-004 7.206683e-004
758 1.701327e-004 4.201327e-004
759 1.701327e-004 4.201327e-004
760 1.701327e-004 4.201327e-004
761 1.701327e-004 4.201327e-004
762 4.706683e-004 7.206683e-004
763 4.706683e-004 7.206683e-004
764 4.706683e-004 7.206683e-004
765 4.706683e-004 7.206683e-004
766 4.706683e-004 7.206683e-004
767 1.701327e-004 4.201327e-004
768 4.706683e-004 7.206683e-004
769 1.701327e-004 4.201327e-004
770 1.701327e-004 4.201327e-004
771 1.701327e-004 4.201327e-004
772 1.701327e-004 4.201327e-004
773 1.701327e-004 4.201327e-004
774 1.701327e-004 4.201327e-004
775 1.701327e-004 4.201327e-004
776 1.701327e-004 4.201327e-004
777 1.701327e-004 4.201327e-004
778 1.701327e-004 4.201327e-004
779 1.701327e-004 4.201327e-004
780 1.701327e-004 4.201327e-004
781 1.701327e-004 4.201327e-004
782 1.701327e-004 4.201327e-004
783 1.701327e-004 4.201327e-004
784 1.701327e-004 4.201327e-004
785 1.701327e-004 4.201327e-004
786 1.701327e-004 4.201327e-004
787 1.701327e-004 4.201327e-004
788 1.701327e-004 4.201327e-004
789 1.701327e-004 4.201327e-004
790 1.701327e-004 4.201327e-004
791 1.701327e-004 4.201327e-004
792 1.701327e-004 4.201327e-004
793 1.701327e-004 4.201327e-004
794 1.701327e-004 4.201327e-004
795 1.701327e-004 4.201327e-004
796 1.701327e-004 4.201327e-004
797 1.701327e-004 4.201327e-004
798 1.701327e-004 4.201327e-004
799 1.701327e-004 4.201327e-004
800 1.701327e-004 4.201327e-004
801 1.701327e-004 4.201327e-004
802 1.701327e-004 4.201327e-004
803 1.701327e-004 4.201327e-004
804 1.701327e-004 4.201327e-004
805 1.701327e-004 4.201327e-004
806 4.706683e-004 7.206683e-004
807 1.701327e-004 4.201327e-004
808 1.701327e-004 4.201327e-004
809 1.701327e-004 4.201327e-004
810 1.701327e-004 4.201327e-004
811 1.701327e-004 4.201327e-004
812 1.701327e-004 4.201327e-004
813 4.706683e-004 7.206683e-004
814 1.701327e-004 4.201327e-004
815 1.701327e-004 4.201327e-004
816 4.706683e-004 7.206683e-004
817 4.706683e-004 7.206683e-004
818 1.701327e-004 4.201327e-004
819 1.701327e-004 4.201327e-004
820 1.701327e-004 4.201327e-004
821 1.701327e-004 4.201327e-004
822 1.701327e-004 4.201327e-004
823 4.706683e-004 7.206683e-004
824 4.706683e-004 7.206683e-004
825 4.706683e-004 7.206683e-004
826 1.701327e-004 4.201327e-004
827 4.706683e-004 7.206683e-004
828 4.706683e-004 7.206683e-004
829 4.706683e-004 7.206683e-004
830 4.706683e-004 7.206683e-004
831 4.706683e-004 7.206683e-004
832 4.706683e-004 7.206683e-004
833 4.706683e-004 7.206683e-004
834 4.706683e-004 7.206683e-004
835 4.706683e-004 7.206683e-004
836 4.706683e-004 7.206683e-004
837 4.706683e-004 7.206683e-004
838 4.706683e-004 7.206683e-004
839 4.706683e-004 7.206683e-004
840 4.706683e-004 7.206683e-004
841 4.706683e-004 7.206683e-004
842 4.706683e-004 7.206683e-004
843 4.706683e-004 7.206683e-004
844 4.706683e-004 7.206683e-004
845 4.706683e-004 7.206683e-004
846 4.706683e-004 7.206683e-004
847 4.706683e-004 7.206683e-004
848 4.706683e-004 7.206683e-004
849 4.706683e-004 7.206683e-004
850 4.706683e-004 7.206683e-004
851 4.706683e-004 7.206683e-004
852 4.706683e-004 7.206683e-004
853 4.706683e-004 7.206683e-004
854 4.706683e-004 7.206683e-004
855 4.706683e-004 7.206683e-004
856 1.701327e-004 4.201327e-004
857 1.701327e-004 4.201327e-004
858 1.701327e-004 4.201327e-004
859 1.701327e-004 4.201327e-004
860 1.701327e-004 4.201327e-004
861 1.701327e-004 4.201327e-004
862 1.701327e-004 4.201327e-004
863 1.701327e-004 4.201327e-004
864 1.701327e-004 4.201327e-004
865 1.701327e-004 4.201327e-004
866 1.701327e-004 4.201327e-004
867 1.701327e-004 4.201327e-004
868 1.701327e-004 4.201327e-004
869 1.701327e-004 4.201327e-004
870 1.701327e-004 4.201327e-004
871 1.701327e-004 4.201327e-004
872 1.701327e-004 4.201327e-004
873 1.701327e-004 4.201327e-004
874 1.701327e-004 4.201327e-004
875 4.706683e-004 7.206683e-004
876 1.701327e-004 4.201327e-004
877 1.701327e-004 4.201327e-004
878 1.701327e-004 4.201327e-004
879 1.701327e-004 4.201327e-004
880 1.701327e-004 4.201327e-004
881 1.701327e-004 4.201327e-004
882 1.701327e-004 4.201327e-004
883 1.701327e-004 4.201327e-004
884 1.701327e-004 4.201327e-004
885 1.701327e-004 4.201327e-004
886 1.701327e-004 4.201327e-004
887 1.701327e-004 4.201327e-004
888 1.701327e-004 4.201327e-004
889 1.701327e-004 4.201327e-004
890 1.701327e-004 4.201327e-004
891 4.706683e-004 7.206683e-004
892 4.706683e-004 7.206683e-004
893 1.701327e-004 4.201327e-004
894 1.701327e-004 4.201327e-004
895 1.701327e-004 4.201327e-004
896 1.701327e-004 4.201327e-004
897 4.706683e-004 7.206683e-004
898 4.706683e-004 7.206683e-004
899 4.706683e-004 7.206683e-004
900 1.701327e-004 4.201327e-004
901 1.701327e-004 4.201327e-004
902 1.701327e-004 4.201327e-004
903 1.701327e-004 4.201327e-004
904 4.706683e-004 7.206683e-004
905 1.701327e-004 4.201327e-004
906 1.701327e-004 4.201327e-004
907 1.701327e-004 4.201327e-004
908 1.701327e-004 4.201327e-004
909 1.701327e-004 4.201327e-004
910 1.701327e-004 4.201327e-004
911 1.701327e-004 4.201327e-004
912 1.701327e-004 4.201327e-004
913 1.701327e-004 4.201327e-004
914 1.701327e-004 4.201327e-004
915 1.701327e-004 4.201327e-004
916 4.706683e-004 7.206683e-004
917 1.701327e-004 4.201327e-004
918 1.701327e-004 4.201327e-004
919 1.701327e-004 4.201327e-004
920 1.701327e-004 4.201327e-004
921 1.701327e-004 4.201327e-004
922 1.701327e-004 4.201327e-004
923 4.706683e-004 7.206683e-004
924 4.706683e-004 7.206683e-004
925 1.701327e-004 4.201327e-004
926 4.706683e-004 7.206683e-004
927 1.701327e-004 4.201327e-004
928 1.701327e-004 4.201327e-004
929 1.701327e-004 4.201327e-004
930 1.701327e-004 4.201327e-004
931 1.701327e-004 4.201327e-004
932 1.701327e-004 4.201327e-004
933 1.701327e-004 4.201327e-004
934 1.701327e-004 4.201327e-004
935 1.701327e-004 4.201327e-004
936 1.701327e-004 4.201327e-004
937 1.701327e-004 4.201327e-004
938 1.701327e-004 4.201327e-004
939 1.701327e-004 4.201327e-004
940 1.701327e-004 4.201327e-004
941 1.701327e-004 4.201327e-004
942 1.701327e-004 4.201327e-004
943 1.701327e-004 4.201327e-004
944 1.701327e-004 4.201327e-004
945 1.701327e-004 4.201327e-004
946 1.701327e-004 4.201327e-004
947 4.706683e-004 7.206683e-004
948 4.706683e-004 7.206683e-004
949 4.706683e-004 7.206683e-004
950 4.706683e-004 7.206683e-004
951 4.706683e-004 7.206683e-004
952 4.706683e-004 7.206683e-004
953 4.706683e-004 7.206683e-004
954 4.706683e-004 7.206683e-004
955 4.706683e-004 7.206683e-004
956 4.706683e-004 7.206683e-004
957 4.706683e-004 7.206683e-004
958 4.706683e-004 7.206683e-004
959 4.706683e-004 7.206683e-004
960 4.706683e-004 7.206683e-004
961 4.706683e-004 7.206683e-004
962 4.706683e-004 7.206683e-004
963 4.706683e-004 7.206683e-004
964 4.706683e-004 7.206683e-004
965 4.706683e-004 7.206683e-004
966 4.706683e-004 7.206683e-004
967 4.706683e-004 7.206683e-004
968 4.706683e-004 7.206683e-004
969 4.706683e-004 7.206683e-004
970 4.706683e-004 7.206683e-004
971 4.706683e-004 7.206683e-004
972 4.706683e-004 7.206683e-004
973 4.706683e-004 7.206683e-004
974 4.706683e-004 7.206683e-004
975 4.706683e-004 7.206683e-004
976 1.701327e-004 4.201327e-004
977 1.701327e-004 4.201327e-004
978 1.701327e-004 4.201327e-004
979 1.701327e-004 4.201327e-004
980 1.701327e-004 4.201327e-004
981 1.701327e-004 4.201327e-004
982 1.701327e-004 4.201327e-004
983 1.701327e-004 4.201327e-004
984 1.701327e-004 4.201327e-004
985 1.701327e-004 4.201327e-004
986 1.701327e-004 4.201327e-004
987 1.701327e-004 4.201327e-004
988 1.701327e-004 4.201327e-004
989 1.701327e-004 4.201327e-004
990 1.701327e-004 4.201327e-004
991 1.701327e-004 4.201327e-004
992 1.701327e-004 4.201327e-004
993 1.701327e-004 4.201327e-004
994 1.701327e-004 4.201327e-004
995 1.701327e-004 4.201327e-004
996 1.701327e-004 4.201327e-004
997 1.701327e-004 4.201327e-004
998 1.701327e-004 4.201327e-004
999 1.701327e-004 4.201327e-004
1000 1.701327e-004 4.201327e-004
1001 1.701327e-004 4.201327e-004
1002 1.701327e-004 4.201327e-004
1003 1.701327e-004 4.201327e-004
1004 1.701327e-004 4.201327e-004
1005 1.701327e-004 4.201327e-004
1006 1.701327e-004 4.201327e-004
1007 1.701327e-004 4.201327e-004
1008 1.701327e-004 4.201327e-004
1009 1.701327e-004 4.201327e-004
1010 1.701327e-004 4.201327e-004
1011 1.701327e-004 4.201327e-004
1012 1.701327e-004 4.201327e-004
1013 1.701327e-004 4.201327e-004
1014 1.701327e-004 4.201327e-004
1015 1.701327e-004 4.201327e-004
1016 1.701327e-004 4.201327e-004
1017 1.701327e-004 4.201327e-004
1018 1.701327e-004 4.201327e-004
1019 1.701327e-004 4.201327e-004
1020 1.701327e-004 4.201327e-004
1021 1.701327e-004 4.201327e-004
1022 1.701327e-004 4.201327e-004
1023 1.701327e-004 4.201327e-004
1024 1.701327e-004 4.201327e-004
1025 1.701327e-004 4.201327e-004
1026 4.706683e-004 7.206683e-004
1027 4.706683e-004 7.206683e-004
1028 4.706683e-004 7.206683e-004
1029 4.706683e-004 7.206683e-004
1030 4.706683e-004 7.206683e-004
1031 4.706683e-004 7.206683e-004
1032 1.701327e-004 4.201327e-004
1033 4.706683e-004 7.206683e-004
1034 4.706683e-004 7.206683e-004
1035 1.701327e-004 4.201327e-004
1036 1.701327e-004 4.201327e-004
1037 4.706683e-004 7.206683e-004
1038 1.701327e-004 4.201327e-004
1039 1.701327e-004 4.201327e-004
1040 4.706683e-004 7.206683e-004
1041 4.706683e-004 7.206683e-004
1042 1.701327e-004 4.201327e-004
1043 1.701327e-004 4.201327e-004
1044 1.701327e-004 4.201327e-004
1045 1.701327e-004 4.201327e-004
1046 1.701327e-004 4.201327e-004
1047 4.706683e-004 7.206683e-004
1048 1.701327e-004 4.201327e-004
1049 4.706683e-004 7.206683e-004
1050 4.706683e-004 7.206683e-004
1051 4.706683e-004 7.206683e-004
1052 1.701327e-004 4.201327e-004
1053 1.701327e-004 4.201327e-004
1054 4.706683e-004 7.206683e-004
1055 1.701327e-004 4.201327e-004
1056 1.701327e-004 4.201327e-004
1057 1.701327e-004 4.201327e-004
1058 1.701327e-004 4.201327e-004
1059 1.701327e-004 4.201327e-004
1060 1.701327e-004 4.201327e-004
1061 1.701327e-004 4.201327e-004
1062 1.701327e-004 4.201327e-004
1063 4.706683e-004 7.206683e-004
1064 4.706683e-004 7.206683e-004
1065 4.706683e-004 7.206683e-004
1066 1.701327e-004 4.201327e-004
1067 1.701327e-004 4.201327e-004
1068 1.701327e-004 4.201327e-004
1069 1.701327e-004 4.201327e-004
1070 4.706683e-004 7.206683e-004
1071 4.706683e-004 7.206683e-004
1072 4.706683e-004 7.206683e-004
1073 4.706683e-004 7.206683e-004
1074 1.701327e-004 4.201327e-004
1075 4.706683e-004 7.206683e-004
1076 4.706683e-004 7.206683e-004
1077 4.706683e-004 7.206683e-004
1078 1.701327e-004 4.201327e-004
1079 1.701327e-004 4.201327e-004
1080 1.701327e-004 4.201327e-004
1081 1.701327e-004 4.201327e-004
1082 1.701327e-004 4.201327e-004
1083 1.701327e-004 4.201327e-004
1084 1.701327e-004 4.201327e-004
1085 1.701327e-004 4.201327e-004
1086 1.701327e-004 4.201327e-004
1087 1.701327e-004 4.201327e-004
1088 1.701327e-004 4.201327e-004
1089 1.701327e-004 4.201327e-004
1090 1.701327e-004 4.201327e-004
1091 1.701327e-004 4.201327e-004
1092 4.706683e-004 7.206683e-004
1093 4.706683e-004 7.206683e-004
1094 4.706683e-004 7.206683e-004
1095 1.701327e-004 4.201327e-004
1096 1.701327e-004 4.201327e-004
1097 1.701327e-004 4.201327e-004
1098 1.701327e-004 4.201327e-004
1099 1.701327e-004 4.201327e-004
1100 1.701327e-004 4.201327e-004
1101 1.701327e-004 4.201327e-004
1102 1.701327e-004 4.201327e-004
1103 1.701327e-004 4.201327e-004
1104 4.706683e-004 7.206683e-004
1105 1.701327e-004 4.201327e-004
1106 1.701327e-004 4.201327e-004
1107 1.701327e-004 4.201327e-004
1108 1.701327e-004 4.201327e-004
1109 1.701327e-004 4.201327e-004
1110 1.701327e-004 4.201327e-004
1111 1.701327e-004 4.201327e-004
1112 1.701327e-004 4.201327e-004
1113 1.701327e-004 4.201327e-004
1114 1.701327e-004 4.201327e-004
1115 1.701327e-004 4.201327e-004
1116 1.701327e-004 4.201327e-004
1117 1.701327e-004 4.201327e-004
1118 1.701327e-004 4.201327e-004
1119 1.701327e-004 4.201327e-004
1120 1.701327e-004 4.201327e-004
1121 1.701327e-004 4.201327e-004
1122 1.701327e-004 4.201327e-004
1123 1.701327e-004 4.201327e-004
1124 1.701327e-004 4.201327e-004
1125 1.701327e-004 4.201327e-004
1126 1.701327e-004 4.201327e-004
1127 1.701327e-004 4.201327e-004
1128 1.701327e-004 4.201327e-004
1129 1.701327e-004 4.201327e-004
1130 1.701327e-004 4.201327e-004
1131 4.706683e-004 7.206683e-004
1132 4.706683e-004 7.206683e-004
1133 1.701327e-004 4.201327e-004
1134 1.701327e-004 4.201327e-004
1135 1.701327e-004 4.201327e-004
1136 1.701327e-004 4.201327e-004
1137 1.701327e-004 4.201327e-004
1138 1.701327e-004 4.201327e-004
1139 1.701327e-004 4.201327e-004
1140 1.701327e-004 4.201327e-004
1141 1.701327e-004 4.201327e-004
1142 1.701327e-004 4.201327e-004
1143 1.701327e-004 4.201327e-004
1144 1.701327e-004 4.201327e-004
1145 1.701327e-004 4.201327e-004
1146 1.701327e-004 4.201327e-004
1147 1.701327e-004 4.201327e-004
1148 1.701327e-004 4.201327e-004
1149 1.701327e-004 4.201327e-004
1150 1.701327e-004 4.201327e-004
1151 1.701327e-004 4.201327e-004
1152 1.701327e-004 4.201327e-004
1153 1.701327e-004 4.201327e-004
1154 1.701327e-004 4.201327e-004
1155 1.701327e-004 4.201327e-004
1156 1.701327e-004 4.201327e-004
1157 1.701327e-004 4.201327e-004
1158 1.701327e-004 4.201327e-004
1159 1.701327e-004 4.201327e-004
1160 1.701327e-004 4.201327e-004
1161 1.701327e-004 4.201327e-004
1162 1.701327e-004 4.201327e-004
1163 1.701327e-004 4.201327e-004
1164 1.701327e-004 4.201327e-004
1165 1.701327e-004 4.201327e-004
1166 1.701327e-004 4.201327e-004
1167 1.701327e-004 4.201327e-004
1168 1.701327e-004 4.201327e-004
1169 1.701327e-004 4.201327e-004
1170 1.701327e-004 4.201327e-004
1171 1.701327e-004 4.201327e-004
1172 1.701327e-004 4.201327e-004
1173 1.701327e-004 4.201327e-004
1174 4.706683e-004 7.206683e-004
1175 1.701327e-004 4.201327e-004
1176 4.706683e-004 7.206683e-004
1177 1.701327e-004 4.201327e-004
1178 4.706683e-004 7.206683e-004
1179 4.706683e-004 7.206683e-004
1180 4.706683e-004 7.206683e-004
1181 4.706683e-004 7.206683e-004
1182 4.706683e-004 7.206683e-004
1183 1.701327e-004 4.201327e-004
1184 1.701327e-004 4.201327e-004
1185 1.701327e-004 4.201327e-004
1186 1.701327e-004 4.201327e-004
1187 1.701327e-004 4.201327e-004
1188 1.701327e-004 4.201327e-004
1189 1.701327e-004 4.201327e-004
1190 1.701327e-004 4.201327e-004
1191 1.701327e-004 4.201327e-004
1192 1.701327e-004 4.201327e-004
1193 1.701327e-004 4.201327e-004
1194 1.701327e-004 4.201327e-004
1195 1.701327e-004 4.201327e-004
1196 1.701327e-004 4.201327e-004
1197 1.701327e-004 4.201327e-004
1198 1.701327e-004 4.201327e-004
1199 1.701327e-004 4.201327e-004
1200 1.701327e-004 4.201327e-004
1201 1.701327e-004 4.201327e-004
1202 1.701327e-004 4.201327e-004
1203 1.701327e-004 4.201327e-004
1204 1.701327e-004 4.201327e-004
1205 4.706683e-004 7.206683e-004
1206 4.706683e-004 7.206683e-004
1207 4.706683e-004 7.206683e-004
1208 4.706683e-004 7.206683e-004
1209 4.706683e-004 7.206683e-004
1210 4.706683e-004 7.206683e-004
1211 1.701327e-004 4.201327e-004
1212 1.701327e-004 4.201327e-004
1213 4.706683e-004 7.206683e-004
1214 4.706683e-004 7.206683e-004
1215 4.706683e-004 7.206683e-004
1216 1.701327e-004 4.201327e-004
1217 4.706683e-004 7.206683e-004
1218 1.701327e-004 4.201327e-004
1219 1.701327e-004 4.201327e-004
1220 1.701327e-004 4.201327e-004
1221 1.701327e-004 4.201327e-004
1222 1.701327e-004 4.201327e-004
1223 1.701327e-004 4.201327e-004
1224 1.701327e-004 4.201327e-004
1225 1.701327e-004 4.201327e-004
1226 1.701327e-004 4.201327e-004
1227 4.706683e-004 7.206683e-004
1228 1.701327e-004 4.201327e-004
1229 1.701327e-004 4.201327e-004
1230 1.701327e-004 4.201327e-004
1231 1.701327e-004 4.201327e-004
1232 1.701327e-004 4.201327e-004
1233 1.701327e-004 4.201327e-004
1234 1.701327e-004 4.201327e-004
1235 1.701327e-004 4.201327e-004
1236 1.701327e-004 4.201327e-004
1237 1.701327e-004 4.201327e-004
1238 1.701327e-004 4.201327e-004
1239 1.701327e-004 4.201327e-004
1240 1.701327e-004 4.201327e-004
1241 1.701327e-004 4.201327e-004
1242 1.701327e-004 4.201327e-004
1243 1.701327e-004 4.201327e-004
1244 1.701327e-004 4.201327e-004
1245 1.701327e-004 4.201327e-004
1246 1.701327e-004 4.201327e-004
1247 1.701327e-004 4.201327e-004
1248 1.701327e-004 4.201327e-004
1249 1.701327e-004 4.201327e-004
1250 1.701327e-004 4.201327e-004
1251 1.701327e-004 4.201327e-004
1252 1.701327e-004 4.201327e-004
1253 1.701327e-004 4.201327e-004
1254 1.701327e-004 4.201327e-004
1255 1.701327e-004 4.201327e-004
1256 1.701327e-004 4.201327e-004
1257 1.701327e-004 4.201327e-004
1258 1.701327e-004 4.201327e-004
1259 1.701327e-004 4.201327e-004
1260 4.706683e-004 7.206683e-004
1261 1.701327e-004 4.201327e-004
1262 1.701327e-004 4.201327e-004
1263 1.701327e-004 4.201327e-004
1264 1.701327e-004 4.201327e-004
1265 1.701327e-004 4.201327e-004
1266 1.701327e-004 4.201327e-004
1267 1.701327e-004 4.201327e-004
1268 1.701327e-004 4.201327e-004
1269 4.706683e-004 7.206683e-004
1270 1.701327e-004 4.201327e-004
1271 1.701327e-004 4.201327e-004
1272 1.701327e-004 4.201327e-004
1273 1.701327e-004 4.201327e-004
1274 1.701327e-004 4.201327e-004
1275 1.701327e-004 4.201327e-004
1276 1.701327e-004 4.201327e-004
1277 1.701327e-004 4.201327e-004
1278 1.701327e-004 4.201327e-004
1279 1.701327e-004 4.201327e-004
1280 1.701327e-004 4.201327e-004
1281 1.701327e-004 4.201327e-004
1282 1.701327e-004 4.201327e-004
1283 1.701327e-004 4.201327e-004
1284 1.701327e-004 4.201327e-004
1285 1.701327e-004 4.201327e-004
1286 1.701327e-004 4.201327e-004
1287 1.701327e-004 4.201327e-004
1288 1.701327e-004 4.201327e-004
1289 1.701327e-004 4.201327e-004
1290 1.701327e-004 4.201327e-004
1291 1.701327e-004 4.201327e-004
1292 1.701327e-004 4.201327e-004
1293 1.701327e-004 4.201327e-004
1294 1.701327e-004 4.201327e-004
1295 1.701327e-004 4.201327e-004
1296 1.701327e-004 4.201327e-004
1297 1.701327e-004 4.201327e-004
1298 1.701327e-004 4.201327e-004
1299 1.701327e-004 4.201327e-004
1300 1.701327e-004 4.201327e-004
1301 1.701327e-004 4.201327e-004
1302 1.701327e-004 4.201327e-004
1303 4.706683e-004 7.206683e-004
1304 4.706683e-004 7.206683e-004
1305 4.706683e-004 7.206683e-004
1306 4.706683e-004 7.206683e-004
1307 4.706683e-004 7.206683e-004
1308 4.706683e-004 7.206683e-004
1309 4.706683e-004 7.206683e-004
1310 4.706683e-004 7.206683e-004
1311 4.706683e-004 7.206683e-004
1312 4.706683e-004 7.206683e-004
1313 4.706683e-004 7.206683e-004
1314 1.701327e-004 4.201327e-004
1315 1.701327e-004 4.201327e-004
1316 4.706683e-004 7.206683e-004
1317 4.706683e-004 7.206683e-004
1318 1.701327e-004 4.201327e-004
1319 1.701327e-004 4.201327e-004
1320 4.706683e-004 7.206683e-004
1321 4.706683e-004 7.206683e-004
1322 1.701327e-004 4.201327e-004
1323 1.701327e-004 4.201327e-004
1324 1.701327e-004 4.201327e-004
1325 1.701327e-004 4.201327e-004
1326 1.701327e-004 4.201327e-004
1327 1.701327e-004 4.201327e-004
1328 1.701327e-004 4.201327e-004
1329 1.701327e-004 4.201327e-004
1330 1.701327e-004 4.201327e-004
1331 1.701327e-004 4.201327e-004
1332 1.701327e-004 4.201327e-004
1333 1.701327e-004 4.201327e-004
1334 1.701327e-004 4.201327e-004
1335 1.701327e-004 4.201327e-004
1336 1.701327e-004 4.201327e-004
1337 1.701327e-004 4.201327e-004
1338 1.701327e-004 4.201327e-004
1339 1.701327e-004 4.201327e-004
1340 1.701327e-004 4.201327e-004
1341 1.701327e-004 4.201327e-004
1342 1.701327e-004 4.201327e-004
1343 4.706683e-004 7.206683e-004
1344 1.701327e-004 4.201327e-004
1345 1.701327e-004 4.201327e-004
1346 1.701327e-004 4.201327e-004
1347 1.701327e-004 4.201327e-004
1348 1.701327e-004 4.201327e-004
1349 4.706683e-004 7.206683e-004
1350 4.706683e-004 7.206683e-004
1351 4.706683e-004 7.206683e-004
1352 1.701327e-004 4.201327e-004
1353 1.701327e-004 4.201327e-004
1354 1.701327e-004 4.201327e-004
1355 1.701327e-004 4.201327e-004
1356 1.701327e-004 4.201327e-004
1357 4.706683e-004 7.206683e-004
1358 4.706683e-004 7.206683e-004
1359 1.701327e-004 4.201327e-004
1360 1.701327e-004 4.201327e-004
1361 1.701327e-004 4.201327e-004
1362 1.701327e-004 4.201327e-004
1363 1.701327e-004 4.201327e-004
1364 1.701327e-004 4.201327e-004
1365 1.701327e-004 4.201327e-004
1366 1.701327e-004 4.201327e-004
1367 1.701327e-004 4.201327e-004
1368 1.701327e-004 4.201327e-004
1369 1.701327e-004 4.201327e-004
1370 1.701327e-004 4.201327e-004
1371 1.701327e-004 4.201327e-004
1372 1.701327e-004 4.201327e-004
1373 1.701327e-004 4.201327e-004
1374 1.701327e-004 4.201327e-004
1375 1.701327e-004 4.201327e-004
1376 1.701327e-004 4.201327e-004
1377 1.701327e-004 4.201327e-004
1378 1.701327e-004 4.201327e-004
1379 1.701327e-004 4.201327e-004
1380 1.701327e-004 4.201327e-004
1381 1.701327e-004 4.201327e-004
1382 1.701327e-004 4.201327e-004
1383 1.701327e-004 4.201327e-004
1384 1.701327e-004 4.201327e-004
1385 1.701327e-004 4.201327e-004
1386 1.701327e-004 4.201327e-004
1387 1.701327e-004 4.201327e-004
1388 1.701327e-004 4.201327e-004
1389 1.701327e-004 4.201327e-004
1390 1.701327e-004 4.201327e-004
1391 1.701327e-004 4.201327e-004
1392 1.701327e-004 4.201327e-004
1393 1.701327e-004 4.201327e-004
1394 4.706683e-004 7.206683e-004
1395 4.706683e-004 7.206683e-004
1396 1.701327e-004 4.201327e-004
1397 1.701327e-004 4.201327e-004
1398 4.706683e-004 7.206683e-004
1399 1.701327e-004 4.201327e-004
1400 1.701327e-004 4.201327e-004
1401 4.706683e-004 7.206683e-004
1402 1.701327e-004 4.201327e-004
1403 1.701327e-004 4.201327e-004
1404 1.701327e-004 4.201327e-004
1405 1.701327e-004 4.201327e-004
1406 1.701327e-004 4.201327e-004
1407 1.701327e-004 4.201327e-004
1408 1.701327e-004 4.201327e-004
1409 1.701327e-004 4.201327e-004
1410 1.701327e-004 4.201327e-004
1411 1.701327e-004 4.201327e-004
1412 4.706683e-004 7.206683e-004
1413 1.701327e-004 4.201327e-004
1414 4.706683e-004 7.206683e-004
1415 1.701327e-004 4.201327e-004
1416 1.701327e-004 4.201327e-004
1417 1.701327e-004 4.201327e-004
1418 1.701327e-004 4.201327e-004
1419 4.706683e-004 7.206683e-004
1420 4.706683e-004 7.206683e-004
1421 4.706683e-004 7.206683e-004
1422 4.706683e-004 7.206683e-004
1423 1.701327e-004 4.201327e-004
1424 1.701327e-004 4.201327e-004
1425 1.701327e-004 4.201327e-004
1426 1.701327e-004 4.201327e-004
1427 1.701327e-004 4.201327e-004
1428 1.701327e-004 4.201327e-004
1429 1.701327e-004 4.201327e-004
1430 1.701327e-004 4.201327e-004
1431 1.701327e-004 4.201327e-004
1432 1.701327e-004 4.201327e-004
1433 1.701327e-004 4.201327e-004
1434 1.701327e-004 4.201327e-004
1435 1.701327e-004 4.201327e-004
1436 1.701327e-004 4.201327e-004
1437 1.701327e-004 4.201327e-004
1438 1.701327e-004 4.201327e-004
1439 1.701327e-004 4.201327e-004
1440 1.701327e-004 4.201327e-004
1441 4.706683e-004 7.206683e-004
1442 1.701327e-004 4.201327e-004
1443 4.706683e-004 7.206683e-004
1444 4.706683e-004 7.206683e-004
1445 4.706683e-004 7.206683e-004
1446 4.706683e-004 7.206683e-004
1447 1.701327e-004 4.201327e-004
1448 1.701327e-004 4.201327e-004
1449 4.706683e-004 7.206683e-004
1450 1.701327e-004 4.201327e-004
1451 1.701327e-004 4.201327e-004
1452 1.701327e-004 4.201327e-004
1453 1.701327e-004 4.201327e-004
1454 1.701327e-004 4.201327e-004
1455 1.701327e-004 4.201327e-004
1456 1.701327e-004 4.201327e-004
1457 1.701327e-004 4.201327e-004
1458 1.701327e-004 4.201327e-004
1459 1.701327e-004 4.201327e-004
1460 1.701327e-004 4.201327e-004
1461 1.701327e-004 4.201327e-004
1462 1.701327e-004 4.201327e-004
1463 1.701327e-004 4.201327e-004
1464 1.701327e-004 4.201327e-004
1465 1.701327e-004 4.201327e-004
1466 1.701327e-004 4.201327e-004
1467 4.706683e-004 7.206683e-004
1468 1.701327e-004 4.201327e-004
1469 4.706683e-004 7.206683e-004
1470 1.701327e-004 4.201327e-004
1471 1.701327e-004 4.201327e-004
1472 1.701327e-004 4.201327e-004
1473 1.701327e-004 4.201327e-004
1474 1.701327e-004 4.201327e-004
1475 1.701327e-004 4.201327e-004
1476 4.706683e-004 7.206683e-004
1477 4.706683e-004 7.206683e-004
1478 4.706683e-004 7.206683e-004
1479 4.706683e-004 7.206683e-004
1480 4.706683e-004 7.206683e-004
1481 4.706683e-004 7.206683e-004
1482 1.701327e-004 4.201327e-004
1483 4.706683e-004 7.206683e-004
1484 1.701327e-004 4.201327e-004
1485 1.701327e-004 4.201327e-004
1486 1.701327e-004 4.201327e-004
1487 1.701327e-004 4.201327e-004
1488 1.701327e-004 4.201327e-004
1489 1.701327e-004 4.201327e-004
1490 1.701327e-004 4.201327e-004
1491 4.706683e-004 7.206683e-004
1492 1.701327e-004 4.201327e-004
1493 1.701327e-004 4.201327e-004
1494 1.701327e-004 4.201327e-004
1495 1.701327e-004 4.201327e-004
1496 1.701327e-004 4.201327e-004
1497 4.706683e-004 7.206683e-004
1498 4.706683e-004 7.206683e-004
1499 1.701327e-004 4.201327e-004
1500 1.701327e-004 4.201327e-004
1501 1.701327e-004 4.201327e-004
1502 1.701327e-004 4.201327e-004
1503 1.701327e-004 4.201327e-004
1504 1.701327e-004 4.201327e-004
1505 1.701327e-004 4.201327e-004
1506 1.701327e-004 4.201327e-004
1507 1.701327e-004 4.201327e-004
1508 1.701327e-004 4.201327e-004
1509 1.701327e-004 4.201327e-004
1510 1.701327e-004 4.201327e-004
1511 1.701327e-004 4.201327e-004
1512 1.701327e-004 4.201327e-004
1513 1.701327e-004 4.201327e-004
1514 1.701327e-004 4.201327e-004
1515 1.701327e-004 4.201327e-004
1516 1.701327e-004 4.201327e-004
1517 1.701327e-004 4.201327e-004
1518 1.701327e-004 4.201327e-004
1519 1.701327e-004 4.201327e-004
1520 1.701327e-004 4.201327e-004
1521 1.701327e-004 4.201327e-004
1522 1.701327e-004 4.201327e-004
1523 1.701327e-004 4.201327e-004
1524 1.701327e-004 4.201327e-004
1525 1.701327e-004 4.201327e-004
1526 1.701327e-004 4.201327e-004
1527 1.701327e-004 4.201327e-004
1528 1.701327e-004 4.201327e-004
1529 1.701327e-004 4.201327e-004
1530 1.701327e-004 4.201327e-004
1531 1.701327e-004 4.201327e-004
1532 1.701327e-004 4.201327e-004
1533 4.706683e-004 7.206683e-004
1534 4.706683e-004 7.206683e-004
1535 4.706683e-004 7.206683e-004
1536 4.706683e-004 7.206683e-004
1537 4.706683e-004 7.206683e-004
1538 4.706683e-004 7.206683e-004
1539 1.701327e-004 4.201327e-004
1540 4.706683e-004 7.206683e-004
1541 4.706683e-004 7.206683e-004
1542 4.706683e-004 7.206683e-004
1543 1.701327e-004 4.201327e-004
1544 1.701327e-004 4.201327e-004
1545 1.701327e-004 4.201327e-004
1546 1.701327e-004 4.201327e-004
1547 1.701327e-004 4.201327e-004
1548 4.706683e-004 7.206683e-004
1549 1.701327e-004 4.201327e-004
1550 4.706683e-004 7.206683e-004
1551 1.701327e-004 4.201327e-004
1552 1.701327e-004 4.201327e-004
1553 1.701327e-004 4.201327e-004
1554 1.701327e-004 4.201327e-004
1555 1.701327e-004 4.201327e-004
1556 1.701327e-004 4.201327e-004
1557 1.701327e-004 4.201327e-004
1558 1.701327e-004 4.201327e-004
1559 1.701327e-004 4.201327e-004
1560 1.701327e-004 4.201327e-004
1561 1.701327e-004 4.201327e-004
1562 1.701327e-004 4.201327e-004
1563 1.701327e-004 4.201327e-004
1564 1.701327e-004 4.201327e-004
1565 4.706683e-004 7.206683e-004
1566 1.701327e-004 4.201327e-004
1567 1.701327e-004 4.201327e-004
1568 1.701327e-004 4.201327e-004
1569 1.701327e-004 4.201327e-004
1570 1.701327e-004 4.201327e-004
1571 1.701327e-004 4.201327e-004
1572 1.701327e-004 4.201327e-004
1573 4.706683e-004 7.206683e-004
1574 4.706683e-004 7.206683e-004
1575 4.706683e-004 7.206683e-004
1576 4.706683e-004 7.206683e-004
1577 4.706683e-004 7.206683e-004
1578 4.706683e-004 7.206683e-004
1579 4.706683e-004 7.206683e-004
1580 4.706683e-004 7.206683e-004
1581 4.706683e-004 7.206683e-004
1582 4.706683e-004 7.206683e-004
1583 4.706683e-004 7.206683e-004
1584 1.701327e-004 4.201327e-004
1585 4.706683e-004 7.206683e-004
1586 4.706683e-004 7.206683e-004
1587 1.701327e-004 4.201327e-004
1588 1.701327e-004 4.201327e-004
1589 1.701327e-004 4.201327e-004
1590 1.701327e-004 4.201327e-004
1591 1.701327e-004 4.201327e-004
1592 1.701327e-004 4.201327e-004
1593 1.701327e-004 4.201327e-004
1594 1.701327e-004 4.201327e-004
1595 1.701327e-004 4.201327e-004
1596 1.701327e-004 4.201327e-004
1597 1.701327e-004 4.201327e-004
1598 1.701327e-004 4.201327e-004
1599 1.701327e-004 4.201327e-004
1600 1.701327e-004 4.201327e-004
1601 1.701327e-004 4.201327e-004
1602 1.701327e-004 4.201327e-004
1603 1.701327e-004 4.201327e-004
1604 1.701327e-004 4.201327e-004
1605 1.701327e-004 4.201327e-004
1606 1.701327e-004 4.201327e-004
1607 1.701327e-004 4.201327e-004
1608 1.701327e-004 4.201327e-004
1609 1.701327e-004 4.201327e-004
1610 1.701327e-004 4.201327e-004
1611 1.701327e-004 4.201327e-004
1612 1.701327e-004 4.201327e-004
1613 1.701327e-004 4.201327e-004
1614 1.701327e-004 4.201327e-004
1615 1.701327e-004 4.201327e-004
1616 1.701327e-004 4.201327e-004
1617 1.701327e-004 4.201327e-004
1618 1.701327e-004 4.201327e-004
1619 1.701327e-004 4.201327e-004
1620 1.701327e-004 4.201327e-004
1621 1.701327e-004 4.201327e-004
1622 1.701327e-004 4.201327e-004
1623 1.701327e-004 4.201327e-004
1624 4.706683e-004 7.206683e-004
1625 1.701327e-004 4.201327e-004
1626 1.701327e-004 4.201327e-004
1627 1.701327e-004 4.201327e-004
1628 1.701327e-004 4.201327e-004
1629 4.706683e-004 7.206683e-004
1630 1.701327e-004 4.201327e-004
1631 1.701327e-004 4.201327e-004
1632 1.701327e-004 4.201327e-004
1633 1.701327e-004 4.201327e-004
1634 4.706683e-004 7.206683e-004
1635 1.701327e-004 4.201327e-004
1636 4.706683e-004 7.206683e-004
1637 4.706683e-004 7.206683e-004
1638 4.706683e-004 7.206683e-004
1639 4.706683e-004 7.206683e-004
1640 4.706683e-004 7.206683e-004
1641 4.706683e-004 7.206683e-004
1642 4.706683e-004 7.206683e-004
1643 1.701327e-004 4.201327e-004
1644 4.706683e-004 7.206683e-004
1645 1.701327e-004 4.201327e-004
1646 1.701327e-004 4.201327e-004
1647 4.706683e-004 7.206683e-004
1648 1.701327e-004 4.201327e-004
1649 4.706683e-004 7.206683e-004
1650 1.701327e-004 4.201327e-004
1651 1.701327e-004 4.201327e-004
1652 1.701327e-004 4.201327e-004
1653 4.706683e-004 7.206683e-004
1654 4.706683e-004 7.206683e-004
1655 4.706683e-004 7.206683e-004
1656 1.701327e-004 4.201327e-004
1657 1.701327e-004 4.201327e-004
1658 1.701327e-004 4.201327e-004
1659 1.701327e-004 4.201327e-004
1660 1.701327e-004 4.201327e-004
1661 1.701327e-004 4.201327e-004
1662 4.706683e-004 7.206683e-004
1663 4.706683e-004 7.206683e-004
1664 4.706683e-004 7.206683e-004
1665 1.701327e-004 4.201327e-004
1666 1.701327e-004 4.201327e-004
1667 1.701327e-004 4.201327e-004
1668 1.701327e-004 4.201327e-004
1669 4.706683e-004 7.206683e-004
1670 4.706683e-004 7.206683e-004
1671 1.701327e-004 4.201327e-004
1672 1.701327e-004 4.201327e-004
1673 1.701327e-004 4.201327e-004
1674 1.701327e-004 4.201327e-004
1675 1.701327e-004 4.201327e-004
1676 1.701327e-004 4.201327e-004
1677 4.706683e-004 7.206683e-004
1678 4.706683e-004 7.206683e-004
1679 1.701327e-004 4.201327e-004
1680 1.701327e-004 4.201327e-004
1681 1.701327e-004 4.201327e-004
1682 1.701327e-004 4.201327e-004
1683 1.701327e-004 4.201327e-004
1684 1.701327e-004 4.201327e-004
1685 1.701327e-004 4.201327e-004
1686 4.706683e-004 7.206683e-004
1687 1.701327e-004 4.201327e-004
1688 1.701327e-004 4.201327e-004
1689 1.701327e-004 4.201327e-004
1690 1.701327e-004 4.201327e-004
1691 1.701327e-004 4.201327e-004
1692 4.706683e-004 7.206683e-004
1693 4.706683e-004 7.206683e-004
1694 1.701327e-004 4.201327e-004
1695 4.706683e-004 7.206683e-004
1696 4.706683e-004 7.206683e-004
1697 4.706683e-004 7.206683e-004
1698 4.706683e-004 7.206683e-004
1699 1.701327e-004 4.201327e-004
1700 1.701327e-004 4.201327e-004
1701 1.701327e-004 4.201327e-004
1702 1.701327e-004 4.201327e-004
1703 1.701327e-004 4.201327e-004
1704 1.701327e-004 4.201327e-004
1705 1.701327e-004 4.201327e-004
1706 4.706683e-004 7.206683e-004
1707 1.701327e-004 4.201327e-004
1708 1.701327e-004 4.201327e-004
1709 4.706683e-004 7.206683e-004
1710 1.701327e-004 4.201327e-004
1711 1.701327e-004 4.201327e-004
1712 1.701327e-004 4.201327e-004
1713 1.701327e-004 4.201327e-004
1714 1.701327e-004 4.201327e-004
1715 1.701327e-004 4.201327e-004
1716 4.706683e-004 7.206683e-004
1717 1.701327e-004 4.201327e-004
1718 4.706683e-004 7.206683e-004
1719 1.701327e-004 4.201327e-004
1720 1.701327e-004 4.201327e-004
1721 1.701327e-004 4.201327e-004
1722 4.706683e-004 7.206683e-004
1723 1.701327e-004 4.201327e-004
1724 1.701327e-004 4.201327e-004
1725 1.701327e-004 4.201327e-004
1726 4.706683e-004 7.206683e-004
1727 1.701327e-004 4.201327e-004
1728 1.701327e-004 4.201327e-004
1729 1.701327e-004 4.201327e-004
1730 1.701327e-004 4.201327e-004
1731 1.701327e-004 4.201327e-004
1732 1.701327e-004 4.201327e-004
1733 4.706683e-004 7.206683e-004
1734 1.701327e-004 4.201327e-004
1735 1.701327e-004 4.201327e-004
1736 1.701327e-004 4.201327e-004
1737 1.701327e-004 4.201327e-004
1738 4.706683e-004 7.206683e-004
1739 4.706683e-004 7.206683e-004
1740 4.706683e-004 7.206683e-004
1741 1.701327e-004 4.201327e-004
1742 1.701327e-004 4.201327e-004
1743 1.701327e-004 4.201327e-004
1744 1.701327e-004 4.201327e-004
1745 1.701327e-004 4.201327e-004
1746 1.701327e-004 4.201327e-004
1747 4.706683e-004 7.206683e-004
1748 1.701327e-004 4.201327e-004
1749 1.701327e-004 4.201327e-004
1750 1.701327e-004 4.201327e-004
1751 1.701327e-004 4.201327e-004
1752 1.701327e-004 4.201327e-004
1753 1.701327e-004 4.201327e-004
1754 4.706683e-004 7.206683e-004
1755 1.701327e-004 4.201327e-004
1756 4.706683e-004 7.206683e-004
1757 4.706683e-004 7.206683e-004
1758 4.706683e-004 7.206683e-004
1759 4.706683e-004 7.206683e-004
1760 4.706683e-004 7.206683e-004
1761 4.706683e-004 7.206683e-004
1762 4.706683e-004 7.206683e-004
1763 4.706683e-004 7.206683e-004
1764 4.706683e-004 7.206683e-004
1765 4.706683e-004 7.206683e-004
1766 4.706683e-004 7.206683e-004
1767 4.706683e-004 7.206683e-004
1768 4.706683e-004 7.206683e-004
1769 4.706683e-004 7.206683e-004
1770 4.706683e-004 7.206683e-004
1771 4.706683e-004 7.206683e-004
1772 4.706683e-004 7.206683e-004
1773 4.706683e-004 7.206683e-004
1774 4.706683e-004 7.206683e-004
1775 4.706683e-004 7.206683e-004
1776 4.706683e-004 7.206683e-004
1777 4.706683e-004 7.206683e-004
1778 4.706683e-004 7.206683e-004
1779 4.706683e-004 7.206683e-004
1780 4.706683e-004 7.206683e-004
1781 4.706683e-004 7.206683e-004
1782 4.706683e-004 7.206683e-004
1783 4.706683e-004 7.206683e-004
1784 4.706683e-004 7.206683e-004
1785 4.706683e-004 7.206683e-004
1786 4.706683e-004 7.206683e-004
1787 4.706683e-004 7.206683e-004
1788 4.706683e-004 7.206683e-004
1789 4.706683e-004 7.206683e-004
1790 4.706683e-004 7.206683e-004
1791 4.706683e-004 7.206683e-004
1792 4.706683e-004 7.206683e-004
1793 4.706683e-004 7.206683e-004
1794 4.706683e-004 7.206683e-004
1795 4.706683e-004 7.206683e-004
1796 4.706683e-004 7.206683e-004
1797 4.706683e-004 7.206683e-004
1798 4.706683e-004 7.206683e-004
1799 4.706683e-004 7.206683e-004
1800 4.706683e-004 7.206683e-004
1801 4.706683e-004 7.206683e-004
1802 4.706683e-004 7.206683e-004
1803 4.706683e-004 7.206683e-004
1804 4.706683e-004 7.206683e-004
1805 4.706683e-004 7.206683e-004
1806 4.706683e-004 7.206683e-004
1807 4.706683e-004 7.206683e-004
1808 4.706683e-004 7.206683e-004
1809 4.706683e-004 7.206683e-004
1810 4.706683e-004 7.206683e-004
1811 4.706683e-004 7.206683e-004
1812 4.706683e-004 7.206683e-004
1813 4.706683e-004 7.206683e-004
1814 4.706683e-004 7.206683e-004
1815 4.706683e-004 7.206683e-004
1816 4.706683e-004 7.206683e-004
1817 4.706683e-004 7.206683e-004
1818 4.706683e-004 7.206683e-004
1819 4.706683e-004 7.206683e-004
1820 4.706683e-004 7.206683e-004
1821 4.706683e-004 7.206683e-004
1822 4.706683e-004 7.206683e-004
1823 4.706683e-004 7.206683e-004
1824 4.706683e-004 7.206683e-004
1825 4.706683e-004 7.206683e-004
1826 4.706683e-004 7.206683e-004
1827 1.701327e-004 4.201327e-004
1828 4.706683e-004 7.206683e-004
1829 4.706683e-004 7.206683e-004
1830 4.706683e-004 7.206683e-004
1831 4.706683e-004 7.206683e-004
1832 4.706683e-004 7.206683e-004
1833 4.706683e-004 7.206683e-004
1834 4.706683e-004 7.206683e-004
1835 4.706683e-004 7.206683e-004
1836 4.706683e-004 7.206683e-004
1837 4.706683e-004 7.206683e-004
1838 4.706683e-004 7.206683e-004
1839 4.706683e-004 7.206683e-004
1840 4.706683e-004 7.206683e-004
1841 4.706683e-004 7.206683e-004
1842 4.706683e-004 7.206683e-004
1843 4.706683e-004 7.206683e-004
1844 4.706683e-004 7.206683e-004
1845 4.706683e-004 7.206683e-004
1846 4.706683e-004 7.206683e-004
1847 4.706683e-004 7.206683e-004
1848 4.706683e-004 7.206683e-004
1849 4.706683e-004 7.206683e-004
1850 4.706683e-004 7.206683e-004
1851 1.701327e-004 4.201327e-004
1852 4.706683e-004 7.206683e-004
1853 1.701327e-004 4.201327e-004
1854 4.706683e-004 7.206683e-004
1855 1.701327e-004 4.201327e-004
1856 4.706683e-004 7.206683e-004
1857 4.706683e-004 7.206683e-004
1858 1.701327e-004 4.201327e-004
1859 1.701327e-004 4.201327e-004
1860 4.706683e-004 7.206683e-004
1861 4.706683e-004 7.206683e-004
1862 1.701327e-004 4.201327e-004
1863 4.706683e-004 7.206683e-004
1864 4.706683e-004 7.206683e-004
1865 4.706683e-004 7.206683e-004
1866 4.706683e-004 7.206683e-004
1867 4.706683e-004 7.206683e-004
1868 4.706683e-004 7.206683e-004
1869 4.706683e-004 7.206683e-004
1870 4.706683e-004 7.206683e-004
1871 4.706683e-004 7.206683e-004
1872 4.706683e-004 7.206683e-004
1873 4.706683e-004 7.206683e-004
1874 4.706683e-004 7.206683e-004
1875 4.706683e-004 7.206683e-004
1876 4.706683e-004 7.206683e-004
1877 4.706683e-004 7.206683e-004
1878 4.706683e-004 7.206683e-004
1879 4.706683e-004 7.206683e-004
1880 4.706683e-004 7.206683e-004
1881 4.706683e-004 7.206683e-004
1882 4.706683e-004 7.206683e-004
1883 4.706683e-004 7.206683e-004
1884 4.706683e-004 7.206683e-004
1885 1.701327e-004 4.201327e-004
1886 4.706683e-004 7.206683e-004
1887 4.706683e-004 7.206683e-004
1888 4.706683e-004 7.206683e-004
1889 4.706683e-004 7.206683e-004
1890 4.706683e-004 7.206683e-004
1891 4.706683e-004 7.206683e-004
1892 4.706683e-004 7.206683e-004
1893 4.706683e-004 7.206683e-004
1894 4.706683e-004 7.206683e-004
1895 1.701327e-004 4.201327e-004
1896 4.706683e-004 7.206683e-004
1897 1.701327e-004 4.201327e-004
1898 1.701327e-004 4.201327e-004
1899 4.706683e-004 7.206683e-004
1900 4.706683e-004 7.206683e-004
1901 1.701327e-004 4.201327e-004
1902 4.706683e-004 7.206683e-004
1903 4.706683e-004 7.206683e-004
1904 4.706683e-004 7.206683e-004
1905 4.706683e-004 7.206683e-004
1906 4.706683e-004 7.206683e-004
1907 4.706683e-004 7.206683e-004
1908 4.706683e-004 7.206683e-004
1909 4.706683e-004 7.206683e-004
1910 4.706683e-004 7.206683e-004
1911 4.706683e-004 7.206683e-004
1912 4.706683e-004 7.206683e-004
1913 4.706683e-004 7.206683e-004
1914 4.706683e-004 7.206683e-004
1915 4.706683e-004 7.206683e-004
1916 4.706683e-004 7.206683e-004
1917 4.706683e-004 7.206683e-004
1918 4.706683e-004 7.206683e-004
1919 4.706683e-004 7.206683e-004
1920 4.706683e-004 7.206683e-004
1921 4.706683e-004 7.206683e-004
1922 4.706683e-004 7.206683e-004
1923 4.706683e-004 7.206683e-004
1924 4.706683e-004 7.206683e-004
1925 4.706683e-004 7.206683e-004
1926 4.706683e-004 7.206683e-004
1927 4.706683e-004 7.206683e-004
1928 4.706683e-004 7.206683e-004
1929 4.706683e-004 7.206683e-004
1930 1.701327e-004 4.201327e-004
1931 4.706683e-004 7.206683e-004
1932 4.706683e-004 7.206683e-004
1933 1.701327e-004 4.201327e-004
1934 1.701327e-004 4.201327e-004
1935 4.706683e-004 7.206683e-004
1936 4.706683e-004 7.206683e-004
1937 4.706683e-004 7.206683e-004
1938 4.706683e-004 7.206683e-004
1939 4.706683e-004 7.206683e-004
1940 4.706683e-004 7.206683e-004
1941 4.706683e-004 7.206683e-004
1942 4.706683e-004 7.206683e-004
1943 4.706683e-004 7.206683e-004
1944 4.706683e-004 7.206683e-004
1945 4.706683e-004 7.206683e-004
1946 4.706683e-004 7.206683e-004
1947 4.706683e-004 7.206683e-004
1948 1.701327e-004 4.201327e-004
1949 4.706683e-004 7.206683e-004
1950 1.701327e-004 4.201327e-004
1951 4.706683e-004 7.206683e-004
1952 4.706683e-004 7.206683e-004
1953 4.706683e-004 7.206683e-004
1954 4.706683e-004 7.206683e-004
1955 4.706683e-004 7.206683e-004
1956 4.706683e-004 7.206683e-004
1957 4.706683e-004 7.206683e-004
1958 4.706683e-004 7.206683e-004
1959 4.706683e-004 7.206683e-004
1960 4.706683e-004 7.206683e-004
1961 1.701327e-004 4.201327e-004
1962 4.706683e-004 7.206683e-004
1963 1.701327e-004 4.201327e-004
1964 1.701327e-004 4.201327e-004
1965 4.706683e-004 7.206683e-004
1966 4.706683e-004 7.206683e-004
1967 4.706683e-004 7.206683e-004
1968 4.706683e-004 7.206683e-004
1969 4.706683e-004 7.206683e-004
1970 4.706683e-004 7.206683e-004
1971 4.706683e-004 7.206683e-004
1972 4.706683e-004 7.206683e-004
1973 4.706683e-004 7.206683e-004
1974 4.706683e-004 7.206683e-004
1975 4.706683e-004 7.206683e-004
1976 4.706683e-004 7.206683e-004
1977 4.706683e-004 7.206683e-004
1978 4.706683e-004 7.206683e-004
1979 4.706683e-004 7.206683e-004
1980 4.706683e-004 7.206683e-004
1981 4.706683e-004 7.206683e-004
1982 4.706683e-004 7.206683e-004
1983 4.706683e-004 7.206683e-004
1984 4.706683e-004 7.206683e-004
1985 4.706683e-004 7.206683e-004
1986 4.706683e-004 7.206683e-004
1987 4.706683e-004 7.206683e-004
1988 4.706683e-004 7.206683e-004
1989 4.706683e-004 7.206683e-004
1990 4.706683e-004 7.206683e-004
1991 4.706683e-004 7.206683e-004
1992 4.706683e-004 7.206683e-004
1993 4.706683e-004 7.206683e-004
1994 4.706683e-004 7.206683e-004
1995 4.706683e-004 7.206683e-004
1996 4.706683e-004 7.206683e-004
1997 4.706683e-004 7.206683e-004
1998 4.706683e-004 7.206683e-004
1999 4.706683e-004 7.206683e-004
2000 1.701327e-004 4.201327e-004
