1 1.047387e-004 2.503549e-003
2 4.199161e-004 1.401018e-002
3 1.446294e-005 1.320081e-003
4 2.642399e-005 1.287025e-003
5 2.699455e-005 1.547038e-003
6 9.413799e-004 9.540204e-003
7 8.766979e-005 4.334341e-003
8 5.055494e-004 1.883138e-002
9 1.287574e-005 2.254601e-003
10 6.193324e-004 1.151127e-002
11 2.678374e-005 3.344081e-003
12 7.819026e-006 1.089156e-003
13 5.724325e-004 9.659729e-003
14 2.268051e-004 3.679669e-003
15 5.291568e-005 1.710009e-003
16 5.894505e-005 2.156678e-003
17 1.353883e-005 9.954074e-004
18 2.409941e-004 4.502035e-003
19 8.868429e-005 4.358554e-003
20 7.570670e-006 9.540838e-004
21 7.610442e-004 1.726179e-002
22 2.824766e-005 1.618233e-003
23 2.215598e-004 4.608846e-003
24 4.582829e-004 7.289767e-003
25 5.977003e-004 1.132072e-002
26 5.105877e-005 1.660444e-003
27 4.275520e-005 3.002318e-003
28 2.869067e-005 1.478670e-003
29 1.610362e-003 1.058516e-002
30 1.678227e-003 2.648186e-002
31 4.612057e-004 1.666690e-002
32 3.296101e-005 1.938047e-003
33 7.676162e-006 9.959521e-004
34 3.875492e-006 9.005076e-004
35 3.101654e-005 1.983054e-003
36 5.273171e-004 6.950597e-003
37 5.370208e-004 9.236261e-003
38 5.699212e-005 3.917573e-003
39 9.872133e-006 1.645820e-003
40 2.244348e-005 2.440201e-003
41 4.761650e-005 1.350555e-003
42 1.277456e-004 3.537153e-003
43 1.779956e-003 1.379731e-002
44 9.043280e-005 1.933077e-003
45 1.690634e-004 2.269445e-003
46 9.553368e-005 2.008371e-003
47 6.509876e-004 1.130340e-002
48 3.171793e-004 7.649705e-003
49 6.139417e-005 2.726911e-003
50 2.039250e-003 2.485346e-002
51 2.586390e-004 5.513943e-003
52 4.041657e-004 5.291770e-003
53 2.693419e-005 1.500054e-003
54 9.709340e-005 2.446904e-003
55 9.694525e-005 2.426350e-003
56 1.038337e-004 2.531802e-003
57 1.753435e-004 6.280457e-003
58 1.442302e-004 5.580287e-003
59 2.505338e-004 4.312740e-003
60 8.383827e-006 1.174735e-003
61 2.665456e-003 3.482993e-002
62 6.619987e-004 1.308305e-002
63 1.425205e-005 1.360361e-003
64 4.131107e-005 3.389315e-003
65 1.639626e-004 5.351625e-003
66 3.121997e-005 1.862532e-003
67 8.303565e-005 4.006917e-003
68 8.639089e-005 4.095404e-003
69 4.753411e-006 1.192788e-003
70 7.623139e-006 1.099791e-003
71 5.681505e-004 1.193123e-002
72 2.987404e-005 1.791341e-003
73 8.092708e-005 1.641576e-003
74 1.377245e-003 5.626394e-002
75 1.566147e-005 1.442532e-003
76 3.191900e-005 2.016205e-003
77 2.142265e-004 4.237529e-003
78 2.272737e-003 2.718871e-002
79 1.150986e-004 3.146347e-003
80 1.598118e-005 1.222122e-003
81 7.525000e-006 1.115659e-003
82 7.059805e-006 1.094196e-003
83 1.073709e-004 2.749917e-003
84 1.646814e-005 1.433183e-003
85 2.495949e-004 4.524020e-003
86 4.311232e-005 2.821482e-003
87 1.711424e-005 1.745819e-003
88 2.537211e-005 1.303179e-003
89 1.856464e-004 2.883423e-003
90 7.931837e-004 2.210615e-002
91 1.932742e-004 3.798481e-003
92 1.050016e-003 1.299022e-002
93 7.028150e-005 3.218950e-003
94 5.646215e-005 1.772933e-003
95 1.519478e-003 1.661834e-002
96 2.212660e-005 1.172720e-003
97 2.941865e-004 6.549144e-003
98 2.712634e-005 1.351972e-003
99 1.262524e-005 1.127190e-003
100 7.363184e-004 1.584298e-002
101 3.832755e-005 2.418293e-003
102 2.104122e-004 8.884078e-003
103 4.447094e-004 1.521481e-002
104 1.461198e-004 4.191017e-003
105 7.293521e-005 2.898014e-003
106 5.489792e-005 5.362104e-003
107 2.055218e-005 2.183200e-003
108 2.027454e-004 7.156907e-003
109 4.662160e-005 3.628330e-003
110 1.461198e-004 4.191017e-003
111 8.625544e-004 9.430967e-003
112 3.487282e-004 7.961834e-003
113 5.632729e-004 2.257409e-002
114 4.023312e-004 1.068666e-002
115 3.416764e-004 7.637804e-003
116 1.955353e-004 7.570730e-003
117 2.024450e-004 8.985671e-003
118 2.014175e-004 8.315307e-003
119 5.118856e-005 3.886386e-003
120 2.579528e-005 3.029003e-003
121 9.817539e-005 5.636659e-003
122 1.564393e-005 1.268815e-003
123 4.327861e-005 3.068530e-003
124 8.543288e-005 3.479220e-003
125 4.327861e-005 3.068530e-003
126 5.118856e-005 3.886386e-003
127 1.057113e-004 5.132734e-003
128 9.010275e-005 3.878712e-003
129 4.327861e-005 3.068530e-003
130 2.579528e-005 3.029003e-003
131 5.118856e-005 3.886386e-003
132 4.327861e-005 3.068530e-003
133 5.118856e-005 3.886386e-003
134 2.086763e-004 6.657995e-003
135 4.028093e-005 2.609506e-003
136 2.250722e-005 2.424205e-003
137 8.566121e-005 4.253275e-003
138 1.773594e-004 5.294720e-003
139 6.025175e-005 5.281031e-003
140 5.118856e-005 3.886386e-003
141 2.250722e-005 2.424205e-003
142 2.250722e-005 2.424205e-003
143 8.937615e-005 3.738700e-003
144 1.057113e-004 5.132734e-003
145 5.118856e-005 3.886386e-003
146 5.118856e-005 3.886386e-003
147 4.648043e-005 2.972214e-003
148 1.057113e-004 5.132734e-003
149 2.579528e-005 3.029003e-003
150 2.579528e-005 3.029003e-003
151 8.937615e-005 3.738700e-003
152 2.250722e-005 2.424205e-003
153 2.250722e-005 2.424205e-003
154 4.028093e-005 2.609506e-003
155 2.250722e-005 2.424205e-003
156 2.250722e-005 2.424205e-003
157 4.028093e-005 2.609506e-003
158 2.250722e-005 2.424205e-003
159 3.839343e-005 2.440091e-003
160 1.180568e-004 2.624816e-003
161 2.313512e-005 2.625471e-003
162 2.313512e-005 2.625471e-003
163 2.313512e-005 2.625471e-003
164 1.019864e-005 1.457646e-003
165 1.019864e-005 1.457646e-003
166 1.019864e-005 1.457646e-003
167 2.313512e-005 2.625471e-003
168 2.313512e-005 2.625471e-003
169 4.493995e-005 3.249340e-003
170 1.019864e-005 1.457646e-003
171 3.643138e-005 1.935070e-003
172 2.313512e-005 2.625471e-003
173 1.019864e-005 1.457646e-003
174 2.313512e-005 2.625471e-003
175 2.313512e-005 2.625471e-003
176 2.313512e-005 2.625471e-003
177 1.019864e-005 1.457646e-003
178 2.037178e-005 1.788742e-003
179 1.019864e-005 1.457646e-003
180 2.313512e-005 2.625471e-003
181 1.165840e-005 1.932998e-003
182 4.115398e-005 2.730711e-003
183 8.980479e-006 1.088791e-003
184 1.019864e-005 1.457646e-003
185 8.980479e-006 1.088791e-003
186 2.037178e-005 1.788742e-003
187 1.982799e-005 1.644678e-003
188 1.019864e-005 1.457646e-003
189 5.048465e-006 1.065826e-003
190 8.980479e-006 1.088791e-003
191 1.560817e-004 5.695642e-003
192 6.274390e-005 2.043952e-003
193 1.413992e-004 4.747597e-003
194 2.515285e-004 5.231553e-003
195 4.093716e-005 3.212183e-003
196 7.906790e-005 4.257515e-003
197 7.906790e-005 4.257515e-003
198 4.093716e-005 3.212183e-003
199 1.654499e-004 5.249851e-003
200 8.337465e-005 3.861494e-003
201 1.245100e-004 3.026693e-003
202 3.444541e-004 7.931661e-003
203 6.274390e-005 2.043952e-003
204 5.980526e-005 2.057298e-003
205 1.245100e-004 3.026693e-003
206 6.274390e-005 2.043952e-003
207 1.245100e-004 3.026693e-003
208 6.274390e-005 2.043952e-003
209 1.245100e-004 3.026693e-003
210 5.980526e-005 2.057298e-003
211 3.013747e-005 1.555448e-003
212 1.245100e-004 3.026693e-003
213 3.013747e-005 1.555448e-003
214 3.689198e-005 2.356523e-003
215 5.980526e-005 2.057298e-003
216 6.274390e-005 2.043952e-003
217 1.550138e-005 1.369341e-003
218 2.961800e-004 7.524869e-003
219 1.208154e-004 3.273233e-003
220 5.980526e-005 2.057298e-003
221 5.980526e-005 2.057298e-003
222 1.020174e-004 2.099510e-003
223 1.600985e-004 4.802820e-003
224 3.298897e-005 2.188033e-003
225 6.868052e-005 2.677808e-003
226 1.966237e-005 2.157903e-003
227 3.298897e-005 2.188033e-003
228 6.868052e-005 2.677808e-003
229 1.387447e-004 3.936053e-003
230 7.799673e-005 3.669100e-003
231 7.799673e-005 3.669100e-003
232 4.648827e-005 3.597864e-003
233 6.664257e-005 2.946635e-003
234 6.664257e-005 2.946635e-003
235 7.799673e-005 3.669100e-003
236 6.664257e-005 2.946635e-003
237 3.746378e-005 2.818411e-003
238 7.799673e-005 3.669100e-003
239 6.868052e-005 2.677808e-003
240 3.298897e-005 2.188033e-003
241 3.746378e-005 2.818411e-003
242 6.664257e-005 2.946635e-003
243 2.232948e-005 2.784194e-003
244 6.868052e-005 2.677808e-003
245 6.664257e-005 2.946635e-003
246 3.746378e-005 2.818411e-003
247 6.664257e-005 2.946635e-003
248 3.298897e-005 2.188033e-003
249 1.387447e-004 3.936053e-003
250 6.868052e-005 2.677808e-003
251 3.298897e-005 2.188033e-003
252 7.799673e-005 3.669100e-003
253 2.232948e-005 2.784194e-003
254 7.799673e-005 3.669100e-003
255 1.387447e-004 3.936053e-003
256 3.298897e-005 2.188033e-003
257 3.746378e-005 2.818411e-003
258 5.830246e-005 1.806543e-003
259 5.830246e-005 1.806543e-003
260 1.204024e-004 2.508969e-003
261 5.830246e-005 1.806543e-003
262 5.830246e-005 1.806543e-003
263 5.830246e-005 1.806543e-003
264 1.332965e-004 3.671568e-003
265 6.717168e-005 2.569776e-003
266 1.210364e-004 2.848035e-003
267 5.576809e-004 8.857242e-003
268 2.760596e-004 4.909911e-003
269 2.760596e-004 4.909911e-003
270 5.860946e-005 2.022222e-003
271 5.830246e-005 1.806543e-003
272 1.079483e-004 2.301050e-003
273 5.860946e-005 2.022222e-003
274 5.860946e-005 2.022222e-003
275 1.325983e-004 3.181045e-003
276 2.760596e-004 4.909911e-003
277 5.830246e-005 1.806543e-003
278 2.953487e-005 1.537772e-003
279 1.325983e-004 3.181045e-003
280 1.156963e-004 2.555574e-003
281 1.325983e-004 3.181045e-003
282 1.398463e-004 3.637295e-003
283 2.953487e-005 1.537772e-003
284 5.830246e-005 1.806543e-003
285 1.269557e-004 3.029558e-003
286 1.079483e-004 2.301050e-003
287 5.830246e-005 1.806543e-003
288 2.389285e-004 3.949479e-003
289 2.142142e-004 3.536883e-003
290 2.142142e-004 3.536883e-003
291 5.860946e-005 2.022222e-003
292 5.860946e-005 2.022222e-003
293 2.241015e-004 3.936666e-003
294 1.085167e-004 2.549370e-003
295 1.802827e-004 5.890930e-003
296 3.416764e-004 7.637804e-003
297 1.920343e-004 7.585345e-003
298 6.941472e-005 2.901510e-003
299 3.417920e-005 1.819959e-003
300 3.881546e-005 2.660922e-003
301 1.526502e-004 4.217218e-003
302 3.881546e-005 2.660922e-003
303 1.966314e-005 2.303279e-003
304 1.731451e-005 1.610472e-003
305 1.171979e-005 2.285320e-003
306 1.171979e-005 2.285320e-003
307 1.171979e-005 2.285320e-003
308 1.171979e-005 2.285320e-003
309 1.731451e-005 1.610472e-003
310 1.171979e-005 2.285320e-003
311 1.171979e-005 2.285320e-003
312 1.031994e-005 1.594658e-003
313 1.171979e-005 2.285320e-003
314 1.171979e-005 2.285320e-003
315 1.966314e-005 2.303279e-003
316 1.966314e-005 2.303279e-003
317 5.905917e-006 1.761587e-003
318 5.905917e-006 1.761587e-003
319 1.031994e-005 1.594658e-003
320 1.171979e-005 2.285320e-003
321 5.166430e-006 1.307698e-003
322 5.111067e-004 1.901774e-002
323 3.568344e-004 9.124216e-003
324 1.798184e-004 6.174722e-003
325 1.625611e-004 4.866689e-003
326 2.055218e-005 2.183200e-003
327 1.350411e-004 3.577321e-003
328 1.323410e-004 3.498117e-003
329 3.840106e-004 1.286851e-002
330 3.256250e-004 8.091166e-003
331 3.301463e-004 8.530982e-003
332 7.078003e-004 1.594207e-002
333 4.347146e-005 2.831401e-003
334 7.824320e-005 3.652355e-003
335 1.116674e-004 2.776216e-003
336 1.451628e-004 4.466398e-003
337 2.716533e-004 6.324098e-003
338 1.098286e-004 7.303866e-003
339 2.481932e-004 4.331242e-003
340 3.497993e-005 2.072101e-003
341 3.428051e-005 2.038000e-003
342 1.234786e-004 3.139090e-003
343 3.016904e-004 6.302373e-003
344 5.524366e-005 2.017286e-003
345 7.796477e-005 3.707452e-003
346 3.152153e-005 1.892703e-003
347 3.428051e-005 2.038000e-003
348 1.210097e-004 3.066669e-003
349 1.210097e-004 3.066669e-003
350 6.098000e-005 2.155329e-003
351 3.497993e-005 2.072101e-003
352 1.736583e-005 1.814779e-003
353 6.098000e-005 2.155329e-003
354 6.098000e-005 2.155329e-003
355 6.098000e-005 2.155329e-003
356 1.956015e-005 1.950863e-003
357 1.210097e-004 3.066669e-003
358 1.210097e-004 3.066669e-003
359 6.904701e-005 2.793773e-003
360 1.210097e-004 3.066669e-003
361 3.195063e-004 8.418847e-003
362 3.089126e-005 1.874215e-003
363 6.222416e-005 2.191824e-003
364 1.736583e-005 1.814779e-003
365 2.752144e-004 6.046972e-003
366 6.130110e-005 2.508822e-003
367 1.386879e-004 3.974296e-003
368 1.210097e-004 3.066669e-003
369 5.683548e-004 9.512396e-003
370 1.093398e-004 6.893015e-003
371 3.317826e-004 7.404527e-003
372 1.306606e-003 1.790670e-002
373 2.097103e-003 2.264422e-002
374 2.283259e-003 2.807166e-002
375 1.669099e-004 5.346938e-003
376 6.243008e-004 1.253471e-002
377 1.359660e-004 4.960380e-003
378 2.431516e-004 5.803130e-003
379 7.997438e-005 4.587969e-003
380 7.042194e-005 2.932059e-003
381 1.364984e-005 1.048377e-003
382 7.042194e-005 2.932059e-003
383 1.364984e-005 1.048377e-003
384 3.096399e-005 1.697065e-003
385 7.799673e-005 3.669100e-003
386 7.799673e-005 3.669100e-003
387 3.099683e-004 6.732350e-003
388 1.896799e-005 1.941406e-003
389 2.425115e-005 3.377452e-003
390 1.039460e-004 2.342892e-003
391 5.676580e-004 8.662033e-003
392 1.236787e-004 2.996289e-003
393 2.997463e-004 5.521161e-003
394 5.878925e-005 1.954579e-003
395 1.505877e-004 4.217308e-003
396 3.502224e-004 9.070531e-003
397 9.251664e-005 4.787158e-003
398 9.455602e-005 4.593257e-003
399 4.790021e-005 4.013716e-003
400 9.676546e-005 6.116535e-003
401 4.790021e-005 4.013716e-003
402 4.790021e-005 4.013716e-003
403 4.790021e-005 4.013716e-003
404 4.790021e-005 4.013716e-003
405 4.790021e-005 4.013716e-003
406 4.790021e-005 4.013716e-003
407 2.413819e-005 3.238573e-003
408 4.790021e-005 4.013716e-003
409 2.014583e-004 8.832433e-003
410 9.892038e-005 5.085020e-003
411 1.007015e-004 5.641224e-003
412 1.621418e-004 5.152813e-003
413 4.790021e-005 4.013716e-003
414 4.790021e-005 4.013716e-003
415 2.413819e-005 3.238573e-003
416 4.790021e-005 4.013716e-003
417 4.790021e-005 4.013716e-003
418 3.408739e-004 8.035968e-003
419 6.764355e-004 1.303289e-002
420 3.408739e-004 8.035968e-003
421 8.394843e-005 4.203033e-003
422 1.733648e-004 5.475984e-003
423 3.502224e-004 9.070531e-003
424 1.153882e-003 1.351034e-002
425 3.502224e-004 9.070531e-003
426 1.733648e-004 5.475984e-003
427 3.502224e-004 9.070531e-003
428 1.733648e-004 5.475984e-003
429 1.733648e-004 5.475984e-003
430 1.733648e-004 5.475984e-003
431 3.348447e-004 7.437407e-003
432 1.733648e-004 5.475984e-003
433 1.733648e-004 5.475984e-003
434 1.733648e-004 5.475984e-003
435 3.348447e-004 7.437407e-003
436 3.348447e-004 7.437407e-003
437 1.733648e-004 5.475984e-003
438 1.733648e-004 5.475984e-003
439 5.711872e-004 7.673749e-003
440 1.733648e-004 5.475984e-003
441 1.733648e-004 5.475984e-003
442 9.260737e-004 1.895829e-002
443 4.382439e-004 1.237047e-002
444 9.260737e-004 1.895829e-002
445 9.533536e-004 8.085271e-003
446 2.292530e-006 8.831749e-004
447 8.786788e-006 1.119986e-003
448 2.292530e-006 8.831749e-004
449 2.292530e-006 8.831749e-004
450 4.427897e-006 9.420094e-004
451 1.541927e-005 1.345282e-003
452 8.786788e-006 1.119986e-003
453 4.549333e-006 1.003233e-003
454 8.786788e-006 1.119986e-003
455 8.786788e-006 1.119986e-003
456 7.429003e-006 9.487945e-004
457 2.292530e-006 8.831749e-004
458 8.786788e-006 1.119986e-003
459 2.036065e-004 8.319499e-003
460 2.352221e-005 2.293637e-003
461 4.549333e-006 1.003233e-003
462 3.946491e-005 2.329681e-003
463 7.632745e-006 1.010205e-003
464 1.474223e-005 1.133450e-003
465 7.632745e-006 1.010205e-003
466 1.474223e-005 1.133450e-003
467 4.549333e-006 1.003233e-003
468 7.632745e-006 1.010205e-003
469 1.474223e-005 1.133450e-003
470 6.137097e-006 1.659695e-003
471 8.786788e-006 1.119986e-003
472 7.632745e-006 1.010205e-003
473 1.474223e-005 1.133450e-003
474 4.549333e-006 1.003233e-003
475 1.474223e-005 1.133450e-003
476 5.071187e-006 1.308446e-003
477 3.564563e-005 2.002677e-003
478 1.878773e-005 1.863914e-003
479 9.300178e-006 1.359666e-003
480 1.845542e-005 1.668785e-003
481 1.643529e-005 1.397212e-003
482 1.878773e-005 1.863914e-003
483 1.878773e-005 1.863914e-003
484 1.796279e-005 1.527923e-003
485 1.796279e-005 1.527923e-003
486 1.086263e-004 7.211308e-003
487 9.300178e-006 1.359666e-003
488 9.861287e-005 5.098742e-003
489 4.781059e-004 6.831404e-003
490 4.969366e-005 3.785346e-003
491 4.969366e-005 3.785346e-003
492 4.969366e-005 3.785346e-003
493 4.969366e-005 3.785346e-003
494 9.200887e-005 4.497042e-003
495 4.763731e-005 3.688346e-003
496 1.003885e-004 5.655193e-003
497 1.083424e-004 6.385031e-003
498 4.969366e-005 3.785346e-003
499 9.200887e-005 4.497042e-003
500 4.969366e-005 3.785346e-003
501 9.861287e-005 5.098742e-003
502 4.530725e-004 1.689261e-002
503 4.969366e-005 3.785346e-003
504 4.969366e-005 3.785346e-003
505 4.969366e-005 3.785346e-003
506 9.623437e-005 5.459238e-003
507 9.623437e-005 5.459238e-003
508 9.200887e-005 4.497042e-003
509 9.200887e-005 4.497042e-003
510 1.003885e-004 5.655193e-003
511 4.763731e-005 3.688346e-003
512 9.200887e-005 4.497042e-003
513 4.763731e-005 3.688346e-003
514 7.261472e-004 1.778065e-002
515 8.330259e-005 3.877224e-003
516 8.330259e-005 3.877224e-003
517 1.608944e-004 5.237070e-003
518 8.330259e-005 3.877224e-003
519 1.608944e-004 5.237070e-003
520 2.862075e-004 5.787751e-003
521 1.608944e-004 5.237070e-003
522 1.608944e-004 5.237070e-003
523 1.608944e-004 5.237070e-003
524 1.481831e-004 4.162337e-003
525 8.330259e-005 3.877224e-003
526 1.608944e-004 5.237070e-003
527 8.330259e-005 3.877224e-003
528 8.003315e-005 3.416921e-003
529 1.608944e-004 5.237070e-003
530 4.965071e-005 3.801142e-003
531 8.330259e-005 3.877224e-003
532 1.820208e-004 6.144138e-003
533 1.894565e-004 7.191012e-003
534 1.023248e-004 5.793919e-003
535 1.023248e-004 5.793919e-003
536 3.739912e-004 9.757502e-003
537 3.739912e-004 9.757502e-003
538 1.894565e-004 7.191012e-003
539 1.976348e-004 7.585326e-003
540 3.739912e-004 9.757502e-003
541 3.739912e-004 9.757502e-003
542 6.509268e-004 1.153616e-002
543 1.894565e-004 7.191012e-003
544 8.330259e-005 3.877224e-003
545 5.426654e-005 1.819445e-003
546 2.734636e-005 1.435587e-003
547 1.808641e-005 1.651190e-003
548 3.234440e-005 1.769882e-003
549 5.123651e-006 1.327492e-003
550 5.426654e-005 1.819445e-003
551 1.629921e-005 1.410611e-003
552 2.164527e-004 3.408607e-003
553 8.394843e-005 4.203033e-003
554 3.034487e-005 1.678904e-003
555 5.426654e-005 1.819445e-003
556 9.114223e-006 1.350799e-003
557 1.808641e-005 1.651190e-003
558 5.426654e-005 1.819445e-003
559 1.808641e-005 1.651190e-003
560 1.808641e-005 1.651190e-003
561 1.808641e-005 1.651190e-003
562 1.808641e-005 1.651190e-003
563 6.384852e-005 2.134637e-003
564 1.808641e-005 1.651190e-003
565 7.056961e-005 3.094236e-003
566 1.808641e-005 1.651190e-003
567 5.990142e-005 1.955046e-003
568 5.990142e-005 1.955046e-003
569 5.990142e-005 1.955046e-003
570 5.990142e-005 1.955046e-003
571 3.034487e-005 1.678904e-003
572 5.990142e-005 1.955046e-003
573 3.034487e-005 1.678904e-003
574 5.990142e-005 1.955046e-003
575 3.034487e-005 1.678904e-003
576 5.990142e-005 1.955046e-003
577 3.034487e-005 1.678904e-003
578 1.183997e-004 3.202373e-003
579 8.631727e-004 9.331173e-003
580 5.990142e-005 1.955046e-003
581 3.034487e-005 1.678904e-003
582 5.990142e-005 1.955046e-003
583 6.130110e-005 2.508822e-003
584 3.034487e-005 1.678904e-003
585 5.990142e-005 1.955046e-003
586 8.439549e-005 4.302981e-003
587 1.010794e-004 6.344094e-003
588 7.056961e-005 3.094236e-003
589 9.114223e-006 1.350799e-003
590 6.596166e-004 1.237286e-002
591 5.990142e-005 1.955046e-003
592 3.234440e-005 1.769882e-003
593 1.501272e-004 4.591835e-003
594 5.990142e-005 1.955046e-003
595 5.003565e-005 4.126361e-003
596 2.256791e-003 2.341466e-002
597 1.031994e-005 1.594658e-003
598 1.031994e-005 1.594658e-003
599 1.031994e-005 1.594658e-003
600 1.031994e-005 1.594658e-003
601 3.344202e-005 1.890048e-003
602 1.993240e-005 1.859505e-003
603 2.084779e-005 2.338633e-003
604 1.031994e-005 1.594658e-003
605 1.031994e-005 1.594658e-003
606 1.031994e-005 1.594658e-003
607 1.031994e-005 1.594658e-003
608 1.031994e-005 1.594658e-003
609 1.556527e-004 4.268065e-003
610 3.999761e-005 2.518574e-003
611 7.363184e-004 1.584298e-002
612 1.987472e-004 7.246984e-003
613 2.023259e-004 7.842117e-003
614 3.730265e-004 1.003101e-002
615 1.001540e-004 4.867903e-003
616 4.415085e-005 2.729640e-003
617 1.791081e-004 5.368792e-003
618 7.737742e-005 2.904138e-003
619 7.895613e-005 2.950447e-003
620 1.383761e-004 3.262506e-003
621 2.537714e-004 4.058190e-003
622 1.383761e-004 3.262506e-003
623 1.595030e-004 4.486823e-003
624 1.383761e-004 3.262506e-003
625 7.895613e-005 2.950447e-003
626 3.749907e-004 1.191204e-002
627 7.895613e-005 2.950447e-003
628 9.664688e-005 4.600077e-003
629 1.695983e-004 5.721903e-003
630 1.493408e-004 4.105709e-003
631 1.386879e-004 3.974296e-003
632 5.576809e-004 8.857242e-003
633 8.266193e-005 3.847630e-003
634 8.119984e-005 3.394363e-003
635 7.903236e-005 3.059941e-003
636 8.266193e-005 3.847630e-003
637 1.596570e-004 5.120030e-003
638 1.596570e-004 5.120030e-003
639 1.138037e-004 6.506357e-003
640 7.317611e-005 2.698615e-003
641 8.266193e-005 3.847630e-003
642 1.452118e-004 3.927237e-003
643 2.024401e-004 7.024039e-003
644 8.119984e-005 3.394363e-003
645 1.719206e-004 5.039715e-003
646 2.024401e-004 7.024039e-003
647 9.929743e-005 5.012114e-003
648 2.865544e-004 5.947844e-003
649 5.078908e-005 3.691096e-003
650 5.078908e-005 3.691096e-003
651 5.078908e-005 3.691096e-003
652 8.901137e-005 3.969313e-003
653 2.308486e-003 1.842697e-002
654 1.456750e-003 1.976720e-002
655 3.763366e-005 2.027412e-003
656 3.023153e-004 5.994656e-003
657 3.455498e-003 4.728617e-002
658 4.902238e-005 4.626717e-003
659 1.896204e-004 6.778825e-003
660 1.896204e-004 6.778825e-003
661 1.896204e-004 6.778825e-003
662 6.594668e-004 1.142359e-002
663 8.337465e-005 3.861494e-003
664 1.910593e-004 6.682280e-003
665 1.896204e-004 6.778825e-003
666 3.287242e-004 8.008791e-003
667 1.445375e-004 4.402301e-003
668 8.337465e-005 3.861494e-003
669 3.762857e-004 9.936390e-003
670 1.910593e-004 6.682280e-003
671 3.287242e-004 8.008791e-003
672 1.562468e-004 4.161048e-003
673 6.523255e-004 1.237715e-002
674 8.082279e-005 3.998090e-003
675 4.238827e-004 6.381661e-003
676 1.445375e-004 4.402301e-003
677 3.017572e-004 5.745357e-003
678 1.109087e-004 2.463116e-003
679 3.156153e-004 6.856613e-003
680 6.223793e-005 1.990425e-003
681 1.257298e-004 3.138139e-003
682 1.578801e-003 2.694932e-002
683 1.109087e-004 2.463116e-003
684 3.068267e-004 6.372536e-003
685 1.079483e-004 2.301050e-003
686 5.956750e-004 8.042075e-003
687 5.990142e-005 1.955046e-003
688 1.109087e-004 2.463116e-003
689 1.079483e-004 2.301050e-003
690 5.990142e-005 1.955046e-003
691 2.142142e-004 3.536883e-003
692 5.588988e-005 1.759950e-003
693 5.990142e-005 1.955046e-003
694 5.860946e-005 2.022222e-003
695 8.170759e-005 3.812594e-003
696 3.408739e-004 8.035968e-003
697 6.902366e-004 1.343773e-002
698 1.039862e-003 1.004497e-002
699 1.721799e-004 5.064847e-003
700 1.657160e-004 4.966973e-003
701 8.350870e-005 3.718944e-003
702 1.621418e-004 5.152813e-003
703 4.230386e-005 3.333974e-003
704 3.408739e-004 8.035968e-003
705 4.230386e-005 3.333974e-003
706 8.170759e-005 3.812594e-003
707 4.230386e-005 3.333974e-003
708 9.257813e-004 1.077477e-002
709 2.121836e-004 8.580753e-003
710 2.200076e-004 7.922091e-003
711 4.365864e-004 1.220511e-002
712 1.360161e-004 3.751343e-003
713 2.121836e-004 8.580753e-003
714 1.919637e-004 6.247388e-003
715 9.673564e-005 4.364179e-003
716 2.200076e-004 7.922091e-003
717 4.034774e-004 9.414095e-003
718 9.673564e-005 4.364179e-003
719 1.868396e-004 5.593028e-003
720 2.200076e-004 7.922091e-003
721 9.673564e-005 4.364179e-003
722 1.868396e-004 5.593028e-003
723 2.121836e-004 8.580753e-003
724 9.673564e-005 4.364179e-003
725 9.673564e-005 4.364179e-003
726 1.868396e-004 5.593028e-003
727 8.006669e-004 1.516586e-002
728 1.948208e-004 7.669859e-003
729 1.114515e-004 6.718697e-003
730 1.954202e-004 6.824521e-003
731 4.900436e-005 3.835056e-003
732 4.900436e-005 3.835056e-003
733 9.673564e-005 4.364179e-003
734 1.114515e-004 6.718697e-003
735 8.359298e-005 3.869645e-003
736 2.135265e-004 8.067581e-003
737 4.567377e-004 1.450027e-002
738 3.774435e-004 9.306977e-003
739 9.673564e-005 4.364179e-003
740 9.673564e-005 4.364179e-003
741 4.900436e-005 3.835056e-003
742 1.074880e-004 6.874552e-003
743 9.673564e-005 4.364179e-003
744 9.673564e-005 4.364179e-003
745 2.121836e-004 8.580753e-003
746 9.673564e-005 4.364179e-003
747 9.673564e-005 4.364179e-003
748 9.530541e-005 4.453608e-003
749 3.845803e-004 9.518596e-003
750 1.425914e-004 4.026823e-003
751 1.333605e-004 3.752740e-003
752 1.333605e-004 3.752740e-003
753 3.416009e-004 8.242606e-003
754 6.112357e-005 1.990896e-003
755 7.058465e-005 2.430335e-003
756 1.333605e-004 3.752740e-003
757 1.690970e-004 5.066150e-003
758 6.755781e-005 2.935363e-003
759 3.417920e-005 1.819959e-003
760 1.306890e-004 3.242016e-003
761 2.640110e-004 5.666537e-003
762 2.921873e-005 4.581944e-003
763 2.921873e-005 4.581944e-003
764 2.921873e-005 4.581944e-003
765 1.455112e-003 2.574469e-002
766 1.411935e-003 2.749648e-002
767 2.727649e-004 8.983368e-003
768 1.513909e-003 2.729532e-002
769 1.220828e-004 3.388849e-003
770 5.367889e-005 1.897912e-003
771 5.367889e-005 1.897912e-003
772 2.328547e-005 3.325059e-003
773 1.502692e-004 4.735612e-003
774 2.328547e-005 3.325059e-003
775 4.620805e-005 4.758616e-003
776 4.164202e-005 3.539082e-003
777 1.220828e-004 3.388849e-003
778 5.148177e-005 5.373827e-003
779 7.858818e-005 3.853761e-003
780 2.328547e-005 3.325059e-003
781 2.328547e-005 3.325059e-003
782 1.023844e-005 1.869864e-003
783 2.050417e-005 2.223839e-003
784 1.220828e-004 3.388849e-003
785 2.095882e-005 2.393040e-003
786 3.321745e-005 2.176946e-003
787 3.516412e-005 2.425156e-003
788 6.096020e-005 2.742606e-003
789 6.096020e-005 2.742606e-003
790 6.463288e-005 2.852210e-003
791 9.300178e-006 1.359666e-003
792 6.096020e-005 2.742606e-003
793 3.633401e-005 2.686930e-003
794 5.091098e-004 8.283598e-003
795 2.926995e-005 1.699415e-003
796 1.917424e-005 2.248576e-003
797 6.096020e-005 2.742606e-003
798 3.071947e-005 1.992025e-003
799 1.112232e-004 3.119862e-003
800 5.912959e-005 2.550257e-003
801 6.415769e-005 2.675841e-003
802 3.324029e-005 2.436488e-003
803 6.420180e-005 3.062663e-003
804 6.096020e-005 2.742606e-003
805 1.142056e-004 3.282401e-003
806 7.271684e-004 1.558659e-002
807 1.979854e-005 2.146608e-003
808 1.056171e-005 1.815869e-003
809 6.096020e-005 2.742606e-003
810 5.582803e-006 1.771152e-003
811 4.227358e-005 4.351719e-003
812 1.098356e-005 2.446548e-003
813 6.029456e-004 8.445927e-003
814 1.695973e-004 5.656550e-003
815 1.695973e-004 5.656550e-003
816 1.836269e-004 6.028264e-003
817 3.138964e-004 6.273671e-003
818 1.591128e-004 5.120678e-003
819 1.591128e-004 5.120678e-003
820 1.978607e-004 9.427370e-003
821 3.223712e-004 8.347913e-003
822 6.101928e-004 1.281463e-002
823 1.688085e-003 3.500977e-002
824 4.691419e-003 5.519698e-002
825 2.059452e-003 4.584558e-002
826 1.281625e-003 2.126490e-002
827 1.515486e-003 3.103176e-002
828 2.280656e-003 7.148889e-002
829 7.043986e-004 1.427241e-002
830 8.003315e-005 3.416921e-003
831 3.961749e-005 2.420831e-003
832 8.444328e-005 3.465027e-003
833 2.787334e-004 5.553080e-003
834 3.961749e-005 2.420831e-003
835 1.416766e-004 3.594423e-003
836 7.335262e-005 2.789821e-003
837 1.174276e-004 2.833957e-003
838 6.868052e-005 2.677808e-003
839 6.868052e-005 2.677808e-003
840 4.832098e-004 7.361075e-003
841 6.868052e-005 2.677808e-003
842 2.310262e-004 4.056944e-003
843 1.174276e-004 2.833957e-003
844 1.326527e-004 3.378076e-003
845 1.326527e-004 3.378076e-003
846 2.372211e-004 4.251497e-003
847 6.868052e-005 2.677808e-003
848 1.326527e-004 3.378076e-003
849 1.387447e-004 3.936053e-003
850 6.868052e-005 2.677808e-003
851 2.268051e-004 3.679669e-003
852 1.174276e-004 2.833957e-003
853 6.868052e-005 2.677808e-003
854 6.868052e-005 2.677808e-003
855 6.868052e-005 2.677808e-003
856 5.420292e-006 1.274413e-003
857 4.772873e-006 9.873288e-004
858 1.075611e-005 1.699804e-003
859 5.420292e-006 1.274413e-003
860 3.141615e-004 7.046744e-003
861 4.177324e-005 3.210312e-003
862 5.420292e-006 1.274413e-003
863 5.420292e-006 1.274413e-003
864 5.420292e-006 1.274413e-003
865 9.641905e-006 1.299070e-003
866 1.785219e-005 1.487043e-003
867 5.420292e-006 1.274413e-003
868 5.420292e-006 1.274413e-003
869 1.003579e-005 1.441391e-003
870 5.420292e-006 1.274413e-003
871 5.420292e-006 1.274413e-003
872 1.046900e-005 1.498893e-003
873 5.420292e-006 1.274413e-003
874 9.218543e-006 1.109818e-003
875 1.012264e-003 2.094860e-002
876 9.641905e-006 1.299070e-003
877 5.420292e-006 1.274413e-003
878 1.785219e-005 1.487043e-003
879 5.420292e-006 1.274413e-003
880 5.420292e-006 1.274413e-003
881 5.420292e-006 1.274413e-003
882 1.819760e-005 1.283188e-003
883 8.837075e-006 1.080378e-003
884 5.420292e-006 1.274413e-003
885 5.420292e-006 1.274413e-003
886 1.813649e-005 1.480105e-003
887 1.853628e-005 1.415718e-003
888 8.011759e-005 4.084839e-003
889 8.121466e-005 3.450158e-003
890 7.643146e-005 2.972296e-003
891 3.076763e-004 6.659352e-003
892 9.494642e-005 4.397390e-003
893 3.580182e-005 1.821193e-003
894 1.853628e-005 1.415718e-003
895 5.758168e-005 1.801749e-003
896 6.539239e-005 2.720506e-003
897 1.860205e-004 6.818347e-003
898 1.661749e-004 4.748441e-003
899 1.929940e-004 6.694089e-003
900 3.109966e-005 1.444122e-003
901 1.766813e-005 1.438738e-003
902 5.341977e-005 1.671923e-003
903 6.544895e-005 2.358923e-003
904 5.995225e-004 9.843018e-003
905 7.054805e-005 2.594793e-003
906 2.329723e-004 3.884401e-003
907 3.872391e-004 1.250547e-002
908 1.778295e-005 1.685543e-003
909 1.778295e-005 1.685543e-003
910 9.137794e-006 1.245638e-003
911 1.025787e-005 1.560577e-003
912 7.819026e-006 1.089156e-003
913 4.510307e-006 1.034210e-003
914 1.627861e-005 1.353516e-003
915 1.778295e-005 1.685543e-003
916 4.177942e-005 3.033316e-003
917 1.778295e-005 1.685543e-003
918 1.398297e-005 1.145319e-003
919 5.213942e-006 1.217076e-003
920 1.007044e-005 1.350885e-003
921 4.099792e-006 8.996419e-004
922 8.116583e-006 1.114033e-003
923 1.534265e-004 5.434299e-003
924 7.551704e-005 3.015603e-003
925 2.292530e-006 8.831749e-004
926 3.532655e-005 2.262244e-003
927 4.427897e-006 9.420094e-004
928 8.711411e-006 1.149960e-003
929 1.981251e-005 1.823830e-003
930 8.711411e-006 1.149960e-003
931 1.025787e-005 1.560577e-003
932 5.213942e-006 1.217076e-003
933 4.244669e-006 9.278688e-004
934 1.287885e-005 1.007715e-003
935 1.375496e-005 1.040896e-003
936 4.427897e-006 9.420094e-004
937 4.176288e-006 9.345006e-004
938 5.213942e-006 1.217076e-003
939 1.007044e-005 1.350885e-003
940 7.429003e-006 9.487945e-004
941 1.442481e-005 1.211530e-003
942 5.213942e-006 1.217076e-003
943 2.489186e-006 9.306864e-004
944 3.846344e-006 8.866879e-004
945 8.198346e-006 1.028333e-003
946 8.007794e-006 9.946425e-004
947 3.754854e-004 8.785307e-003
948 6.186116e-005 4.969561e-003
949 6.245812e-005 5.436006e-003
950 6.245812e-005 5.436006e-003
951 2.446658e-004 9.380716e-003
952 1.050275e-004 6.132654e-003
953 1.522956e-004 4.437719e-003
954 2.333141e-005 2.482096e-003
955 1.840680e-004 6.547756e-003
956 2.333141e-005 2.482096e-003
957 1.094622e-004 5.682860e-003
958 5.783001e-005 4.879818e-003
959 4.927494e-004 1.631977e-002
960 2.483096e-004 1.087954e-002
961 1.094622e-004 5.682860e-003
962 2.160806e-004 6.825080e-003
963 4.088991e-005 2.574309e-003
964 2.483096e-004 1.087954e-002
965 5.292616e-005 4.306362e-003
966 9.925434e-004 2.204366e-002
967 4.901683e-004 1.347061e-002
968 4.088991e-005 2.574309e-003
969 7.312451e-005 2.763688e-003
970 2.160806e-004 6.825080e-003
971 2.333141e-005 2.482096e-003
972 6.245812e-005 5.436006e-003
973 6.245812e-005 5.436006e-003
974 2.333141e-005 2.482096e-003
975 1.927407e-005 4.688557e-003
976 1.901891e-004 6.876997e-003
977 2.943017e-005 1.398557e-003
978 3.099514e-005 1.528630e-003
979 3.421703e-005 1.886166e-003
980 8.535454e-006 1.021612e-003
981 2.594881e-005 2.840405e-003
982 3.421703e-005 1.886166e-003
983 1.075611e-005 1.699804e-003
984 2.123279e-005 2.011985e-003
985 2.123279e-005 2.011985e-003
986 2.123279e-005 2.011985e-003
987 4.772873e-006 9.873288e-004
988 1.069977e-005 1.431730e-003
989 5.005093e-005 3.011226e-003
990 2.123279e-005 2.011985e-003
991 2.864326e-005 3.128175e-003
992 1.075611e-005 1.699804e-003
993 1.075611e-005 1.699804e-003
994 1.075611e-005 1.699804e-003
995 1.075611e-005 1.699804e-003
996 2.123279e-005 2.011985e-003
997 2.439971e-005 3.174794e-003
998 2.123279e-005 2.011985e-003
999 1.869667e-005 1.388043e-003
1000 9.471363e-006 1.209918e-003
1001 9.471363e-006 1.209918e-003
1002 1.869667e-005 1.388043e-003
1003 9.471363e-006 1.209918e-003
1004 2.123279e-005 2.011985e-003
1005 2.123279e-005 2.011985e-003
1006 1.075611e-005 1.699804e-003
1007 2.123279e-005 2.011985e-003
1008 1.075611e-005 1.699804e-003
1009 1.923544e-005 1.798666e-003
1010 1.923544e-005 1.798666e-003
1011 1.923544e-005 1.798666e-003
1012 1.923544e-005 1.798666e-003
1013 1.075611e-005 1.699804e-003
1014 1.923544e-005 1.798666e-003
1015 1.075611e-005 1.699804e-003
1016 9.471363e-006 1.209918e-003
1017 5.420292e-006 1.274413e-003
1018 1.923544e-005 1.798666e-003
1019 3.421703e-005 1.886166e-003
1020 9.693252e-006 1.324232e-003
1021 1.869667e-005 1.388043e-003
1022 4.772873e-006 9.873288e-004
1023 9.471363e-006 1.209918e-003
1024 9.218543e-006 1.109818e-003
1025 1.758841e-005 1.504827e-003
1026 5.749034e-003 4.719282e-002
1027 2.073505e-004 1.021828e-002
1028 2.073505e-004 1.021828e-002
1029 2.339783e-004 1.162882e-002
1030 7.617171e-004 1.869926e-002
1031 1.219032e-003 1.679689e-002
1032 7.031761e-005 3.532245e-003
1033 1.132993e-004 7.182421e-003
1034 6.945210e-004 1.384632e-002
1035 3.690526e-005 2.248096e-003
1036 1.504487e-004 4.747836e-003
1037 1.132993e-004 7.182421e-003
1038 2.074666e-005 2.153721e-003
1039 8.457622e-005 4.363107e-003
1040 5.739518e-005 5.516604e-003
1041 4.093143e-004 1.462149e-002
1042 2.477123e-004 5.654363e-003
1043 2.477123e-004 5.654363e-003
1044 2.288426e-004 3.580139e-003
1045 1.293275e-004 2.964794e-003
1046 2.477123e-004 5.654363e-003
1047 2.073505e-004 1.021828e-002
1048 6.631251e-004 1.443215e-002
1049 9.629604e-005 5.604553e-003
1050 1.075444e-003 3.872554e-002
1051 1.774105e-003 2.644536e-002
1052 4.655912e-006 1.100750e-003
1053 1.938499e-005 1.487276e-003
1054 4.049485e-004 9.047377e-003
1055 9.820052e-006 1.324036e-003
1056 8.706558e-005 3.356391e-003
1057 3.252360e-005 1.516980e-003
1058 1.913468e-005 1.530074e-003
1059 4.317802e-006 9.302041e-004
1060 4.099792e-006 8.996419e-004
1061 1.596509e-005 1.311512e-003
1062 9.794721e-006 1.428995e-003
1063 3.956169e-005 2.366468e-003
1064 6.312330e-005 5.029743e-003
1065 6.312330e-005 5.029743e-003
1066 5.166430e-006 1.307698e-003
1067 5.166430e-006 1.307698e-003
1068 5.166430e-006 1.307698e-003
1069 5.166430e-006 1.307698e-003
1070 2.408651e-004 8.843764e-003
1071 5.362815e-005 3.672897e-003
1072 2.048294e-005 2.106270e-003
1073 1.106279e-004 5.375525e-003
1074 4.317802e-006 9.302041e-004
1075 2.041058e-004 7.194050e-003
1076 2.357989e-005 2.330335e-003
1077 6.312330e-005 5.029743e-003
1078 9.820052e-006 1.324036e-003
1079 8.706558e-005 3.356391e-003
1080 8.620519e-006 1.201330e-003
1081 8.620519e-006 1.201330e-003
1082 8.620519e-006 1.201330e-003
1083 8.620519e-006 1.201330e-003
1084 4.655912e-006 1.100750e-003
1085 7.377819e-005 2.760068e-003
1086 4.655912e-006 1.100750e-003
1087 8.282184e-006 1.121929e-003
1088 5.577766e-005 4.126130e-003
1089 4.655912e-006 1.100750e-003
1090 4.655912e-006 1.100750e-003
1091 4.655912e-006 1.100750e-003
1092 1.527343e-003 2.144628e-002
1093 2.584102e-004 4.582428e-003
1094 1.540198e-004 4.346416e-003
1095 1.506341e-005 1.152427e-003
1096 1.506341e-005 1.152427e-003
1097 5.733049e-005 1.985459e-003
1098 6.191862e-005 2.304648e-003
1099 3.043030e-005 1.632593e-003
1100 1.506341e-005 1.152427e-003
1101 1.506341e-005 1.152427e-003
1102 1.643529e-005 1.397212e-003
1103 1.506341e-005 1.152427e-003
1104 1.917026e-004 8.583531e-003
1105 1.506341e-005 1.152427e-003
1106 3.110796e-005 1.474623e-003
1107 5.219208e-005 1.522291e-003
1108 1.506341e-005 1.152427e-003
1109 2.527297e-005 1.175510e-003
1110 4.881336e-005 1.452728e-003
1111 5.733049e-005 1.985459e-003
1112 1.107307e-004 2.614314e-003
1113 1.107307e-004 2.614314e-003
1114 1.710669e-005 1.554776e-003
1115 1.107307e-004 2.614314e-003
1116 1.506341e-005 1.152427e-003
1117 1.506341e-005 1.152427e-003
1118 5.733049e-005 1.985459e-003
1119 1.107307e-004 2.614314e-003
1120 5.488766e-005 1.634516e-003
1121 4.369649e-005 1.308477e-003
1122 4.584360e-005 1.307571e-003
1123 1.546662e-005 1.123944e-003
1124 5.593434e-005 1.673596e-003
1125 3.271461e-005 1.584386e-003
1126 4.729104e-005 1.264180e-003
1127 2.818681e-005 1.220988e-003
1128 1.576156e-005 1.134956e-003
1129 2.695499e-005 1.424030e-003
1130 8.198332e-005 1.489724e-003
1131 7.993032e-005 3.061684e-003
1132 5.734344e-004 1.782620e-002
1133 3.007600e-004 5.366072e-003
1134 4.939933e-005 1.345127e-003
1135 8.989333e-006 1.085240e-003
1136 1.648576e-005 1.176033e-003
1137 3.495549e-005 1.732387e-003
1138 3.206049e-005 1.553196e-003
1139 3.749386e-005 1.883129e-003
1140 7.405095e-004 1.504128e-002
1141 1.272124e-004 3.014744e-003
1142 3.495549e-005 1.732387e-003
1143 3.495549e-005 1.732387e-003
1144 1.716109e-004 4.610272e-003
1145 6.410575e-005 1.985371e-003
1146 1.759071e-004 4.886392e-003
1147 1.759071e-004 4.886392e-003
1148 6.410575e-005 1.985371e-003
1149 3.749386e-005 1.883129e-003
1150 2.818681e-005 1.220988e-003
1151 1.648576e-005 1.176033e-003
1152 2.818681e-005 1.220988e-003
1153 1.648576e-005 1.176033e-003
1154 3.271461e-005 1.584386e-003
1155 1.648576e-005 1.176033e-003
1156 1.652842e-004 4.369683e-003
1157 1.822106e-004 6.143306e-003
1158 9.667065e-005 4.106072e-003
1159 3.615816e-004 1.066479e-002
1160 3.542617e-005 2.121750e-003
1161 3.611160e-005 1.797026e-003
1162 1.350698e-004 4.247054e-003
1163 9.667065e-005 4.106072e-003
1164 3.542617e-005 2.121750e-003
1165 3.695540e-005 2.239768e-003
1166 1.952889e-004 7.151828e-003
1167 5.122045e-005 3.976791e-003
1168 3.695540e-005 2.239768e-003
1169 1.350698e-004 4.247054e-003
1170 1.350698e-004 4.247054e-003
1171 3.542617e-005 2.121750e-003
1172 9.667065e-005 4.106072e-003
1173 1.996379e-004 6.690158e-003
1174 3.781937e-004 9.856760e-003
1175 2.805591e-004 6.115808e-003
1176 4.292439e-003 1.095855e-001
1177 5.746667e-005 1.872352e-003
1178 2.862733e-004 5.802074e-003
1179 2.233232e-004 1.201832e-002
1180 3.798162e-004 1.080185e-002
1181 1.105480e-004 6.935180e-003
1182 1.924074e-004 7.823151e-003
1183 2.120806e-004 3.608658e-003
1184 5.478169e-004 8.315368e-003
1185 4.575788e-004 7.211330e-003
1186 2.471367e-004 4.988522e-003
1187 1.223360e-004 2.852650e-003
1188 1.223360e-004 2.852650e-003
1189 2.775132e-004 5.789969e-003
1190 1.002567e-003 1.323155e-002
1191 2.775132e-004 5.789969e-003
1192 4.575788e-004 7.211330e-003
1193 4.575788e-004 7.211330e-003
1194 8.183003e-004 9.330576e-003
1195 4.419611e-004 6.133119e-003
1196 4.419611e-004 6.133119e-003
1197 2.414938e-004 3.965920e-003
1198 4.878530e-004 7.237491e-003
1199 2.471367e-004 4.988522e-003
1200 4.575788e-004 7.211330e-003
1201 3.997421e-004 5.616581e-003
1202 4.419611e-004 6.133119e-003
1203 4.719908e-004 8.179658e-003
1204 7.661797e-004 8.500032e-003
1205 2.278142e-005 2.758291e-003
1206 5.167853e-005 4.932897e-003
1207 4.074061e-005 2.921927e-003
1208 5.574550e-004 9.388482e-003
1209 4.393085e-005 3.835351e-003
1210 4.074061e-005 2.921927e-003
1211 2.405784e-005 1.227433e-003
1212 3.144126e-005 1.701052e-003
1213 1.441349e-004 4.289381e-003
1214 9.362619e-005 4.672993e-003
1215 3.798162e-004 1.080185e-002
1216 7.677140e-005 3.512742e-003
1217 3.798162e-004 1.080185e-002
1218 1.065974e-004 2.387142e-003
1219 6.965253e-006 9.328744e-004
1220 3.191900e-005 2.016205e-003
1221 2.345967e-005 1.203980e-003
1222 5.478169e-004 8.315368e-003
1223 1.646814e-005 1.433183e-003
1224 1.407083e-005 1.189064e-003
1225 9.702183e-005 1.981635e-003
1226 5.005744e-005 1.565996e-003
1227 1.052515e-003 3.183950e-002
1228 3.471989e-005 1.857890e-003
1229 4.772873e-006 9.873288e-004
1230 1.896941e-005 1.807727e-003
1231 9.641905e-006 1.299070e-003
1232 1.066384e-005 1.759218e-003
1233 1.868912e-005 1.826624e-003
1234 3.342225e-005 1.977776e-003
1235 1.868912e-005 1.826624e-003
1236 1.868912e-005 1.826624e-003
1237 1.868912e-005 1.826624e-003
1238 1.868912e-005 1.826624e-003
1239 1.868912e-005 1.826624e-003
1240 1.704657e-003 2.240674e-002
1241 2.765936e-005 1.201295e-003
1242 1.868912e-005 1.826624e-003
1243 5.070115e-005 1.509087e-003
1244 1.868912e-005 1.826624e-003
1245 1.868912e-005 1.826624e-003
1246 1.868912e-005 1.826624e-003
1247 5.115095e-005 4.102925e-003
1248 3.769817e-004 1.084372e-002
1249 9.879527e-005 5.313585e-003
1250 9.879527e-005 5.313585e-003
1251 8.627668e-005 4.315214e-003
1252 9.879527e-005 5.313585e-003
1253 1.684840e-004 2.503611e-003
1254 5.619328e-005 2.024945e-003
1255 4.408210e-004 6.225673e-003
1256 5.857484e-005 1.922863e-003
1257 5.258116e-004 9.437313e-003
1258 1.275322e-004 3.823025e-003
1259 2.245053e-004 4.127164e-003
1260 9.477670e-005 4.619492e-003
1261 1.502693e-005 1.416142e-003
1262 1.302028e-004 4.688588e-003
1263 2.020535e-005 1.718030e-003
1264 1.257523e-004 3.597290e-003
1265 3.532763e-005 2.122773e-003
1266 6.089304e-005 2.311321e-003
1267 1.075611e-005 1.699804e-003
1268 3.621509e-005 1.931186e-003
1269 1.753116e-004 5.729306e-003
1270 8.429420e-005 4.051703e-003
1271 8.099943e-005 4.244256e-003
1272 2.123279e-005 2.011985e-003
1273 1.800924e-005 1.423219e-003
1274 2.455935e-004 4.922435e-003
1275 2.624703e-004 4.524544e-003
1276 5.208502e-004 7.195780e-003
1277 7.905421e-004 2.121331e-002
1278 7.051782e-004 1.463320e-002
1279 2.780288e-005 1.493525e-003
1280 8.764271e-005 3.961700e-003
1281 9.838561e-005 5.704540e-003
1282 2.455935e-004 4.922435e-003
1283 2.085481e-004 3.848620e-003
1284 4.307673e-004 5.485708e-003
1285 1.154248e-004 3.229751e-003
1286 1.847774e-004 7.011948e-003
1287 4.922735e-005 1.672445e-003
1288 6.662590e-004 6.190550e-003
1289 2.202491e-003 2.919719e-002
1290 2.436820e-005 1.172155e-003
1291 1.131341e-004 2.591463e-003
1292 5.397799e-005 1.613654e-003
1293 6.550323e-004 1.137163e-002
1294 1.069062e-005 1.789141e-003
1295 6.053522e-005 2.101895e-003
1296 1.150500e-004 2.465776e-003
1297 1.363727e-003 1.947411e-002
1298 8.722614e-004 2.496456e-002
1299 8.664931e-005 3.813763e-003
1300 7.101078e-004 1.656020e-002
1301 3.283901e-005 1.645684e-003
1302 1.873764e-005 1.563161e-003
1303 1.949635e-004 7.529697e-003
1304 1.839592e-004 6.142220e-003
1305 1.805169e-004 6.013694e-003
1306 9.364587e-005 4.904886e-003
1307 7.628925e-005 3.308295e-003
1308 1.047189e-004 6.152458e-003
1309 1.832786e-004 6.669333e-003
1310 4.924583e-004 1.523415e-002
1311 3.486585e-004 8.504747e-003
1312 4.525265e-004 1.234573e-002
1313 1.391130e-005 2.835671e-003
1314 9.861016e-005 2.239244e-003
1315 2.854910e-005 1.536443e-003
1316 2.787067e-005 4.125662e-003
1317 3.597092e-005 2.453573e-003
1318 5.597241e-006 1.667078e-003
1319 1.556721e-005 1.412573e-003
1320 2.646345e-005 3.616403e-003
1321 2.566877e-005 3.426901e-003
1322 9.030828e-006 1.272882e-003
1323 1.337737e-004 4.236012e-003
1324 1.411471e-005 1.130038e-003
1325 3.893571e-005 2.816672e-003
1326 1.950192e-005 1.722736e-003
1327 5.153247e-005 4.205969e-003
1328 1.711973e-005 1.586505e-003
1329 2.102904e-005 2.329548e-003
1330 3.424311e-005 1.921910e-003
1331 6.621977e-005 2.480148e-003
1332 6.122874e-004 1.161176e-002
1333 1.566411e-004 4.872396e-003
1334 3.478575e-004 1.114335e-002
1335 8.836428e-005 4.862383e-003
1336 7.941821e-005 3.431147e-003
1337 2.700411e-005 1.343320e-003
1338 6.967605e-005 3.064102e-003
1339 4.038049e-004 1.192411e-002
1340 1.712968e-004 5.910249e-003
1341 5.358738e-005 1.740648e-003
1342 1.510021e-005 1.283322e-003
1343 7.275963e-004 1.273445e-002
1344 7.219565e-005 3.062415e-003
1345 1.727271e-004 6.371391e-003
1346 2.743089e-004 5.942272e-003
1347 4.755394e-004 7.108830e-003
1348 9.953948e-005 5.123001e-003
1349 6.486739e-005 5.893722e-003
1350 8.833918e-004 1.917586e-002
1351 5.275804e-004 1.853099e-002
1352 5.195949e-004 6.753927e-003
1353 6.616933e-005 2.411026e-003
1354 3.158919e-005 1.879449e-003
1355 6.061943e-004 1.097942e-002
1356 7.342913e-005 3.031732e-003
1357 2.646345e-005 3.616403e-003
1358 1.863521e-004 6.811818e-003
1359 5.669173e-004 9.545755e-003
1360 8.668093e-006 1.315614e-003
1361 5.772610e-005 2.422473e-003
1362 1.847573e-005 1.829067e-003
1363 1.366873e-005 1.028276e-003
1364 4.436218e-006 9.911043e-004
1365 1.710040e-005 1.347812e-003
1366 8.822402e-005 4.476897e-003
1367 2.520043e-005 2.756760e-003
1368 1.868068e-005 1.640765e-003
1369 2.792474e-005 1.269536e-003
1370 4.436218e-006 9.911043e-004
1371 8.692969e-006 1.217040e-003
1372 4.654200e-006 9.746037e-004
1373 1.768232e-005 1.517811e-003
1374 5.616713e-005 2.001046e-003
1375 1.988132e-004 8.057248e-003
1376 8.992639e-006 1.230862e-003
1377 4.246991e-005 2.937315e-003
1378 1.611210e-004 2.301363e-003
1379 1.609291e-004 4.230576e-003
1380 3.524220e-004 8.745842e-003
1381 1.759765e-004 6.909550e-003
1382 1.269612e-005 9.654522e-004
1383 4.196055e-005 1.127049e-003
1384 9.973871e-004 1.070799e-002
1385 1.237809e-004 2.519092e-003
1386 2.291829e-004 3.215359e-003
1387 8.884806e-004 7.563410e-003
1388 8.884806e-004 7.563410e-003
1389 5.524366e-005 2.017286e-003
1390 9.082468e-004 7.342147e-003
1391 1.415773e-004 3.627183e-003
1392 2.083764e-004 9.855181e-003
1393 3.042335e-005 1.574591e-003
1394 1.487535e-004 4.744414e-003
1395 2.373462e-004 1.112853e-002
1396 3.415252e-005 2.128968e-003
1397 1.501660e-005 1.284127e-003
1398 3.615046e-004 8.367918e-003
1399 1.179647e-004 3.010323e-003
1400 1.710669e-005 1.554776e-003
1401 1.805832e-004 7.315941e-003
1402 2.870114e-005 1.580990e-003
1403 2.611378e-005 1.299427e-003
1404 1.717382e-004 2.784005e-003
1405 1.728706e-005 1.500109e-003
1406 1.151194e-004 3.163070e-003
1407 1.674195e-005 1.536954e-003
1408 1.705354e-005 1.840277e-003
1409 1.990152e-004 3.975563e-003
1410 7.612659e-005 1.539211e-003
1411 7.850443e-004 2.031922e-002
1412 5.581503e-004 9.567661e-003
1413 2.366324e-005 1.136917e-003
1414 2.219865e-004 1.344069e-002
1415 8.458228e-005 1.873843e-003
1416 1.868068e-005 1.640765e-003
1417 1.044590e-005 1.565733e-003
1418 4.570425e-005 1.378187e-003
1419 1.028667e-004 5.580734e-003
1420 2.071203e-004 1.025949e-002
1421 6.178780e-004 1.084659e-002
1422 8.825203e-005 4.395839e-003
1423 2.037987e-004 4.776803e-003
1424 1.213676e-004 3.386157e-003
1425 2.127558e-004 5.163430e-003
1426 1.692771e-004 5.303297e-003
1427 1.386428e-004 5.309951e-003
1428 7.994502e-006 1.006476e-003
1429 5.111407e-005 4.141137e-003
1430 6.936054e-005 3.634230e-003
1431 1.401257e-004 4.372583e-003
1432 6.432361e-005 2.574106e-003
1433 1.303904e-004 3.610987e-003
1434 4.518014e-004 1.692536e-002
1435 4.962584e-004 7.963464e-003
1436 5.063834e-004 8.260464e-003
1437 1.903332e-005 1.480402e-003
1438 1.814189e-005 1.504039e-003
1439 4.799385e-003 5.194916e-002
1440 2.830017e-004 5.907311e-003
1441 2.606646e-003 3.181014e-002
1442 1.701608e-005 1.510369e-003
1443 2.717142e-004 1.355213e-002
1444 4.569056e-004 1.753871e-002
1445 2.717142e-004 1.355213e-002
1446 4.288423e-005 3.346633e-003
1447 2.845492e-005 1.641423e-003
1448 1.202428e-004 4.260394e-003
1449 7.269303e-005 3.615507e-003
1450 1.210000e-004 3.588676e-003
1451 1.200694e-005 9.678015e-004
1452 1.822963e-004 2.934494e-003
1453 9.189213e-006 1.398047e-003
1454 1.920545e-004 7.596114e-003
1455 4.922197e-005 3.444970e-003
1456 8.002982e-005 3.330933e-003
1457 7.416668e-005 3.248374e-003
1458 2.147235e-005 2.564261e-003
1459 3.869529e-005 2.585559e-003
1460 5.016060e-005 3.480015e-003
1461 1.018932e-004 5.382652e-003
1462 1.026027e-004 5.769203e-003
1463 8.280047e-005 5.166683e-003
1464 3.922292e-004 1.153340e-002
1465 2.204956e-004 1.077873e-002
1466 7.656141e-004 2.097133e-002
1467 4.253365e-004 1.114663e-002
1468 2.216566e-004 1.312663e-002
1469 5.309255e-004 2.261881e-002
1470 4.776235e-005 1.514152e-003
1471 7.049947e-005 3.432725e-003
1472 4.098735e-005 3.083034e-003
1473 3.449571e-005 1.956704e-003
1474 1.865503e-004 7.804487e-003
1475 4.531531e-005 3.252047e-003
1476 2.359889e-005 2.908492e-003
1477 4.540788e-004 1.293041e-002
1478 2.321138e-004 9.972487e-003
1479 5.038683e-004 1.708291e-002
1480 3.362940e-004 8.597699e-003
1481 1.253638e-004 8.555098e-003
1482 7.521106e-004 1.617513e-002
1483 9.092203e-005 4.850963e-003
1484 1.074874e-004 2.788145e-003
1485 7.841968e-005 3.551437e-003
1486 1.556172e-004 5.940959e-003
1487 2.849208e-005 1.557599e-003
1488 6.878809e-005 3.138798e-003
1489 3.542617e-005 2.121750e-003
1490 5.877446e-005 2.149181e-003
1491 3.986111e-004 1.231936e-002
1492 1.090536e-004 2.348622e-003
1493 1.615967e-005 1.400720e-003
1494 7.941821e-005 3.431147e-003
1495 7.941821e-005 3.431147e-003
1496 4.398162e-006 1.022184e-003
1497 2.418362e-004 1.128765e-002
1498 3.689865e-004 9.807530e-003
1499 1.304431e-005 1.027319e-003
1500 3.665743e-005 2.496337e-003
1501 3.160493e-004 8.185920e-003
1502 3.742524e-005 2.368927e-003
1503 9.581142e-005 2.040690e-003
1504 3.061354e-004 6.232340e-003
1505 1.366876e-003 2.108986e-002
1506 7.244288e-006 9.368205e-004
1507 6.783126e-005 2.312855e-003
1508 2.184937e-003 2.449905e-002
1509 2.780348e-005 1.334817e-003
1510 6.311681e-005 2.171371e-003
1511 6.783126e-005 2.312855e-003
1512 3.750708e-006 8.804884e-004
1513 1.359760e-004 3.964268e-003
1514 4.532340e-005 2.682454e-003
1515 1.398463e-004 3.637295e-003
1516 2.568404e-004 4.763901e-003
1517 6.730994e-005 2.399370e-003
1518 8.871214e-004 9.741925e-003
1519 1.445192e-005 1.310717e-003
1520 6.956681e-005 3.507119e-003
1521 2.846772e-005 1.470530e-003
1522 6.736078e-005 2.621903e-003
1523 5.386149e-005 2.188951e-003
1524 2.562204e-004 3.830399e-003
1525 6.809323e-005 2.939986e-003
1526 2.664921e-004 4.929717e-003
1527 1.208110e-004 2.996037e-003
1528 1.228796e-004 3.244515e-003
1529 1.441871e-004 5.155255e-003
1530 3.630969e-005 2.191251e-003
1531 2.060298e-004 4.239226e-003
1532 1.292454e-004 3.202092e-003
1533 2.124783e-004 7.784990e-003
1534 7.661768e-004 1.428523e-002
1535 5.152153e-004 1.475731e-002
1536 1.710897e-003 3.064345e-002
1537 8.428897e-005 3.776407e-003
1538 2.813663e-003 3.250248e-002
1539 1.035997e-004 6.372119e-003
1540 1.520413e-003 2.456071e-002
1541 1.471631e-003 2.366968e-002
1542 7.446367e-004 1.332671e-002
1543 8.577402e-005 3.881307e-003
1544 1.616346e-004 5.197810e-003
1545 6.982860e-005 2.659385e-003
1546 4.347228e-005 3.217344e-003
1547 1.320651e-004 1.033147e-002
1548 9.309501e-004 2.229946e-002
1549 5.541430e-005 1.769933e-003
1550 7.588513e-005 3.238504e-003
1551 1.419997e-004 5.141948e-003
1552 8.084627e-006 1.029589e-003
1553 2.003437e-005 2.184476e-003
1554 6.356796e-004 1.514136e-002
1555 9.127526e-004 2.726507e-002
1556 1.827808e-004 7.401843e-003
1557 2.110727e-004 1.063054e-002
1558 1.312764e-003 2.784030e-002
1559 5.477074e-005 2.184204e-003
1560 2.250764e-005 2.717659e-003
1561 7.054145e-005 3.306061e-003
1562 1.111393e-004 9.371800e-003
1563 1.579698e-005 1.380378e-003
1564 1.336718e-004 4.096377e-003
1565 3.908845e-004 1.126165e-002
1566 7.614253e-005 3.701572e-003
1567 3.700070e-005 2.145255e-003
1568 1.619245e-005 1.413585e-003
1569 5.877446e-005 2.149181e-003
1570 1.410724e-004 3.809133e-003
1571 7.680137e-005 3.570703e-003
1572 1.710669e-005 1.554776e-003
1573 3.867365e-004 1.215320e-002
1574 3.977000e-005 2.628310e-003
1575 1.670374e-004 5.658044e-003
1576 9.464925e-005 4.571056e-003
1577 1.222934e-004 8.357542e-003
1578 3.154506e-005 5.523550e-003
1579 1.757629e-004 6.495804e-003
1580 2.004117e-005 2.150074e-003
1581 2.370405e-005 2.591987e-003
1582 7.305352e-005 3.596450e-003
1583 2.405116e-004 1.184102e-002
1584 4.472023e-005 4.310782e-003
1585 4.569056e-004 1.753871e-002
1586 9.019414e-004 2.372823e-002
1587 5.359239e-004 1.011660e-002
1588 4.635996e-004 8.515759e-003
1589 2.879344e-004 6.061610e-003
1590 1.165902e-003 2.174710e-002
1591 2.894506e-004 7.235109e-003
1592 1.480743e-004 5.679901e-003
1593 1.903281e-004 7.609662e-003
1594 7.789307e-005 3.947916e-003
1595 6.112516e-005 7.470950e-003
1596 6.924161e-005 2.522236e-003
1597 6.126907e-005 6.353549e-003
1598 2.073143e-004 8.732268e-003
1599 8.553272e-006 1.238228e-003
1600 3.840255e-004 1.149872e-002
1601 7.442964e-006 9.979021e-004
1602 3.323335e-004 7.540848e-003
1603 9.351824e-006 1.598629e-003
1604 2.884457e-005 1.435648e-003
1605 1.484061e-004 5.979282e-003
1606 2.056531e-005 2.579786e-003
1607 5.582803e-006 1.771152e-003
1608 8.964841e-006 1.543628e-003
1609 6.920816e-005 2.921491e-003
1610 1.521901e-004 6.385039e-003
1611 1.617078e-005 1.565459e-003
1612 1.710669e-005 1.554776e-003
1613 2.712018e-005 1.370289e-003
1614 1.141565e-004 2.693200e-003
1615 6.464783e-004 9.912196e-003
1616 4.426015e-004 5.433830e-003
1617 8.352886e-005 3.793046e-003
1618 1.868646e-004 6.193426e-003
1619 5.856646e-004 8.448737e-003
1620 1.950684e-004 3.284305e-003
1621 3.774939e-004 1.115772e-002
1622 2.994007e-005 1.640725e-003
1623 5.179797e-004 7.342448e-003
1624 7.040027e-005 2.965646e-003
1625 1.488368e-005 1.197787e-003
1626 5.387094e-005 4.663237e-003
1627 5.690712e-005 2.006566e-003
1628 2.544761e-005 1.231626e-003
1629 1.322689e-004 9.415774e-003
1630 1.488368e-005 1.197787e-003
1631 7.432745e-005 3.316180e-003
1632 9.658797e-005 4.774199e-003
1633 3.744497e-004 1.059703e-002
1634 1.520413e-003 2.456071e-002
1635 4.060817e-004 1.345173e-002
1636 6.479684e-003 7.258387e-002
1637 7.249380e-004 1.207570e-002
1638 1.375774e-004 3.921740e-003
1639 1.852136e-003 2.934319e-002
1640 9.601711e-005 4.849143e-003
1641 1.346965e-003 1.773621e-002
1642 6.978955e-004 1.306609e-002
1643 1.985440e-004 7.991327e-003
1644 9.931134e-004 2.766758e-002
1645 1.508205e-005 1.099015e-003
1646 2.856232e-005 1.453109e-003
1647 9.749678e-004 2.375356e-002
1648 4.867326e-005 3.304245e-003
1649 3.812430e-005 2.551859e-003
1650 2.972310e-004 6.585585e-003
1651 3.750708e-006 8.804884e-004
1652 6.138220e-004 1.120269e-002
1653 4.445932e-004 1.496474e-002
1654 6.403088e-006 2.048009e-003
1655 4.074061e-005 2.921927e-003
1656 6.837554e-005 2.632994e-003
1657 1.285922e-005 9.735885e-004
1658 2.615768e-005 1.252697e-003
1659 6.818883e-005 3.342687e-003
1660 2.758400e-005 1.727332e-003
1661 4.447273e-004 4.743375e-003
1662 1.588805e-004 5.058829e-003
1663 3.577307e-004 8.325899e-003
1664 1.018672e-004 5.317951e-003
1665 7.064205e-005 2.777921e-003
1666 4.063477e-004 4.902526e-003
1667 4.814225e-004 6.371907e-003
1668 1.427168e-005 1.144483e-003
1669 4.351206e-005 3.090593e-003
1670 2.260311e-004 4.320624e-003
1671 3.822253e-005 2.360365e-003
1672 5.366971e-004 6.863303e-003
1673 1.653961e-004 4.681773e-003
1674 4.617625e-005 1.438209e-003
1675 1.923468e-005 1.763898e-003
1676 7.676162e-006 9.959521e-004
1677 3.117087e-004 6.355452e-003
1678 3.441552e-003 1.710890e-002
1679 2.570208e-004 4.975120e-003
1680 1.489186e-004 5.656769e-003
1681 2.893723e-004 5.835019e-003
1682 1.237546e-004 2.911466e-003
1683 1.928858e-004 2.832173e-003
1684 1.223331e-004 2.984232e-003
1685 2.650139e-005 1.528980e-003
1686 2.136187e-004 8.241429e-003
1687 4.317826e-005 2.828521e-003
1688 4.470382e-006 9.743654e-004
1689 6.943629e-004 5.012049e-003
1690 2.125728e-004 3.341947e-003
1691 3.825382e-004 4.051401e-003
1692 1.332649e-003 1.753719e-002
1693 2.165913e-004 8.145577e-003
1694 9.417870e-004 1.058677e-002
1695 2.023076e-004 3.521010e-003
1696 1.180532e-005 2.155955e-003
1697 5.621675e-005 4.706685e-003
1698 3.831147e-004 9.200443e-003
1699 2.207050e-004 3.362721e-003
1700 7.382473e-005 2.946263e-003
1701 7.762634e-005 3.743758e-003
1702 1.444989e-004 3.615185e-003
1703 1.852616e-004 6.357065e-003
1704 1.048033e-004 2.170008e-003
1705 8.631036e-004 2.183129e-002
1706 8.566469e-005 4.343316e-003
1707 3.214986e-005 1.734747e-003
1708 1.981251e-005 1.823830e-003
1709 4.945813e-005 4.349788e-003
1710 2.421941e-005 1.155133e-003
1711 3.142973e-004 7.363030e-003
1712 6.089063e-005 2.069388e-003
1713 4.126280e-005 2.673260e-003
1714 8.523479e-005 3.640562e-003
1715 4.529163e-005 2.967225e-003
1716 5.655921e-005 4.912233e-003
1717 3.420248e-005 1.860470e-003
1718 2.546475e-004 1.204864e-002
1719 1.807681e-005 1.739030e-003
1720 4.191069e-005 2.718157e-003
1721 1.573923e-005 1.302995e-003
1722 1.857872e-004 6.070762e-003
1723 8.188231e-006 1.218972e-003
1724 8.188231e-006 1.218972e-003
1725 2.631764e-005 1.343477e-003
1726 4.899773e-004 2.294618e-002
1727 1.408611e-004 4.219248e-003
1728 5.483862e-005 1.698501e-003
1729 2.112857e-004 3.146813e-003
1730 1.166896e-004 2.659127e-003
1731 3.950177e-005 2.580365e-003
1732 1.916265e-004 8.109254e-003
1733 1.290441e-003 1.279606e-002
1734 2.797530e-004 5.142105e-003
1735 4.574357e-004 5.569297e-003
1736 1.093925e-004 2.464199e-003
1737 2.112857e-004 3.146813e-003
1738 1.736052e-003 2.793720e-002
1739 1.075637e-004 6.125211e-003
1740 1.075637e-004 6.125211e-003
1741 8.350929e-006 1.122140e-003
1742 4.694557e-006 1.100785e-003
1743 6.930684e-005 2.850121e-003
1744 1.789150e-005 1.775559e-003
1745 3.324089e-005 1.854190e-003
1746 1.244175e-004 3.664296e-003
1747 2.175700e-004 1.089481e-002
1748 6.520104e-005 2.387344e-003
1749 1.221422e-004 2.837807e-003
1750 6.987105e-005 3.133391e-003
1751 5.580016e-005 1.836144e-003
1752 6.589992e-005 2.307113e-003
1753 1.896418e-004 2.857435e-003
1754 3.614268e-004 8.735037e-003
1755 2.324383e-004 1.417602e-002
1756 2.079391e-004 8.954816e-003
1757 6.614897e-004 1.151642e-002
1758 2.280811e-003 2.563987e-002
1759 7.316005e-004 1.799229e-002
1760 7.277250e-004 1.685679e-002
1761 1.461371e-003 2.359074e-002
1762 1.301410e-003 2.049628e-002
1763 7.323179e-004 1.568506e-002
1764 2.158392e-004 8.881744e-003
1765 3.741768e-004 1.138493e-002
1766 1.418203e-003 2.713987e-002
1767 3.017170e-004 8.643889e-003
1768 1.985051e-004 1.036264e-002
1769 7.659663e-004 1.736606e-002
1770 7.659663e-004 1.736606e-002
1771 3.278133e-004 8.855496e-003
1772 2.736898e-005 3.936626e-003
1773 2.912347e-003 2.981784e-002
1774 3.460647e-004 9.152572e-003
1775 1.913170e-003 3.933417e-002
1776 2.956842e-004 8.349749e-003
1777 3.017170e-004 8.643889e-003
1778 5.230538e-004 1.136769e-002
1779 2.956842e-004 8.349749e-003
1780 3.027336e-004 7.305801e-003
1781 1.533588e-004 5.228312e-003
1782 3.880234e-004 1.210967e-002
1783 1.225524e-003 1.791464e-002
1784 5.820140e-004 9.288896e-003
1785 5.820140e-004 9.288896e-003
1786 6.973122e-005 2.786770e-003
1787 1.258987e-004 3.245370e-003
1788 1.881884e-003 3.841591e-002
1789 1.121657e-003 3.669715e-002
1790 2.111443e-004 8.072355e-003
1791 2.151244e-003 4.623195e-002
1792 9.112647e-004 2.158598e-002
1793 2.250138e-004 4.302037e-003
1794 1.303056e-004 4.038044e-003
1795 2.353476e-004 4.961913e-003
1796 5.977301e-004 1.107312e-002
1797 5.722200e-004 9.727450e-003
1798 5.722200e-004 9.727450e-003
1799 2.898753e-004 6.976700e-003
1800 9.978459e-004 9.478895e-003
1801 2.617154e-004 4.577368e-003
1802 8.468184e-004 7.014539e-003
1803 4.831868e-004 5.744558e-003
1804 4.630211e-004 8.119777e-003
1805 2.906488e-004 8.944181e-003
1806 3.049304e-004 8.976168e-003
1807 1.578768e-004 6.148883e-003
1808 9.093727e-004 1.112211e-002
1809 2.855922e-004 7.144906e-003
1810 1.629563e-004 6.418963e-003
1811 1.629563e-004 6.418963e-003
1812 9.874173e-005 5.675014e-003
1813 4.428052e-005 3.250801e-003
1814 1.787496e-004 7.136002e-003
1815 3.446320e-004 1.183894e-002
1816 7.773946e-005 3.547724e-003
1817 2.453381e-004 4.509206e-003
1818 2.999011e-004 7.409908e-003
1819 7.073789e-004 2.044766e-002
1820 2.124645e-004 1.165477e-002
1821 2.771413e-004 6.534569e-003
1822 4.727833e-004 5.939775e-003
1823 5.115795e-004 7.621586e-003
1824 3.155541e-004 8.959102e-003
1825 6.094755e-004 1.279078e-002
1826 5.331623e-004 1.030663e-002
1827 1.988073e-004 3.542207e-003
1828 1.681096e-004 5.060548e-003
1829 1.856158e-004 6.805580e-003
1830 1.275388e-003 1.973299e-002
1831 8.282856e-005 4.097411e-003
1832 3.989260e-004 1.431848e-002
1833 1.787496e-004 7.136002e-003
1834 9.420991e-005 5.760420e-003
1835 9.055099e-005 5.663924e-003
1836 2.763158e-005 4.291189e-003
1837 3.001187e-004 8.175600e-003
1838 1.692832e-004 6.256543e-003
1839 5.681197e-004 1.090190e-002
1840 5.955957e-004 1.273113e-002
1841 3.410594e-004 9.204830e-003
1842 1.692832e-004 6.256543e-003
1843 1.583920e-004 4.752479e-003
1844 1.917299e-004 8.332668e-003
1845 1.907143e-004 7.834953e-003
1846 9.610601e-005 4.976736e-003
1847 1.718689e-004 5.667054e-003
1848 1.907143e-004 7.834953e-003
1849 2.700895e-004 7.270100e-003
1850 8.262844e-005 3.908162e-003
1851 9.358940e-005 2.657304e-003
1852 2.456534e-005 3.609564e-003
1853 3.341791e-005 1.906057e-003
1854 1.779499e-004 6.679590e-003
1855 2.328648e-004 4.129741e-003
1856 2.269274e-004 1.305148e-002
1857 1.015749e-004 7.411236e-003
1858 2.383060e-004 5.307045e-003
1859 8.768055e-005 2.171069e-003
1860 4.491168e-004 7.246794e-003
1861 8.455917e-005 5.112472e-003
1862 1.121022e-004 3.805649e-003
1863 1.922320e-004 7.984169e-003
1864 1.788936e-004 8.886713e-003
1865 3.098786e-004 8.946625e-003
1866 2.906488e-004 8.944181e-003
1867 5.708720e-005 6.469488e-003
1868 9.112222e-005 5.854165e-003
1869 8.382229e-005 3.700861e-003
1870 1.629563e-004 6.418963e-003
1871 5.146771e-004 8.856849e-003
1872 8.212015e-004 2.153321e-002
1873 1.704498e-004 5.168554e-003
1874 1.084935e-004 6.200562e-003
1875 1.704498e-004 5.168554e-003
1876 4.757377e-005 3.192960e-003
1877 1.929940e-004 6.694089e-003
1878 9.531244e-005 4.736123e-003
1879 3.292144e-004 6.830309e-003
1880 1.079188e-004 5.918922e-003
1881 1.200711e-003 1.718107e-002
1882 1.126534e-003 1.737173e-002
1883 4.830082e-004 8.532355e-003
1884 3.045089e-004 9.024752e-003
1885 2.434163e-004 5.632735e-003
1886 2.800564e-004 6.677331e-003
1887 9.581951e-005 5.404147e-003
1888 1.787496e-004 7.136002e-003
1889 1.544537e-004 4.497184e-003
1890 5.268362e-005 4.480853e-003
1891 7.709489e-005 3.442039e-003
1892 8.418090e-005 3.729943e-003
1893 2.377712e-004 1.395413e-002
1894 3.455233e-004 1.157011e-002
1895 2.614020e-004 6.011512e-003
1896 4.663693e-005 3.705924e-003
1897 6.470382e-005 2.893825e-003
1898 5.048255e-005 1.721704e-003
1899 9.709452e-005 5.166703e-003
1900 9.233383e-005 5.203737e-003
1901 1.021477e-005 1.580895e-003
1902 3.220836e-004 7.202153e-003
1903 2.028075e-003 2.026219e-002
1904 1.635053e-004 5.219455e-003
1905 1.559625e-004 4.717288e-003
1906 2.744949e-003 2.607955e-002
1907 8.149289e-005 3.538274e-003
1908 8.149289e-005 3.538274e-003
1909 4.620434e-005 3.576283e-003
1910 1.646276e-004 5.674320e-003
1911 1.529883e-004 5.102091e-003
1912 4.293967e-004 6.110581e-003
1913 2.974537e-004 7.034582e-003
1914 1.739733e-004 6.560175e-003
1915 2.696779e-004 6.419640e-003
1916 2.723240e-004 6.465516e-003
1917 1.535212e-004 5.484178e-003
1918 1.801211e-004 7.633362e-003
1919 6.820703e-004 1.522546e-002
1920 2.208238e-004 1.012370e-002
1921 2.874910e-004 7.043777e-003
1922 5.985344e-004 1.181499e-002
1923 1.926759e-004 8.211926e-003
1924 5.552732e-004 1.047864e-002
1925 2.590673e-004 5.945427e-003
1926 1.544115e-004 5.708815e-003
1927 2.812904e-004 7.502827e-003
1928 5.876815e-004 1.216276e-002
1929 1.014120e-004 6.464444e-003
1930 5.528474e-005 2.088985e-003
1931 3.814015e-004 1.344299e-002
1932 4.065333e-004 1.460251e-002
1933 7.608278e-005 3.939430e-003
1934 1.357976e-004 4.735481e-003
1935 5.591930e-004 9.086875e-003
1936 1.828850e-004 7.422929e-003
1937 1.688290e-004 5.285923e-003
1938 2.988586e-004 6.782692e-003
1939 9.116908e-004 8.791211e-003
1940 9.626166e-004 1.420309e-002
1941 4.473612e-005 3.889189e-003
1942 3.503707e-004 8.877490e-003
1943 6.073995e-004 1.130233e-002
1944 1.859723e-004 7.326486e-003
1945 5.296103e-005 5.519505e-003
1946 7.838027e-004 2.492207e-002
1947 6.883829e-005 9.488323e-003
1948 2.680673e-004 6.440152e-003
1949 1.062778e-003 1.596527e-002
1950 1.195095e-004 3.831564e-003
1951 1.703774e-004 6.884782e-003
1952 2.566053e-004 5.571876e-003
1953 1.015498e-004 6.729173e-003
1954 4.877689e-005 4.600931e-003
1955 2.367519e-003 2.346474e-002
1956 4.572733e-003 3.877128e-002
1957 4.303418e-003 3.377449e-002
1958 2.168607e-003 1.848821e-002
1959 8.597900e-005 5.001960e-003
1960 7.865816e-005 4.622810e-003
1961 3.588229e-005 2.304129e-003
1962 4.688250e-005 4.550970e-003
1963 1.808204e-005 1.612072e-003
1964 3.588229e-005 2.304129e-003
1965 1.646276e-004 5.674320e-003
1966 1.552729e-004 5.454948e-003
1967 2.853969e-004 6.876728e-003
1968 4.807791e-005 4.683057e-003
1969 9.995355e-005 6.473007e-003
1970 3.487212e-005 8.232751e-003
1971 3.247656e-004 9.740273e-003
1972 5.076948e-005 5.231600e-003
1973 9.877496e-004 1.216528e-002
1974 2.812904e-004 7.502827e-003
1975 2.812904e-004 7.502827e-003
1976 1.704489e-004 5.840021e-003
1977 5.244556e-004 8.040571e-003
1978 2.575472e-004 5.954706e-003
1979 1.012218e-004 5.956576e-003
1980 5.331020e-005 4.745014e-003
1981 1.551859e-004 5.125810e-003
1982 9.104505e-004 2.012431e-002
1983 1.527529e-003 2.119750e-002
1984 3.309248e-004 2.299409e-002
1985 2.376479e-003 3.398656e-002
1986 1.134947e-003 1.473611e-002
1987 4.063224e-003 3.938961e-002
1988 6.858870e-004 1.751305e-002
1989 8.834898e-004 1.087352e-002
1990 1.785174e-003 1.968472e-002
1991 1.490524e-004 5.807692e-003
1992 2.863616e-004 7.651687e-003
1993 2.795559e-004 5.591193e-003
1994 1.666233e-004 5.335869e-003
1995 1.666233e-004 5.335869e-003
1996 9.285986e-005 5.919043e-003
1997 4.505092e-004 6.423816e-003
1998 5.485695e-004 8.907118e-003
1999 4.798825e-004 7.221857e-003
2000 3.934930e-004 5.602753e-003
