1 6.885557e-004 2.128519e-002
2 4.918414e-006 1.755133e-002
3 5.775051e-006 1.906972e-003
4 3.963622e-006 1.693860e-003
5 4.840564e-006 2.236660e-003
6 1.799974e-003 6.254831e-002
7 1.607258e-004 7.874412e-003
8 1.173057e-004 3.554332e-002
9 2.215539e-007 2.377083e-003
10 3.460262e-004 4.729426e-002
11 2.638061e-005 4.455060e-003
12 4.707922e-007 1.203845e-003
13 6.169081e-004 6.408248e-002
14 8.259404e-006 7.351459e-003
15 4.703894e-006 2.826513e-003
16 2.376967e-004 1.041095e-002
17 1.292456e-006 1.514932e-003
18 4.029901e-004 3.440516e-002
19 2.013752e-005 6.471953e-003
20 3.657126e-007 1.018176e-003
21 9.662969e-004 7.258661e-002
22 1.173150e-005 2.333553e-003
23 1.478808e-004 1.820819e-002
24 7.848413e-004 6.275214e-002
25 6.806077e-004 5.975128e-002
26 8.359376e-006 2.702690e-003
27 3.236394e-005 4.847018e-003
28 1.716153e-005 2.604166e-003
29 1.191798e-003 9.482734e-002
30 2.283930e-003 2.206597e-001
31 1.445024e-003 1.181155e-001
32 3.632949e-005 3.766343e-003
33 8.410780e-007 1.183126e-003
34 3.668889e-006 1.070704e-003
35 3.428858e-006 2.788840e-003
36 2.156839e-003 6.458353e-002
37 4.219651e-004 2.793243e-002
38 3.769811e-005 6.780720e-003
39 1.180114e-006 1.839902e-003
40 1.428188e-005 3.200102e-003
41 1.858826e-004 8.889660e-003
42 4.038579e-006 4.800424e-003
43 1.483131e-003 7.671652e-002
44 1.359794e-004 7.689570e-003
45 1.455171e-004 1.351382e-002
46 4.029501e-005 6.139421e-003
47 1.358785e-003 1.037005e-001
48 3.430620e-004 3.251130e-002
49 2.078489e-005 5.206531e-003
50 1.033298e-003 1.100277e-001
51 8.355833e-005 8.775144e-003
52 9.570386e-005 1.371998e-002
53 1.055535e-005 2.612344e-003
54 3.745715e-005 6.663040e-003
55 1.204450e-005 4.057952e-003
56 1.660119e-005 4.853440e-003
57 4.283806e-005 1.093366e-002
58 3.165542e-004 1.716051e-002
59 1.543007e-004 1.450579e-002
60 1.848945e-006 1.351613e-003
61 1.511486e-003 2.054047e-001
62 1.302581e-004 2.751504e-002
63 3.443993e-006 1.606232e-003
64 6.113817e-006 4.004588e-003
65 4.507822e-004 1.402822e-002
66 7.447875e-006 2.661187e-003
67 2.693699e-005 6.151721e-003
68 2.575095e-005 6.225260e-003
69 1.812860e-006 1.379095e-003
70 2.482850e-006 1.247128e-003
71 2.478436e-003 6.508582e-002
72 1.326498e-004 7.505596e-003
73 4.718996e-006 3.752732e-003
74 1.223025e-003 9.660344e-002
75 2.539373e-005 2.429404e-003
76 2.704846e-006 2.388509e-003
77 3.748017e-004 2.008274e-002
78 1.434088e-003 1.380086e-001
79 5.198181e-004 1.676792e-002
80 1.627971e-006 1.497908e-003
81 1.458871e-006 1.274959e-003
82 3.187146e-005 2.160482e-003
83 3.775070e-005 6.132815e-003
84 2.279693e-006 1.720314e-003
85 2.372986e-004 1.239444e-002
86 1.462085e-005 4.513719e-003
87 1.040103e-005 2.265633e-003
88 2.008532e-006 1.632046e-003
89 7.886018e-005 1.395020e-002
90 1.203715e-003 5.543712e-002
91 8.911919e-004 3.591883e-002
92 1.701829e-003 1.046116e-001
93 1.061792e-004 7.159353e-003
94 1.237126e-005 3.231109e-003
95 2.368002e-003 1.681350e-001
96 6.420413e-005 2.782191e-003
97 4.643125e-004 2.142323e-002
98 1.420078e-005 2.396906e-003
99 3.370567e-005 2.037352e-003
100 1.840148e-003 7.523894e-002
101 8.454788e-006 3.655624e-003
102 2.792277e-005 1.303195e-002
103 4.775379e-004 3.242533e-002
104 2.553635e-004 1.518946e-002
105 5.731012e-004 1.710225e-002
106 2.027635e-005 8.086654e-003
107 2.979954e-006 2.726682e-003
108 5.236834e-005 1.480871e-002
109 1.116646e-005 4.671644e-003
110 6.357060e-005 8.129246e-003
111 2.615201e-003 1.258846e-001
112 2.589141e-004 2.755177e-002
113 1.381777e-003 9.212120e-002
114 1.818769e-003 8.065795e-002
115 5.458206e-004 2.717839e-002
116 9.151128e-004 3.024498e-002
117 3.439367e-004 2.453823e-002
118 5.986672e-004 2.312083e-002
119 1.098606e-006 4.511408e-003
120 1.467750e-006 3.597226e-003
121 3.687948e-005 1.028872e-002
122 3.236348e-006 1.585413e-003
123 1.526252e-005 4.681798e-003
124 4.755979e-005 7.017484e-003
125 3.786404e-006 3.902974e-003
126 1.262509e-005 5.427842e-003
127 1.573969e-005 9.103554e-003
128 2.068818e-005 6.931731e-003
129 6.592431e-006 4.119136e-003
130 5.892564e-006 3.634609e-003
131 8.906310e-006 5.648911e-003
132 6.137483e-006 4.090080e-003
133 3.741558e-005 6.912420e-003
134 5.513207e-005 1.632534e-002
135 2.502934e-005 3.996021e-003
136 1.329679e-005 3.389023e-003
137 5.733453e-005 9.454053e-003
138 1.591523e-005 8.828222e-003
139 2.410756e-005 7.485144e-003
140 4.148881e-006 4.975346e-003
141 2.976225e-006 2.948848e-003
142 3.230427e-006 2.940511e-003
143 2.025462e-005 6.170016e-003
144 1.650420e-005 8.021907e-003
145 2.854966e-006 4.621013e-003
146 1.837494e-005 5.494750e-003
147 4.757866e-005 5.222530e-003
148 9.199459e-006 7.668275e-003
149 6.217851e-006 3.770206e-003
150 3.767389e-006 3.883656e-003
151 5.852934e-005 7.834855e-003
152 9.168440e-005 4.391695e-003
153 2.010742e-006 2.867613e-003
154 6.056800e-006 3.540394e-003
155 1.811588e-006 2.935397e-003
156 1.324915e-005 3.258454e-003
157 1.016558e-005 3.666708e-003
158 1.505544e-005 3.391335e-003
159 2.327856e-005 4.779912e-003
160 3.561166e-006 4.596602e-003
161 1.133784e-006 3.063507e-003
162 7.321761e-007 2.984727e-003
163 1.160762e-006 3.031155e-003
164 5.017058e-007 1.626373e-003
165 8.456914e-007 1.660014e-003
166 8.532087e-007 1.643376e-003
167 6.995268e-007 2.920381e-003
168 3.262477e-006 3.149547e-003
169 3.906313e-005 5.088898e-003
170 5.488989e-007 1.626955e-003
171 9.087298e-006 3.203072e-003
172 2.074071e-006 3.185985e-003
173 5.198017e-007 1.610148e-003
174 1.849448e-006 3.047759e-003
175 1.203029e-006 3.058384e-003
176 1.179145e-006 2.971415e-003
177 1.326233e-006 1.638443e-003
178 1.651988e-006 2.168778e-003
179 3.241520e-007 1.608260e-003
180 1.203029e-006 3.058384e-003
181 5.942025e-007 2.107328e-003
182 2.109261e-006 3.358147e-003
183 1.118265e-007 1.193845e-003
184 3.241520e-007 1.608260e-003
185 4.602755e-007 1.225708e-003
186 6.700803e-007 2.146182e-003
187 2.462767e-007 1.892945e-003
188 3.083720e-007 1.587651e-003
189 1.044624e-007 1.131555e-003
190 1.717713e-007 1.203632e-003
191 5.237900e-005 1.076244e-002
192 4.713636e-006 3.086347e-003
193 7.377589e-005 8.626837e-003
194 8.020278e-005 1.100598e-002
195 1.312246e-005 4.535580e-003
196 2.706839e-005 6.614415e-003
197 4.207512e-005 7.112581e-003
198 1.404763e-005 4.623824e-003
199 5.097651e-005 9.678467e-003
200 2.797657e-005 6.849588e-003
201 3.836256e-005 6.359464e-003
202 4.098891e-005 1.409242e-002
203 4.509700e-006 3.097508e-003
204 1.203338e-005 3.643772e-003
205 2.497479e-005 5.747906e-003
206 7.466318e-006 3.166163e-003
207 4.081735e-005 6.727335e-003
208 3.215367e-006 3.270881e-003
209 2.497479e-005 5.747906e-003
210 1.203338e-005 3.643772e-003
211 3.772145e-006 2.155755e-003
212 7.399620e-005 7.686666e-003
213 5.700937e-006 2.114176e-003
214 7.550099e-006 3.612187e-003
215 2.003360e-005 3.301370e-003
216 1.243952e-005 3.426723e-003
217 5.339756e-006 1.748768e-003
218 8.849778e-005 1.525920e-002
219 6.392622e-005 7.009348e-003
220 4.772306e-006 3.106596e-003
221 7.901092e-006 3.201594e-003
222 2.059545e-005 5.195070e-003
223 2.076813e-005 8.407921e-003
224 3.218117e-006 2.957104e-003
225 7.591719e-006 4.917544e-003
226 9.193901e-006 3.317054e-003
227 1.056461e-005 3.689589e-003
228 1.065053e-005 4.339705e-003
229 6.249323e-005 8.824031e-003
230 3.356197e-005 6.151089e-003
231 1.868020e-005 5.483287e-003
232 7.227394e-006 4.664530e-003
233 1.166842e-005 5.506674e-003
234 1.036072e-005 4.475738e-003
235 2.639750e-006 4.409131e-003
236 1.004797e-005 4.156148e-003
237 2.141057e-006 3.318068e-003
238 1.139938e-005 5.012918e-003
239 1.474720e-006 3.478942e-003
240 3.317319e-006 2.847368e-003
241 5.824384e-006 3.678011e-003
242 1.004797e-005 4.156148e-003
243 2.016565e-006 3.100817e-003
244 4.472796e-006 4.328830e-003
245 9.590691e-006 4.032645e-003
246 5.645833e-006 3.642467e-003
247 1.036072e-005 4.475738e-003
248 1.165988e-006 2.578597e-003
249 1.936435e-005 5.702204e-003
250 6.313373e-006 3.700649e-003
251 3.032471e-006 2.679329e-003
252 1.895417e-005 5.511921e-003
253 2.152806e-006 3.265911e-003
254 4.457517e-006 4.709347e-003
255 1.278631e-005 5.899317e-003
256 1.158892e-006 2.652609e-003
257 2.141057e-006 3.318068e-003
258 1.718272e-005 3.207354e-003
259 2.826091e-005 3.726163e-003
260 5.947329e-005 6.423179e-003
261 1.872925e-005 3.524689e-003
262 1.818123e-005 3.391734e-003
263 1.859657e-005 3.785512e-003
264 7.402782e-005 8.884559e-003
265 3.468018e-005 4.726434e-003
266 6.001019e-005 7.970468e-003
267 2.690063e-004 2.420556e-002
268 1.344125e-004 1.190756e-002
269 1.533130e-004 1.570611e-002
270 1.198633e-005 3.513050e-003
271 2.826091e-005 3.726163e-003
272 2.231742e-005 5.342013e-003
273 1.198633e-005 3.513050e-003
274 1.905719e-005 4.299057e-003
275 4.061349e-005 6.278874e-003
276 2.244617e-004 1.570867e-002
277 7.073635e-006 2.937933e-003
278 6.040233e-006 2.289040e-003
279 7.302618e-005 8.306712e-003
280 1.403703e-005 4.800722e-003
281 4.061349e-005 6.278874e-003
282 4.561038e-005 9.198358e-003
283 9.907234e-006 2.510263e-003
284 2.826091e-005 3.726163e-003
285 5.935215e-005 5.995837e-003
286 5.232567e-005 5.855269e-003
287 1.192355e-005 3.289562e-003
288 2.898836e-005 8.586013e-003
289 6.809727e-005 1.000641e-002
290 6.809727e-005 1.000641e-002
291 1.198633e-005 3.513050e-003
292 1.957359e-005 3.917842e-003
293 4.442600e-005 1.044600e-002
294 5.633290e-005 6.903462e-003
295 7.040734e-005 1.436429e-002
296 5.629328e-004 3.995269e-002
297 1.228200e-003 3.891271e-002
298 2.703112e-004 1.193170e-002
299 1.056613e-005 3.074273e-003
300 4.843814e-006 4.295286e-003
301 4.832660e-005 1.310392e-002
302 7.909911e-006 4.784873e-003
303 2.497568e-006 2.968269e-003
304 1.465174e-006 2.234213e-003
305 3.523704e-007 2.642845e-003
306 8.510744e-007 2.668051e-003
307 3.523704e-007 2.642845e-003
308 5.507049e-007 2.570104e-003
309 2.435764e-005 3.464630e-003
310 2.472165e-006 3.189527e-003
311 5.395786e-007 2.643265e-003
312 1.387135e-006 2.123705e-003
313 2.149119e-007 2.537957e-003
314 3.465553e-007 2.541619e-003
315 3.543378e-007 2.670306e-003
316 1.519018e-006 2.790725e-003
317 2.873876e-007 1.925661e-003
318 7.193790e-007 1.934092e-003
319 2.109232e-006 2.031886e-003
320 2.188106e-007 2.504048e-003
321 1.541592e-007 1.423055e-003
322 1.769141e-004 3.489478e-002
323 5.708849e-004 2.594621e-002
324 9.647230e-006 8.843613e-003
325 5.368129e-005 8.158958e-003
326 8.535185e-006 2.952706e-003
327 2.457654e-004 1.265926e-002
328 3.077605e-005 7.910449e-003
329 1.094296e-003 4.249319e-002
330 1.431702e-003 3.404070e-002
331 1.848146e-004 1.829564e-002
332 1.046405e-003 6.240926e-002
333 1.545686e-005 4.098285e-003
334 1.375531e-004 8.836515e-003
335 6.539651e-005 6.013331e-003
336 1.454469e-004 9.316024e-003
337 5.002668e-004 2.336924e-002
338 1.356986e-004 1.247366e-002
339 1.009342e-003 2.960928e-002
340 7.298471e-006 3.183321e-003
341 4.030267e-006 2.628273e-003
342 2.576349e-005 7.061680e-003
343 5.876666e-005 1.403834e-002
344 6.971924e-006 3.093018e-003
345 1.623174e-005 5.211546e-003
346 2.327267e-006 2.265139e-003
347 2.586175e-006 2.724233e-003
348 2.486363e-005 6.203736e-003
349 2.519340e-005 5.401183e-003
350 4.509092e-006 3.095327e-003
351 4.254293e-006 2.655698e-003
352 3.615449e-006 2.149800e-003
353 1.269563e-005 3.331753e-003
354 7.668233e-006 3.205630e-003
355 7.966156e-006 3.396769e-003
356 9.512153e-007 2.264519e-003
357 1.521696e-005 5.150903e-003
358 6.947803e-005 7.653225e-003
359 1.463577e-005 4.353628e-003
360 8.947913e-006 4.932016e-003
361 1.078928e-004 1.943600e-002
362 1.424453e-006 2.342102e-003
363 4.601090e-006 3.151001e-003
364 3.615449e-006 2.149800e-003
365 5.160896e-005 1.091094e-002
366 2.035646e-005 3.740772e-003
367 1.630516e-005 6.362353e-003
368 2.519340e-005 5.401183e-003
369 2.744236e-004 2.636258e-002
370 6.035691e-005 1.131391e-002
371 7.055778e-005 1.560843e-002
372 6.350603e-003 2.225419e-001
373 1.172245e-003 9.679991e-002
374 9.371424e-004 1.388618e-001
375 1.754641e-004 1.708582e-002
376 7.901680e-004 4.247405e-002
377 2.497993e-005 7.824164e-003
378 4.581289e-005 1.010015e-002
379 1.868925e-005 6.633214e-003
380 4.176537e-005 5.528512e-003
381 5.315334e-006 1.593618e-003
382 4.125957e-005 7.394191e-003
383 3.343690e-006 1.570340e-003
384 1.243639e-005 3.446267e-003
385 5.905891e-006 4.397893e-003
386 1.583326e-005 4.959156e-003
387 1.466623e-005 1.046997e-002
388 4.175765e-006 2.611866e-003
389 2.165819e-005 4.778203e-003
390 9.641278e-006 4.255616e-003
391 9.121127e-005 1.835335e-002
392 1.837445e-005 6.632180e-003
393 3.794362e-005 8.738933e-003
394 7.115819e-006 2.634551e-003
395 2.833215e-005 6.199102e-003
396 7.750004e-005 2.086082e-002
397 8.822256e-005 8.909563e-003
398 8.286113e-005 9.351528e-003
399 2.477149e-005 5.615433e-003
400 8.861661e-005 9.998927e-003
401 2.579390e-005 5.814747e-003
402 2.579390e-005 5.814747e-003
403 2.759483e-005 5.783952e-003
404 7.699455e-005 7.157334e-003
405 7.699455e-005 7.157334e-003
406 2.759483e-005 5.783952e-003
407 1.299824e-005 4.146160e-003
408 2.624887e-005 5.258737e-003
409 2.899728e-004 2.371754e-002
410 8.994889e-005 1.115846e-002
411 9.156851e-005 1.182403e-002
412 1.639506e-004 1.489322e-002
413 2.517815e-005 5.277731e-003
414 4.706110e-005 6.090624e-003
415 2.191025e-005 4.539582e-003
416 2.657553e-005 5.747191e-003
417 7.699455e-005 7.157334e-003
418 2.025642e-004 2.939832e-002
419 3.736923e-004 4.659624e-002
420 1.303166e-004 2.523944e-002
421 1.306733e-004 8.188595e-003
422 1.807762e-004 1.304599e-002
423 3.482366e-004 2.984140e-002
424 1.147339e-003 8.194439e-002
425 2.001609e-004 2.229753e-002
426 2.957598e-004 1.694048e-002
427 5.697343e-004 4.037939e-002
428 1.673118e-004 1.616923e-002
429 1.723818e-004 1.575785e-002
430 1.723818e-004 1.575785e-002
431 2.032846e-004 2.697403e-002
432 1.020848e-004 1.177990e-002
433 6.421797e-005 1.142710e-002
434 1.723818e-004 1.575785e-002
435 2.029257e-004 2.446485e-002
436 7.575439e-005 1.841747e-002
437 1.092625e-004 1.603902e-002
438 1.084393e-004 1.516210e-002
439 5.845240e-004 5.552496e-002
440 6.234905e-005 1.137636e-002
441 3.922161e-005 1.116088e-002
442 1.970805e-004 3.861995e-002
443 5.884978e-005 2.065730e-002
444 1.054040e-003 8.488753e-002
445 3.971289e-004 4.918734e-002
446 7.894681e-008 9.109425e-004
447 1.150434e-007 1.216242e-003
448 1.775008e-008 9.077686e-004
449 4.813221e-008 9.084638e-004
450 9.296474e-008 9.908536e-004
451 1.302791e-006 1.685450e-003
452 1.844807e-007 1.216913e-003
453 6.645366e-007 1.093444e-003
454 1.939209e-007 1.229256e-003
455 2.915196e-007 1.219688e-003
456 5.751960e-008 1.028491e-003
457 5.414370e-008 9.230093e-004
458 1.844807e-007 1.216913e-003
459 1.049686e-005 1.314522e-002
460 5.051362e-007 2.575599e-003
461 3.522354e-008 1.052038e-003
462 1.396673e-006 2.825532e-003
463 2.628453e-007 1.102654e-003
464 3.095166e-007 1.296072e-003
465 1.636798e-007 1.143922e-003
466 1.927431e-007 1.369636e-003
467 9.119277e-008 1.079299e-003
468 5.321269e-008 1.089606e-003
469 3.095166e-007 1.296072e-003
470 2.082621e-007 1.735996e-003
471 1.084788e-007 1.212912e-003
472 2.628453e-007 1.102654e-003
473 3.095166e-007 1.296072e-003
474 3.296783e-008 1.045886e-003
475 3.095166e-007 1.296072e-003
476 3.863522e-007 1.401715e-003
477 6.117866e-006 2.635717e-003
478 1.144031e-005 3.482337e-003
479 1.021250e-006 1.506996e-003
480 1.518876e-006 2.019098e-003
481 3.526787e-006 1.785684e-003
482 1.286888e-006 2.087696e-003
483 5.032141e-007 2.052158e-003
484 5.139309e-006 1.892244e-003
485 4.946416e-007 1.736666e-003
486 3.461748e-005 1.022084e-002
487 3.930614e-007 1.472876e-003
488 3.134663e-005 7.889745e-003
489 1.125669e-003 4.599799e-002
490 1.579640e-005 5.191807e-003
491 4.690982e-005 6.611274e-003
492 1.561512e-005 5.144566e-003
493 1.599429e-005 5.630882e-003
494 7.459037e-006 6.282897e-003
495 6.300663e-006 4.778136e-003
496 9.404100e-005 1.103982e-002
497 4.329520e-004 1.894693e-002
498 4.096837e-005 5.639159e-003
499 1.922160e-005 7.282930e-003
500 6.289327e-006 4.862568e-003
501 3.293125e-005 7.464720e-003
502 6.943828e-004 5.300431e-002
503 1.579640e-005 5.191807e-003
504 4.576530e-005 6.274535e-003
505 1.489704e-005 4.869850e-003
506 1.652910e-004 1.330590e-002
507 1.400932e-004 1.304495e-002
508 4.649342e-005 7.261814e-003
509 4.276523e-005 7.105573e-003
510 5.072777e-005 8.671764e-003
511 9.909993e-006 5.427294e-003
512 2.771731e-005 6.891328e-003
513 3.732254e-005 5.604769e-003
514 2.088512e-003 8.566614e-002
515 1.964042e-005 6.230675e-003
516 1.964042e-005 6.230675e-003
517 5.808828e-005 9.827839e-003
518 2.006340e-005 5.927606e-003
519 1.858172e-004 1.361713e-002
520 6.747973e-005 1.387364e-002
521 1.858172e-004 1.361713e-002
522 1.858172e-004 1.361713e-002
523 1.858172e-004 1.361713e-002
524 6.311144e-005 9.988400e-003
525 3.302738e-005 6.405997e-003
526 1.858172e-004 1.361713e-002
527 5.966111e-005 7.469108e-003
528 1.336958e-005 5.324073e-003
529 1.152322e-004 1.217460e-002
530 6.794587e-006 4.763412e-003
531 1.964042e-005 6.230675e-003
532 7.752299e-005 1.330059e-002
533 2.730260e-005 1.115486e-002
534 4.358031e-005 9.816988e-003
535 4.358031e-005 9.816988e-003
536 1.592835e-004 2.446159e-002
537 9.735828e-005 2.011156e-002
538 2.730260e-005 1.115486e-002
539 1.415455e-004 1.610704e-002
540 8.338611e-005 1.774656e-002
541 1.276877e-004 1.784593e-002
542 7.517563e-004 4.543918e-002
543 8.068988e-005 1.463981e-002
544 3.007503e-005 6.254080e-003
545 1.866696e-005 3.549509e-003
546 1.539001e-005 2.678472e-003
547 3.753672e-006 2.367387e-003
548 3.952356e-006 2.664639e-003
549 1.628317e-006 1.531649e-003
550 1.054128e-005 3.363637e-003
551 9.172885e-006 2.151406e-003
552 2.990330e-005 1.064630e-002
553 5.331272e-005 9.670471e-003
554 4.486015e-005 3.779070e-003
555 5.023177e-005 4.798015e-003
556 8.646134e-006 1.950190e-003
557 1.715752e-005 2.840631e-003
558 2.974734e-005 3.650653e-003
559 6.147988e-006 2.372094e-003
560 1.715752e-005 2.840631e-003
561 1.017869e-005 2.473212e-003
562 1.017869e-005 2.473212e-003
563 8.380295e-006 4.085625e-003
564 1.017869e-005 2.473212e-003
565 3.936887e-005 7.921301e-003
566 1.103076e-005 2.699374e-003
567 5.522344e-005 5.779118e-003
568 5.207225e-005 5.178367e-003
569 1.315601e-004 6.239388e-003
570 8.664772e-005 6.322369e-003
571 2.878642e-005 3.674516e-003
572 4.888998e-005 5.290015e-003
573 1.721216e-005 3.388425e-003
574 5.207225e-005 5.178367e-003
575 4.354228e-005 4.137499e-003
576 5.207225e-005 5.178367e-003
577 7.245393e-005 5.094102e-003
578 1.641961e-005 6.919275e-003
579 4.814191e-004 4.414624e-002
580 8.664772e-005 6.322369e-003
581 6.748176e-006 2.656030e-003
582 5.450704e-005 5.968971e-003
583 5.376268e-005 5.420244e-003
584 4.389402e-005 3.891304e-003
585 5.450704e-005 5.968971e-003
586 4.749619e-005 8.138734e-003
587 3.511548e-005 1.012935e-002
588 2.548828e-005 5.603739e-003
589 8.299820e-006 1.993380e-003
590 9.704107e-004 6.573863e-002
591 8.675679e-005 6.741568e-003
592 2.988670e-005 3.374398e-003
593 5.201696e-005 1.328006e-002
594 3.186130e-005 4.147109e-003
595 1.700827e-005 6.120726e-003
596 2.081917e-003 1.411664e-001
597 8.395245e-007 1.897208e-003
598 2.211247e-006 1.856904e-003
599 8.395245e-007 1.897208e-003
600 2.188954e-006 1.978378e-003
601 4.368717e-006 2.570866e-003
602 2.482968e-006 2.445795e-003
603 4.422009e-006 3.113803e-003
604 8.395245e-007 1.897208e-003
605 2.188954e-006 1.978378e-003
606 8.395245e-007 1.897208e-003
607 4.989521e-007 1.764320e-003
608 2.188954e-006 1.978378e-003
609 2.351577e-005 8.046971e-003
610 5.030681e-006 3.742356e-003
611 3.441246e-004 4.516105e-002
612 1.044713e-004 1.599124e-002
613 3.732194e-005 1.208014e-002
614 6.862971e-005 1.848928e-002
615 1.941462e-005 8.524942e-003
616 8.389958e-007 3.219764e-003
617 2.077563e-005 9.773694e-003
618 2.152455e-006 4.046065e-003
619 6.041001e-006 4.567629e-003
620 4.178991e-006 5.110144e-003
621 2.256497e-004 1.918825e-002
622 6.478756e-006 5.308618e-003
623 1.140690e-005 6.748737e-003
624 1.122656e-005 5.433321e-003
625 6.249535e-006 4.014667e-003
626 7.857859e-004 4.220787e-002
627 9.902422e-006 4.200748e-003
628 9.266778e-005 1.081183e-002
629 1.709970e-004 1.273399e-002
630 2.421664e-004 1.179273e-002
631 1.142921e-004 7.464817e-003
632 1.819076e-004 1.763665e-002
633 2.267651e-005 5.284906e-003
634 9.844598e-006 4.338300e-003
635 1.053463e-005 4.425303e-003
636 2.640591e-005 5.107645e-003
637 7.999424e-005 8.313004e-003
638 2.670300e-005 7.400946e-003
639 1.441859e-004 1.114960e-002
640 3.357679e-005 3.922287e-003
641 1.445777e-005 4.985221e-003
642 3.918011e-005 5.961404e-003
643 4.725335e-004 1.951924e-002
644 3.887665e-005 4.806788e-003
645 9.103731e-005 9.609493e-003
646 1.751987e-004 1.482978e-002
647 3.113860e-005 6.698306e-003
648 1.573484e-004 1.543633e-002
649 1.220843e-004 7.219769e-003
650 2.689439e-005 5.041107e-003
651 7.211684e-005 5.677598e-003
652 4.713429e-005 6.335301e-003
653 2.233445e-003 1.262616e-001
654 2.084707e-004 5.125312e-002
655 1.316756e-006 2.759662e-003
656 4.628326e-005 1.320694e-002
657 1.362491e-003 1.449826e-001
658 1.892100e-004 1.251309e-002
659 3.833922e-005 1.090751e-002
660 3.614234e-005 1.023184e-002
661 1.914434e-004 1.567217e-002
662 3.881512e-004 3.707068e-002
663 8.271890e-005 8.536686e-003
664 3.895306e-005 1.082757e-002
665 6.848014e-005 1.114601e-002
666 1.196176e-004 1.773853e-002
667 5.259493e-005 8.680393e-003
668 1.808530e-005 5.859345e-003
669 6.941800e-005 1.580905e-002
670 6.083690e-005 1.256121e-002
671 1.823949e-004 1.853328e-002
672 1.221381e-005 6.374413e-003
673 1.068296e-003 6.857756e-002
674 1.662066e-005 5.575376e-003
675 6.545657e-004 3.576297e-002
676 8.718556e-005 1.114223e-002
677 1.692252e-004 2.226822e-002
678 4.290892e-005 6.743099e-003
679 4.775203e-004 3.574080e-002
680 4.891765e-006 3.219879e-003
681 3.806034e-005 6.718572e-003
682 2.300884e-003 1.294976e-001
683 6.761196e-005 9.778655e-003
684 2.696025e-004 2.842462e-002
685 3.391567e-005 5.732049e-003
686 1.449634e-003 5.323217e-002
687 3.228478e-005 3.671997e-003
688 4.003992e-005 6.932924e-003
689 6.059157e-005 7.053509e-003
690 9.501296e-005 5.143038e-003
691 8.190455e-005 1.190149e-002
692 9.384816e-005 7.608509e-003
693 6.008747e-005 5.698869e-003
694 6.640847e-006 3.068583e-003
695 4.568119e-005 6.337547e-003
696 5.115683e-004 2.687765e-002
697 2.528709e-004 4.810532e-002
698 3.739915e-004 4.972279e-002
699 6.427616e-005 1.371108e-002
700 9.155426e-005 1.128423e-002
701 7.334161e-005 7.155842e-003
702 5.546604e-005 8.672403e-003
703 6.151166e-005 5.460745e-003
704 1.158278e-004 1.699274e-002
705 3.869483e-005 5.248163e-003
706 7.520355e-005 7.450024e-003
707 3.759755e-005 4.771197e-003
708 3.610512e-003 1.686620e-001
709 7.265901e-005 1.756961e-002
710 1.340678e-004 1.931228e-002
711 1.602145e-004 3.209439e-002
712 2.025726e-004 1.418152e-002
713 1.221829e-004 1.916435e-002
714 2.358093e-005 1.067622e-002
715 4.573821e-006 5.944778e-003
716 2.702585e-005 1.299793e-002
717 8.116376e-005 2.012354e-002
718 1.985866e-005 7.702657e-003
719 1.399304e-005 9.019462e-003
720 2.933095e-005 1.494779e-002
721 8.240467e-005 8.451414e-003
722 6.257751e-005 1.368157e-002
723 2.780832e-004 1.954516e-002
724 7.502015e-006 6.278726e-003
725 7.177439e-006 6.328126e-003
726 1.448973e-005 9.290871e-003
727 4.688410e-004 5.120244e-002
728 2.158794e-005 1.068852e-002
729 2.047720e-005 8.966784e-003
730 3.972561e-005 1.139938e-002
731 5.879821e-006 4.816516e-003
732 1.580168e-005 4.814488e-003
733 1.265100e-005 6.269569e-003
734 3.626191e-005 9.314784e-003
735 1.771419e-005 5.807596e-003
736 3.076602e-005 1.501406e-002
737 2.569254e-004 3.422591e-002
738 1.121300e-004 1.843946e-002
739 1.160689e-005 6.301602e-003
740 1.898952e-005 7.045185e-003
741 9.619712e-006 5.193201e-003
742 5.939802e-005 1.067135e-002
743 3.184219e-005 7.541862e-003
744 3.239931e-005 8.551995e-003
745 9.902056e-005 1.519228e-002
746 1.188306e-005 6.595986e-003
747 1.188306e-005 6.595986e-003
748 6.503989e-006 5.637919e-003
749 7.243068e-005 1.923843e-002
750 3.176215e-004 1.735664e-002
751 1.728046e-005 7.154400e-003
752 4.430412e-005 8.022686e-003
753 1.388162e-003 7.030420e-002
754 1.401502e-004 6.436571e-003
755 1.710578e-004 1.051647e-002
756 2.986004e-005 9.404568e-003
757 3.821764e-004 1.683183e-002
758 7.849013e-006 4.531760e-003
759 8.283132e-005 5.735507e-003
760 5.373207e-004 2.864189e-002
761 2.900057e-004 4.167974e-002
762 4.076494e-005 6.677459e-003
763 4.076494e-005 6.677459e-003
764 4.373374e-005 6.850088e-003
765 2.762921e-003 1.311797e-001
766 1.757125e-003 1.544326e-001
767 2.492303e-004 3.868974e-002
768 1.308824e-003 6.153389e-002
769 2.611182e-005 7.870963e-003
770 1.150270e-005 4.167637e-003
771 7.261887e-006 3.931398e-003
772 4.660482e-006 4.206805e-003
773 4.234637e-004 1.745622e-002
774 7.624805e-006 4.611419e-003
775 4.133378e-005 8.579103e-003
776 8.646229e-006 4.973668e-003
777 1.651584e-005 8.013641e-003
778 4.877465e-005 1.146404e-002
779 1.167652e-005 7.121703e-003
780 7.624805e-006 4.611419e-003
781 1.493685e-005 4.988971e-003
782 1.318308e-006 2.205480e-003
783 6.965223e-006 3.241947e-003
784 4.290914e-005 1.002010e-002
785 8.752145e-005 5.647696e-003
786 3.313684e-005 4.220045e-003
787 5.579327e-005 5.502594e-003
788 9.056766e-005 7.241950e-003
789 5.535734e-005 5.696943e-003
790 6.836435e-004 2.353838e-002
791 3.649444e-005 2.599462e-003
792 9.051385e-005 6.574862e-003
793 6.046045e-005 5.892543e-003
794 1.866099e-003 9.786038e-002
795 2.758235e-005 3.650629e-003
796 1.593446e-005 3.120363e-003
797 4.221201e-004 1.792039e-002
798 4.732651e-005 4.517769e-003
799 1.004040e-004 1.064052e-002
800 8.029648e-005 6.433965e-003
801 3.442001e-005 5.637788e-003
802 6.953863e-005 5.079787e-003
803 7.065763e-004 2.747877e-002
804 5.066005e-005 5.514258e-003
805 9.929726e-005 7.857330e-003
806 7.985571e-004 7.358208e-002
807 1.533470e-004 8.623184e-003
808 5.040552e-005 3.980873e-003
809 9.876280e-005 1.140431e-002
810 3.041913e-006 2.182963e-003
811 3.786925e-005 8.618347e-003
812 1.635978e-005 3.385077e-003
813 7.629003e-005 1.829379e-002
814 4.694799e-005 9.519272e-003
815 4.874321e-005 1.017242e-002
816 1.044863e-004 1.206586e-002
817 1.830909e-004 1.563377e-002
818 1.184516e-005 8.829082e-003
819 2.025697e-005 8.903812e-003
820 1.746175e-004 2.087493e-002
821 1.774903e-004 2.242676e-002
822 7.390494e-005 2.695567e-002
823 3.261130e-004 7.519585e-002
824 1.400509e-003 1.795047e-001
825 9.575591e-004 1.283806e-001
826 1.083890e-003 9.609559e-002
827 2.591848e-004 5.944754e-002
828 2.578469e-003 2.303227e-001
829 8.589586e-004 9.472568e-002
830 3.114412e-005 5.423705e-003
831 2.724100e-005 3.895239e-003
832 1.237536e-005 4.564130e-003
833 6.130760e-005 8.594955e-003
834 4.119907e-005 3.778891e-003
835 3.133814e-005 5.751804e-003
836 1.634935e-005 3.653010e-003
837 8.384753e-005 6.323686e-003
838 2.515300e-005 4.093349e-003
839 1.636304e-005 4.128949e-003
840 6.793199e-005 1.245473e-002
841 4.286836e-005 4.434624e-003
842 3.569648e-005 7.105148e-003
843 8.229296e-005 7.251717e-003
844 2.340735e-004 1.095048e-002
845 2.256911e-004 9.902790e-003
846 3.974582e-004 1.459027e-002
847 4.286836e-005 4.434624e-003
848 1.354619e-004 8.014704e-003
849 3.873038e-004 1.241669e-002
850 4.331573e-005 4.547921e-003
851 1.125943e-003 3.395428e-002
852 4.614188e-005 5.251005e-003
853 1.150725e-004 5.671100e-003
854 4.370496e-005 4.250287e-003
855 1.147221e-004 5.444698e-003
856 3.292381e-007 1.455983e-003
857 1.360402e-006 1.220964e-003
858 1.031818e-006 1.951015e-003
859 8.403967e-007 1.475280e-003
860 4.382405e-004 2.198327e-002
861 1.128834e-005 4.945801e-003
862 8.771628e-007 1.485012e-003
863 5.199607e-007 1.401005e-003
864 1.901784e-007 1.378918e-003
865 3.271731e-007 1.416620e-003
866 9.722334e-007 1.870520e-003
867 5.199607e-007 1.401005e-003
868 1.839236e-007 1.340496e-003
869 3.405385e-007 1.563744e-003
870 5.376433e-007 1.473659e-003
871 1.951643e-007 1.383797e-003
872 6.612532e-007 1.842870e-003
873 3.283594e-007 1.389571e-003
874 9.936497e-007 1.326648e-003
875 1.032869e-004 2.899423e-002
876 5.114082e-007 1.417607e-003
877 4.849950e-007 1.383869e-003
878 9.910699e-007 1.745851e-003
879 1.127331e-007 1.338115e-003
880 1.127331e-007 1.338115e-003
881 1.951643e-007 1.383797e-003
882 2.618400e-006 1.604990e-003
883 3.302989e-006 1.353478e-003
884 3.178137e-007 1.379411e-003
885 5.185238e-007 1.419415e-003
886 1.276183e-005 2.611280e-003
887 3.536554e-005 2.684350e-003
888 5.463503e-005 7.432810e-003
889 2.677486e-004 1.291713e-002
890 2.205707e-004 7.425311e-003
891 3.356644e-004 2.113243e-002
892 8.341387e-004 2.120449e-002
893 2.695606e-005 4.029467e-003
894 3.240705e-005 2.589327e-003
895 3.505738e-005 4.086215e-003
896 1.123084e-004 7.466029e-003
897 7.505856e-004 2.157900e-002
898 6.803536e-005 9.250882e-003
899 6.849185e-004 3.021734e-002
900 5.437165e-005 3.413171e-003
901 3.193455e-005 2.876245e-003
902 6.599110e-005 4.992652e-003
903 1.763189e-005 5.288376e-003
904 4.370497e-004 5.707961e-002
905 1.295055e-004 9.497363e-003
906 2.646523e-004 2.518547e-002
907 1.928602e-003 1.190511e-001
908 7.031885e-006 2.228919e-003
909 1.166687e-005 2.467401e-003
910 1.436643e-006 1.492884e-003
911 3.087956e-005 2.401207e-003
912 1.765910e-005 2.350881e-003
913 1.194299e-005 1.307863e-003
914 5.202636e-005 3.291389e-003
915 1.091152e-005 2.215991e-003
916 3.945621e-004 1.798225e-002
917 2.681632e-006 1.968203e-003
918 5.677653e-006 1.606419e-003
919 4.523134e-007 1.357225e-003
920 6.179914e-006 1.812995e-003
921 5.523043e-007 1.041827e-003
922 1.115289e-006 1.347860e-003
923 1.127599e-004 1.583556e-002
924 5.131075e-005 7.200307e-003
925 5.922769e-007 1.009553e-003
926 4.215657e-005 5.057381e-003
927 1.859199e-006 1.219050e-003
928 2.529411e-005 1.991302e-003
929 3.390851e-005 2.951708e-003
930 1.510447e-005 1.701973e-003
931 1.234461e-005 2.750309e-003
932 1.436546e-006 1.437350e-003
933 3.224881e-006 1.314352e-003
934 1.737263e-005 2.927691e-003
935 3.661131e-006 1.482367e-003
936 7.618456e-007 1.129075e-003
937 9.263425e-006 1.787090e-003
938 2.244573e-006 1.609061e-003
939 7.210621e-006 1.879058e-003
940 8.231066e-006 1.570315e-003
941 2.707991e-005 2.908852e-003
942 2.374275e-006 1.480198e-003
943 3.271068e-006 1.272250e-003
944 1.466402e-005 1.885803e-003
945 1.076760e-005 1.918524e-003
946 1.595547e-005 2.789125e-003
947 1.166699e-004 2.624027e-002
948 1.104416e-005 6.423081e-003
949 2.813972e-005 9.149748e-003
950 1.010651e-005 7.228871e-003
951 2.898022e-005 1.431592e-002
952 5.485557e-005 9.301703e-003
953 2.210892e-005 7.770134e-003
954 1.991178e-006 2.915657e-003
955 1.825006e-004 1.962845e-002
956 3.067445e-006 2.919128e-003
957 9.341856e-006 7.716962e-003
958 9.134629e-006 6.176841e-003
959 1.090264e-004 3.383743e-002
960 4.789589e-005 1.686344e-002
961 1.348728e-005 7.471449e-003
962 2.840872e-005 1.087259e-002
963 3.995346e-006 3.536025e-003
964 1.217995e-004 2.484037e-002
965 2.550700e-006 5.227559e-003
966 8.746857e-004 6.247984e-002
967 1.816197e-004 2.905660e-002
968 8.394091e-006 3.469170e-003
969 2.256966e-005 5.782907e-003
970 7.251644e-005 1.437506e-002
971 1.949585e-006 2.806167e-003
972 4.895587e-006 6.644084e-003
973 1.548519e-005 8.193776e-003
974 2.470678e-006 3.113528e-003
975 8.485809e-006 5.943706e-003
976 4.863607e-004 2.419634e-002
977 3.394842e-005 3.638637e-003
978 2.252404e-005 3.164080e-003
979 4.812472e-006 2.566788e-003
980 1.202121e-006 1.192681e-003
981 5.896160e-006 3.450007e-003
982 3.439523e-005 3.936980e-003
983 1.047456e-005 2.245136e-003
984 2.128409e-005 3.452928e-003
985 1.944062e-005 2.779810e-003
986 1.944062e-005 2.779810e-003
987 2.894739e-006 1.147317e-003
988 1.005361e-005 1.886305e-003
989 4.854582e-005 4.847432e-003
990 2.047110e-005 2.782951e-003
991 4.339922e-005 4.493638e-003
992 3.781562e-006 1.991231e-003
993 6.453554e-006 2.106185e-003
994 3.828566e-006 2.025098e-003
995 9.875644e-006 2.089524e-003
996 7.557670e-006 2.654123e-003
997 9.130113e-005 5.617860e-003
998 2.077135e-005 2.799844e-003
999 3.088861e-005 2.403792e-003
1000 3.393212e-006 1.427069e-003
1001 3.393212e-006 1.427069e-003
1002 5.210168e-005 3.213874e-003
1003 5.670645e-006 1.523312e-003
1004 2.096442e-005 3.010956e-003
1005 7.068975e-006 2.493177e-003
1006 2.674263e-005 2.769817e-003
1007 1.181348e-005 2.673730e-003
1008 1.027889e-005 2.116194e-003
1009 1.921322e-005 2.887241e-003
1010 6.940526e-006 2.419790e-003
1011 1.921322e-005 2.887241e-003
1012 1.147082e-005 2.738983e-003
1013 1.468373e-006 1.991657e-003
1014 1.212969e-005 2.705526e-003
1015 2.587187e-006 2.057185e-003
1016 2.023172e-006 1.425749e-003
1017 2.056978e-006 1.472835e-003
1018 2.713064e-006 2.379663e-003
1019 3.355887e-005 3.486627e-003
1020 1.334048e-006 1.585303e-003
1021 1.155167e-005 2.105698e-003
1022 6.725940e-007 1.094787e-003
1023 3.496685e-006 1.570468e-003
1024 1.255908e-006 1.348730e-003
1025 3.833152e-006 2.037548e-003
1026 1.378541e-003 2.193408e-001
1027 8.846553e-004 2.662742e-002
1028 8.739629e-004 2.790461e-002
1029 1.348316e-004 2.281636e-002
1030 4.862636e-004 5.883075e-002
1031 2.924438e-003 9.358827e-002
1032 2.830579e-005 5.592948e-003
1033 4.328649e-005 1.268591e-002
1034 4.061587e-004 4.588061e-002
1035 7.191655e-006 3.237215e-003
1036 2.954847e-005 7.714127e-003
1037 1.070489e-004 1.561783e-002
1038 2.945342e-006 2.686476e-003
1039 4.723902e-005 8.900129e-003
1040 3.136347e-005 7.331469e-003
1041 8.385863e-005 2.262407e-002
1042 1.884329e-005 9.333903e-003
1043 5.149353e-005 1.104641e-002
1044 1.324300e-004 1.361164e-002
1045 4.047517e-005 6.288297e-003
1046 1.418439e-004 1.506633e-002
1047 5.074979e-004 2.245599e-002
1048 1.416657e-004 2.969916e-002
1049 2.020411e-005 7.309123e-003
1050 6.372383e-004 7.380681e-002
1051 2.192411e-004 5.307640e-002
1052 6.717521e-007 1.201284e-003
1053 5.457071e-007 1.767279e-003
1054 8.351388e-005 1.731378e-002
1055 4.704467e-007 1.527994e-003
1056 4.212638e-006 4.399928e-003
1057 1.460360e-006 1.991191e-003
1058 2.523455e-006 1.938400e-003
1059 5.173446e-007 1.019155e-003
1060 3.374309e-007 9.457857e-004
1061 1.011498e-005 2.287089e-003
1062 3.427997e-006 1.674891e-003
1063 3.450398e-006 3.197499e-003
1064 1.616338e-004 1.140858e-002
1065 5.608216e-005 8.776364e-003
1066 7.732542e-007 1.553126e-003
1067 4.384018e-007 1.433640e-003
1068 2.700943e-007 1.458636e-003
1069 8.385368e-007 1.595841e-003
1070 1.292126e-005 1.255555e-002
1071 7.028328e-006 4.606040e-003
1072 2.956414e-006 2.489050e-003
1073 6.574444e-005 9.025709e-003
1074 5.082687e-007 1.021629e-003
1075 4.197255e-005 1.206367e-002
1076 8.092822e-006 3.008212e-003
1077 3.394020e-005 7.521547e-003
1078 3.514506e-006 1.555423e-003
1079 4.454193e-006 4.997410e-003
1080 3.009537e-006 1.516407e-003
1081 1.989148e-006 1.441152e-003
1082 2.006145e-006 1.444217e-003
1083 6.120066e-006 1.674211e-003
1084 6.970608e-007 1.215176e-003
1085 2.150417e-006 3.831435e-003
1086 1.117789e-006 1.218288e-003
1087 1.795274e-006 1.325616e-003
1088 1.680135e-006 4.622730e-003
1089 6.621873e-007 1.221171e-003
1090 3.962409e-007 1.188713e-003
1091 6.970608e-007 1.215176e-003
1092 3.472920e-003 1.558755e-001
1093 9.403860e-005 1.678170e-002
1094 5.760195e-005 1.186030e-002
1095 3.571414e-006 1.451515e-003
1096 8.285148e-007 1.427040e-003
1097 2.260664e-005 3.584378e-003
1098 2.380661e-005 4.701514e-003
1099 7.875879e-006 2.930147e-003
1100 1.092109e-005 2.016001e-003
1101 1.784360e-005 2.241800e-003
1102 1.768403e-005 2.223375e-003
1103 1.564383e-005 1.908278e-003
1104 1.110123e-004 1.997465e-002
1105 1.358936e-006 1.460933e-003
1106 2.806386e-006 2.111729e-003
1107 7.589612e-006 2.844491e-003
1108 4.056411e-006 1.561892e-003
1109 6.294713e-006 1.845552e-003
1110 1.941874e-005 4.115734e-003
1111 8.112161e-006 3.387716e-003
1112 1.164122e-004 1.042972e-002
1113 2.514040e-005 7.511113e-003
1114 1.765705e-006 1.912990e-003
1115 7.105130e-005 1.009644e-002
1116 9.523876e-007 1.437927e-003
1117 1.342511e-006 1.547232e-003
1118 2.166559e-005 4.010783e-003
1119 6.573827e-005 9.434356e-003
1120 8.080473e-006 3.083952e-003
1121 1.958449e-005 3.624063e-003
1122 6.944706e-006 2.693093e-003
1123 4.107622e-006 1.883433e-003
1124 4.994497e-006 2.670036e-003
1125 7.695610e-006 2.343703e-003
1126 1.193579e-005 3.006225e-003
1127 7.114070e-006 2.259297e-003
1128 1.142345e-005 2.325858e-003
1129 6.769583e-006 2.060754e-003
1130 1.205003e-005 2.987586e-003
1131 2.254243e-004 1.032339e-002
1132 9.747588e-004 7.327878e-002
1133 3.233118e-004 2.106894e-002
1134 5.314585e-005 4.331275e-003
1135 9.319792e-006 1.536013e-003
1136 1.723018e-005 1.941077e-003
1137 2.291180e-005 3.280628e-003
1138 3.079295e-005 3.312387e-003
1139 3.918691e-005 3.623081e-003
1140 1.309311e-003 7.941897e-002
1141 1.335049e-004 8.373126e-003
1142 5.863296e-005 3.648713e-003
1143 3.760657e-005 3.845416e-003
1144 3.028252e-004 1.903575e-002
1145 6.896763e-005 5.860510e-003
1146 5.232306e-004 2.728467e-002
1147 3.308509e-004 2.280840e-002
1148 6.896763e-005 5.860510e-003
1149 6.468411e-005 4.329692e-003
1150 7.776185e-005 4.157578e-003
1151 5.072033e-005 3.624190e-003
1152 4.951629e-005 3.469199e-003
1153 3.072738e-005 2.851464e-003
1154 5.168086e-005 3.895166e-003
1155 2.756896e-005 2.467477e-003
1156 1.459581e-004 1.158631e-002
1157 3.131511e-004 1.938182e-002
1158 1.078193e-004 9.660851e-003
1159 9.602725e-004 4.240042e-002
1160 6.088417e-005 4.695638e-003
1161 3.904113e-005 4.218226e-003
1162 2.321339e-004 1.406055e-002
1163 4.115229e-004 2.339769e-002
1164 9.747394e-005 5.516762e-003
1165 3.812071e-005 4.181824e-003
1166 2.111316e-004 2.024550e-002
1167 1.440196e-004 9.464368e-003
1168 6.351234e-005 4.924762e-003
1169 2.321339e-004 1.406055e-002
1170 1.460273e-004 1.330318e-002
1171 6.088417e-005 4.695638e-003
1172 1.068134e-004 1.042689e-002
1173 8.767354e-004 3.899393e-002
1174 8.013555e-004 3.419922e-002
1175 1.178986e-004 1.953034e-002
1176 4.379509e-003 4.125160e-001
1177 9.942385e-006 2.922470e-003
1178 1.769541e-004 1.295337e-002
1179 1.500265e-004 1.737585e-002
1180 7.728482e-005 1.506931e-002
1181 1.128817e-004 1.064163e-002
1182 2.858669e-004 1.336419e-002
1183 4.701203e-005 1.206353e-002
1184 1.214349e-004 3.015482e-002
1185 4.118570e-004 3.758900e-002
1186 5.006383e-005 1.098747e-002
1187 1.562674e-005 5.836057e-003
1188 2.833428e-005 8.110193e-003
1189 5.787647e-005 1.409900e-002
1190 1.981773e-004 3.678892e-002
1191 2.230918e-005 1.019381e-002
1192 2.328048e-004 2.173882e-002
1193 6.286100e-005 2.030838e-002
1194 4.510074e-004 3.585352e-002
1195 1.432349e-004 1.705314e-002
1196 1.445081e-004 1.617351e-002
1197 7.368297e-005 1.006153e-002
1198 8.977370e-005 1.808852e-002
1199 1.305615e-004 1.552073e-002
1200 1.570494e-004 2.274987e-002
1201 5.643640e-005 1.786664e-002
1202 2.088467e-005 1.121254e-002
1203 1.577069e-004 2.332369e-002
1204 2.310118e-004 2.654452e-002
1205 9.072761e-006 4.258769e-003
1206 1.033920e-004 1.171871e-002
1207 6.072646e-006 3.437043e-003
1208 2.103395e-004 2.165166e-002
1209 5.638773e-005 7.151769e-003
1210 5.228126e-005 6.359005e-003
1211 2.784758e-005 2.821126e-003
1212 8.029529e-006 2.736632e-003
1213 4.850397e-005 6.003823e-003
1214 2.109913e-005 6.909748e-003
1215 1.868702e-004 2.373535e-002
1216 2.172104e-006 4.112565e-003
1217 7.187594e-004 5.318124e-002
1218 2.747472e-005 5.124397e-003
1219 1.154889e-006 1.109784e-003
1220 8.136573e-006 3.087053e-003
1221 2.122836e-005 2.178378e-003
1222 4.663532e-004 4.360140e-002
1223 4.108301e-006 1.913950e-003
1224 5.392138e-006 1.728077e-003
1225 4.014861e-004 1.314832e-002
1226 1.514784e-006 2.217633e-003
1227 9.142062e-004 9.559281e-002
1228 3.337733e-005 3.427030e-003
1229 1.990046e-006 1.154637e-003
1230 6.964706e-006 2.182156e-003
1231 2.226585e-006 1.437260e-003
1232 2.428011e-006 1.945970e-003
1233 2.528299e-006 2.128425e-003
1234 1.239022e-005 2.771593e-003
1235 7.185486e-006 2.340166e-003
1236 1.152246e-005 2.379046e-003
1237 6.754833e-006 2.231907e-003
1238 1.919740e-005 2.598101e-003
1239 4.054315e-006 2.142105e-003
1240 4.524223e-003 1.565863e-001
1241 4.448235e-005 3.535021e-003
1242 6.470402e-006 2.308908e-003
1243 1.128143e-005 2.427807e-003
1244 4.054315e-006 2.142105e-003
1245 7.185486e-006 2.340166e-003
1246 6.823621e-006 2.176945e-003
1247 2.621657e-005 9.160555e-003
1248 4.587357e-005 2.305494e-002
1249 7.700074e-006 9.216451e-003
1250 1.958270e-005 1.119770e-002
1251 3.117682e-005 1.244841e-002
1252 3.285418e-005 1.370829e-002
1253 7.557599e-005 1.119861e-002
1254 4.002730e-005 6.015739e-003
1255 1.851069e-003 5.578923e-002
1256 3.224584e-005 4.316254e-003
1257 3.789120e-003 1.081008e-001
1258 5.002781e-004 1.749933e-002
1259 9.053090e-004 4.197340e-002
1260 1.521304e-004 1.033631e-002
1261 2.484732e-006 1.725226e-003
1262 3.857266e-004 1.646175e-002
1263 2.036249e-005 3.195272e-003
1264 4.716674e-004 2.107368e-002
1265 6.983197e-006 2.747158e-003
1266 5.681516e-005 5.376798e-003
1267 3.203248e-007 1.915815e-003
1268 4.913241e-005 4.174822e-003
1269 4.425234e-004 2.472826e-002
1270 1.989167e-004 1.192385e-002
1271 4.395904e-005 6.909451e-003
1272 4.038357e-006 2.825565e-003
1273 1.848210e-005 2.576354e-003
1274 8.830269e-005 1.362477e-002
1275 1.638746e-004 2.002239e-002
1276 2.103959e-004 2.960594e-002
1277 4.313071e-004 4.633239e-002
1278 2.338524e-004 3.348528e-002
1279 4.163709e-005 3.227561e-003
1280 1.153887e-005 6.819747e-003
1281 8.959582e-006 8.001464e-003
1282 6.487490e-005 1.086857e-002
1283 4.206675e-005 8.564965e-003
1284 4.360146e-004 2.837163e-002
1285 1.084789e-004 7.525366e-003
1286 1.528687e-004 1.911764e-002
1287 7.772630e-005 3.164398e-003
1288 1.036616e-003 4.301703e-002
1289 8.240609e-004 9.378882e-002
1290 5.641583e-006 1.577600e-003
1291 9.382068e-005 9.750574e-003
1292 4.450525e-005 3.761649e-003
1293 5.231160e-004 4.056003e-002
1294 4.293367e-006 2.223285e-003
1295 3.860598e-005 5.502747e-003
1296 9.370672e-005 6.276993e-003
1297 6.749179e-004 5.727452e-002
1298 2.736151e-004 4.341458e-002
1299 4.384127e-005 6.362718e-003
1300 6.469822e-004 6.824443e-002
1301 6.294899e-006 2.391247e-003
1302 1.830667e-005 2.638602e-003
1303 2.855009e-005 1.186326e-002
1304 2.005033e-004 1.647481e-002
1305 4.024018e-005 9.361990e-003
1306 5.566221e-005 8.720771e-003
1307 8.111869e-005 7.376033e-003
1308 2.119803e-005 9.008490e-003
1309 1.881347e-004 1.525017e-002
1310 1.205823e-003 4.268006e-002
1311 2.194297e-004 2.005957e-002
1312 2.859355e-003 7.394088e-002
1313 5.292427e-006 3.329671e-003
1314 1.036294e-004 7.490861e-003
1315 5.111688e-005 4.353907e-003
1316 1.534841e-005 4.831287e-003
1317 4.838984e-006 3.268137e-003
1318 3.166610e-006 1.847464e-003
1319 9.356132e-006 2.321057e-003
1320 7.446520e-006 4.202083e-003
1321 4.976951e-006 3.874568e-003
1322 1.938796e-006 1.484634e-003
1323 7.078102e-005 9.623114e-003
1324 1.559231e-005 1.840778e-003
1325 4.109258e-005 5.277536e-003
1326 9.645581e-005 4.065550e-003
1327 2.966049e-005 6.054980e-003
1328 2.683923e-005 2.951899e-003
1329 1.903704e-006 2.738527e-003
1330 8.331012e-005 4.672057e-003
1331 7.800970e-004 1.695913e-002
1332 1.007679e-003 4.245666e-002
1333 5.646770e-005 1.306063e-002
1334 5.069009e-005 1.798528e-002
1335 7.386386e-006 7.159014e-003
1336 1.047211e-005 6.182473e-003
1337 2.515579e-005 2.699084e-003
1338 2.469851e-005 5.526919e-003
1339 6.834874e-005 2.051577e-002
1340 1.878762e-005 8.493243e-003
1341 4.932788e-005 3.887685e-003
1342 1.142239e-006 1.567827e-003
1343 4.051976e-004 4.390188e-002
1344 1.198713e-005 4.650362e-003
1345 1.233356e-003 5.419037e-002
1346 6.451261e-005 1.810251e-002
1347 1.017309e-004 2.350284e-002
1348 1.425812e-004 1.333567e-002
1349 6.852263e-005 1.012097e-002
1350 3.651037e-004 5.909440e-002
1351 1.564911e-003 1.015243e-001
1352 7.253622e-004 2.360936e-002
1353 4.731596e-007 3.211071e-003
1354 7.018587e-006 2.750128e-003
1355 1.393413e-004 2.359387e-002
1356 1.625445e-006 4.287046e-003
1357 1.858651e-005 4.698061e-003
1358 4.938965e-004 2.147897e-002
1359 6.844692e-005 1.881202e-002
1360 5.051241e-006 1.622789e-003
1361 5.989828e-005 5.980870e-003
1362 6.890876e-006 2.454125e-003
1363 1.309227e-006 1.325257e-003
1364 1.747895e-006 1.177915e-003
1365 9.730125e-006 1.756104e-003
1366 1.846795e-005 6.410753e-003
1367 4.506787e-004 1.074307e-002
1368 1.070797e-005 2.653950e-003
1369 7.674500e-006 1.961305e-003
1370 3.923088e-007 1.084770e-003
1371 2.219821e-006 1.502040e-003
1372 9.609033e-007 1.052186e-003
1373 3.774215e-006 1.911560e-003
1374 4.530252e-006 2.986658e-003
1375 1.956836e-004 3.603565e-002
1376 2.112415e-005 1.955312e-003
1377 6.110341e-005 5.661600e-003
1378 6.092660e-005 7.486903e-003
1379 1.071185e-004 1.316798e-002
1380 1.955543e-004 2.352934e-002
1381 2.444958e-004 1.847854e-002
1382 5.558752e-006 1.847741e-003
1383 9.000773e-006 2.147218e-003
1384 3.743845e-004 4.499235e-002
1385 7.458774e-005 9.699397e-003
1386 4.009870e-004 2.266435e-002
1387 5.315172e-004 4.100221e-002
1388 8.460064e-004 5.046091e-002
1389 1.584063e-005 4.605754e-003
1390 1.925061e-004 2.706930e-002
1391 4.069410e-005 5.752036e-003
1392 4.417553e-005 1.410418e-002
1393 6.424973e-006 2.579124e-003
1394 4.949097e-005 7.212758e-003
1395 2.072012e-004 1.783243e-002
1396 4.482981e-005 3.354860e-003
1397 1.454875e-005 1.892388e-003
1398 1.325679e-003 2.392830e-002
1399 2.448116e-005 5.489662e-003
1400 4.294539e-005 2.575493e-003
1401 2.540200e-004 1.526820e-002
1402 1.575635e-005 2.489312e-003
1403 4.130161e-006 1.948058e-003
1404 3.159992e-004 2.051816e-002
1405 2.747324e-006 1.846641e-003
1406 1.668870e-005 4.980842e-003
1407 1.228207e-005 2.189980e-003
1408 4.558849e-006 2.187639e-003
1409 1.059781e-005 6.663374e-003
1410 7.020755e-005 7.587529e-003
1411 1.054787e-003 9.789098e-002
1412 3.835108e-004 3.350036e-002
1413 9.696288e-006 1.911526e-003
1414 2.254122e-003 4.953545e-002
1415 6.730553e-006 2.859084e-003
1416 4.363022e-005 2.958448e-003
1417 1.481177e-005 2.156114e-003
1418 1.811528e-005 2.737177e-003
1419 4.490713e-004 1.774362e-002
1420 7.786515e-004 3.075806e-002
1421 1.364745e-003 4.663212e-002
1422 7.431057e-005 7.837250e-003
1423 1.316425e-003 5.908505e-002
1424 4.383109e-005 8.139744e-003
1425 2.841609e-003 7.852578e-002
1426 1.875418e-003 4.295578e-002
1427 1.576348e-004 2.058395e-002
1428 1.382666e-005 1.569489e-003
1429 4.808550e-005 6.851863e-003
1430 4.822656e-004 1.633304e-002
1431 3.402723e-004 2.287942e-002
1432 7.417384e-005 8.665669e-003
1433 1.668753e-005 6.846992e-003
1434 6.323392e-005 2.756275e-002
1435 1.547626e-004 2.135196e-002
1436 1.991056e-003 6.690007e-002
1437 3.042191e-005 2.737405e-003
1438 3.154547e-005 2.616702e-003
1439 2.822634e-003 2.082097e-001
1440 1.716664e-004 1.754000e-002
1441 7.644608e-004 1.006330e-001
1442 4.556227e-006 2.064443e-003
1443 1.292861e-004 2.160277e-002
1444 9.484428e-005 2.638075e-002
1445 1.327642e-004 2.077933e-002
1446 1.699718e-005 5.218742e-003
1447 4.211172e-005 3.100247e-003
1448 3.979501e-005 7.261459e-003
1449 2.679044e-004 1.144904e-002
1450 4.977237e-004 1.234595e-002
1451 7.424193e-006 1.542919e-003
1452 6.461937e-005 9.833119e-003
1453 1.615867e-006 1.629369e-003
1454 2.475131e-005 1.105826e-002
1455 3.552779e-006 4.258182e-003
1456 1.571326e-005 5.160068e-003
1457 1.424763e-005 4.365441e-003
1458 6.614994e-007 2.825072e-003
1459 1.913388e-005 3.866918e-003
1460 3.786130e-006 4.273436e-003
1461 5.361958e-006 7.130604e-003
1462 4.799575e-006 7.244915e-003
1463 1.242109e-004 1.314036e-002
1464 2.719705e-003 1.286360e-001
1465 8.377526e-004 4.534578e-002
1466 1.017654e-003 8.586004e-002
1467 8.392538e-005 1.806886e-002
1468 1.675063e-003 6.495998e-002
1469 1.411219e-003 8.925721e-002
1470 8.132082e-005 5.668934e-003
1471 6.763429e-005 9.877801e-003
1472 5.354078e-004 2.181412e-002
1473 1.100907e-005 2.680488e-003
1474 1.465538e-005 1.186336e-002
1475 8.509380e-006 4.067847e-003
1476 8.748686e-006 3.576785e-003
1477 4.033143e-004 2.710249e-002
1478 3.374067e-005 1.800776e-002
1479 1.601059e-004 2.965788e-002
1480 3.117296e-004 2.866417e-002
1481 1.807543e-004 1.541605e-002
1482 1.609868e-004 3.128832e-002
1483 7.087505e-006 5.942341e-003
1484 8.488167e-006 4.671693e-003
1485 5.711658e-006 4.511466e-003
1486 7.279312e-004 2.596783e-002
1487 5.389881e-005 2.849914e-003
1488 7.312784e-005 6.331673e-003
1489 7.517734e-006 2.750431e-003
1490 1.357987e-005 3.445193e-003
1491 1.115325e-003 4.786475e-002
1492 7.274675e-005 5.305400e-003
1493 4.479088e-006 2.283789e-003
1494 3.682742e-005 9.261169e-003
1495 3.932791e-004 2.588060e-002
1496 1.323292e-005 1.580760e-003
1497 2.232696e-004 2.340355e-002
1498 8.891731e-004 7.180630e-002
1499 3.310754e-005 2.194660e-003
1500 9.119735e-005 5.807534e-003
1501 2.035502e-004 2.434621e-002
1502 6.550725e-004 1.930563e-002
1503 1.566817e-004 8.545238e-003
1504 1.887746e-003 8.208601e-002
1505 2.877684e-004 5.173983e-002
1506 4.789606e-006 1.407996e-003
1507 5.017344e-004 2.023012e-002
1508 5.019986e-003 2.229554e-001
1509 9.966056e-006 2.611566e-003
1510 3.255990e-006 3.084381e-003
1511 1.213754e-004 1.271152e-002
1512 9.065010e-007 1.007340e-003
1513 7.339045e-005 9.817673e-003
1514 1.469365e-005 4.283450e-003
1515 3.587172e-005 6.355956e-003
1516 5.026520e-004 2.388644e-002
1517 8.695986e-005 5.410450e-003
1518 2.981596e-004 4.863652e-002
1519 2.935126e-006 1.724641e-003
1520 2.409852e-004 1.132598e-002
1521 2.620798e-006 2.080461e-003
1522 5.419189e-006 3.865160e-003
1523 2.235371e-005 3.885348e-003
1524 2.693746e-004 2.278401e-002
1525 1.364400e-004 8.965302e-003
1526 1.681291e-004 1.200919e-002
1527 1.127274e-004 8.717089e-003
1528 1.174121e-005 5.457815e-003
1529 9.258390e-005 9.797452e-003
1530 6.773409e-005 4.798115e-003
1531 5.514148e-004 3.583208e-002
1532 2.061532e-005 6.607554e-003
1533 8.131340e-004 3.383379e-002
1534 4.810345e-004 6.877124e-002
1535 1.935457e-003 1.505788e-001
1536 1.096873e-003 1.187682e-001
1537 4.917015e-005 6.198028e-003
1538 4.069798e-004 1.529040e-001
1539 6.239274e-005 1.319833e-002
1540 1.181566e-004 4.342768e-002
1541 1.329667e-003 8.655225e-002
1542 3.115337e-003 9.713650e-002
1543 4.969818e-006 5.053023e-003
1544 3.556059e-005 1.276576e-002
1545 2.014840e-006 3.558568e-003
1546 1.057646e-004 7.451404e-003
1547 1.828509e-004 1.612555e-002
1548 1.046836e-004 3.719165e-002
1549 4.427397e-006 2.494634e-003
1550 1.481087e-004 8.703672e-003
1551 8.362367e-005 1.102678e-002
1552 2.912302e-006 1.214716e-003
1553 6.612928e-006 2.842067e-003
1554 5.846261e-004 5.046027e-002
1555 2.235505e-004 8.208632e-002
1556 2.071178e-004 1.659151e-002
1557 6.184631e-004 3.294928e-002
1558 2.889295e-003 1.118486e-001
1559 2.131441e-004 7.098878e-003
1560 1.187954e-005 3.573551e-003
1561 1.616401e-004 7.462351e-003
1562 1.403473e-005 1.171950e-002
1563 2.045802e-005 2.113509e-003
1564 9.468291e-006 6.590844e-003
1565 1.367622e-004 2.381825e-002
1566 6.724173e-005 8.623675e-003
1567 2.042537e-005 3.439598e-003
1568 1.677436e-005 2.131241e-003
1569 1.114668e-004 6.827793e-003
1570 2.399618e-004 1.724429e-002
1571 5.079680e-004 1.531247e-002
1572 8.375353e-007 1.866174e-003
1573 5.926746e-004 3.594079e-002
1574 6.666166e-006 3.828836e-003
1575 6.938637e-005 1.200856e-002
1576 2.978452e-005 1.180699e-002
1577 6.641911e-004 5.183745e-002
1578 7.460619e-006 6.208156e-003
1579 1.065415e-004 1.226765e-002
1580 7.419041e-007 2.476200e-003
1581 3.571595e-006 3.357297e-003
1582 1.477369e-005 4.848033e-003
1583 2.024504e-004 2.353968e-002
1584 1.564131e-005 5.542881e-003
1585 2.115571e-003 8.961148e-002
1586 1.649846e-003 1.123112e-001
1587 1.230270e-003 5.191862e-002
1588 1.319972e-004 1.952632e-002
1589 9.645618e-004 2.815976e-002
1590 1.438472e-003 8.863245e-002
1591 4.109810e-004 2.363062e-002
1592 1.532519e-004 1.477385e-002
1593 3.844918e-004 2.368175e-002
1594 3.691442e-004 1.364751e-002
1595 5.123050e-005 9.755609e-003
1596 2.682772e-004 1.078866e-002
1597 1.462429e-004 9.805147e-003
1598 9.292075e-004 2.595548e-002
1599 2.420201e-005 1.928545e-003
1600 9.843187e-004 3.650129e-002
1601 2.726816e-006 1.200547e-003
1602 6.811310e-004 3.525266e-002
1603 5.735545e-006 1.972777e-003
1604 7.118167e-006 2.338442e-003
1605 1.054380e-004 1.138414e-002
1606 1.482678e-006 2.927367e-003
1607 2.200742e-006 1.918538e-003
1608 3.138416e-006 1.806759e-003
1609 5.164140e-005 4.714203e-003
1610 3.143575e-004 1.542851e-002
1611 7.695879e-007 1.873356e-003
1612 1.558478e-005 2.027152e-003
1613 3.983545e-006 2.121702e-003
1614 5.761413e-006 4.669076e-003
1615 6.740612e-004 5.391852e-002
1616 2.516831e-004 2.381406e-002
1617 2.214056e-004 1.518950e-002
1618 2.101238e-004 2.361579e-002
1619 4.012802e-003 1.267655e-001
1620 4.100844e-005 8.094093e-003
1621 3.916956e-004 4.766023e-002
1622 6.763274e-006 3.052938e-003
1623 1.216257e-004 3.506847e-002
1624 2.099714e-005 4.744681e-003
1625 2.097192e-006 1.615751e-003
1626 2.982072e-005 7.612038e-003
1627 2.094250e-005 3.864051e-003
1628 2.213784e-006 1.925123e-003
1629 3.318384e-004 1.949918e-002
1630 1.946820e-006 1.625004e-003
1631 2.874925e-005 5.821309e-003
1632 3.008682e-005 8.914328e-003
1633 8.994534e-005 1.821784e-002
1634 3.761403e-003 1.301034e-001
1635 1.287918e-004 2.630136e-002
1636 3.474335e-003 3.228180e-001
1637 4.074929e-004 4.740803e-002
1638 7.913928e-005 1.027289e-002
1639 1.838454e-003 1.375961e-001
1640 7.243155e-004 2.756517e-002
1641 9.428224e-004 1.188190e-001
1642 2.536018e-004 2.988408e-002
1643 1.070221e-004 1.560023e-002
1644 4.876946e-004 4.778068e-002
1645 2.550719e-006 1.515766e-003
1646 2.467868e-005 2.847069e-003
1647 1.224428e-003 8.468968e-002
1648 2.722335e-005 4.624360e-003
1649 9.314761e-005 6.544401e-003
1650 1.801818e-003 3.995743e-002
1651 5.000716e-006 1.107950e-003
1652 2.721766e-003 8.753405e-002
1653 1.211657e-003 6.359940e-002
1654 4.344153e-006 2.564835e-003
1655 2.775610e-005 4.266204e-003
1656 1.552072e-006 3.573873e-003
1657 1.102778e-006 1.214466e-003
1658 7.434713e-006 2.548766e-003
1659 1.336273e-005 4.449616e-003
1660 8.217461e-007 1.992479e-003
1661 2.456939e-004 2.265153e-002
1662 1.351285e-005 7.806992e-003
1663 1.263267e-005 1.380407e-002
1664 1.356660e-006 6.739096e-003
1665 7.162367e-005 5.771760e-003
1666 9.858051e-005 1.503304e-002
1667 2.219861e-004 2.727043e-002
1668 1.412474e-005 1.688559e-003
1669 2.644640e-006 4.326685e-003
1670 3.227980e-005 7.488414e-003
1671 1.694233e-005 3.931388e-003
1672 1.346360e-004 2.714902e-002
1673 1.068421e-004 1.121621e-002
1674 2.705092e-006 2.368983e-003
1675 3.661880e-005 3.334354e-003
1676 1.214907e-006 1.311088e-003
1677 3.912441e-005 8.811102e-003
1678 1.159163e-003 7.508862e-002
1679 5.245739e-005 9.250958e-003
1680 3.628021e-005 8.735113e-003
1681 1.167720e-004 1.160194e-002
1682 2.825213e-005 5.035129e-003
1683 8.517830e-005 1.063799e-002
1684 2.657113e-005 4.679790e-003
1685 1.626132e-006 2.155598e-003
1686 2.608585e-005 1.117243e-002
1687 9.706963e-006 4.474796e-003
1688 1.810960e-006 1.129674e-003
1689 1.913643e-004 2.700147e-002
1690 3.593088e-005 8.666257e-003
1691 4.155995e-004 2.697304e-002
1692 2.425704e-003 1.229542e-001
1693 7.200761e-004 4.023818e-002
1694 2.173970e-004 4.178533e-002
1695 2.816006e-005 6.026796e-003
1696 7.505888e-006 2.588257e-003
1697 1.312330e-005 5.843511e-003
1698 6.652555e-004 2.241541e-002
1699 1.011767e-004 1.125595e-002
1700 2.935278e-005 5.321010e-003
1701 4.174697e-005 6.596551e-003
1702 7.548324e-006 5.703957e-003
1703 4.542563e-005 1.066385e-002
1704 1.699698e-005 5.799039e-003
1705 8.514863e-004 6.227603e-002
1706 2.389775e-004 1.280581e-002
1707 1.328200e-005 2.520652e-003
1708 1.106514e-006 2.047973e-003
1709 4.597059e-006 5.321160e-003
1710 8.214717e-007 1.376520e-003
1711 7.151866e-006 1.030760e-002
1712 1.564143e-005 3.909350e-003
1713 4.018335e-006 4.237259e-003
1714 6.673131e-006 5.596748e-003
1715 6.813710e-006 4.060072e-003
1716 5.707183e-006 5.953070e-003
1717 2.961628e-007 2.182026e-003
1718 2.771260e-005 1.626190e-002
1719 5.694056e-007 1.971565e-003
1720 1.070258e-005 3.962385e-003
1721 8.673562e-007 1.499251e-003
1722 6.223022e-005 9.068687e-003
1723 6.530392e-008 1.298067e-003
1724 1.817050e-007 1.404914e-003
1725 1.470282e-006 1.812226e-003
1726 8.179416e-005 3.310533e-002
1727 1.298468e-005 9.846150e-003
1728 2.923520e-006 2.459254e-003
1729 8.051633e-006 6.754440e-003
1730 5.816998e-006 4.153979e-003
1731 1.712786e-006 3.075859e-003
1732 8.624157e-005 1.600045e-002
1733 2.648072e-003 1.050677e-001
1734 6.520083e-004 8.405082e-002
1735 4.711092e-004 3.773295e-002
1736 1.819329e-005 7.105087e-003
1737 1.297022e-005 6.395745e-003
1738 1.149357e-003 7.680758e-002
1739 1.153484e-004 1.212612e-002
1740 4.226336e-005 1.013413e-002
1741 5.831555e-007 1.319780e-003
1742 3.792622e-006 1.482271e-003
1743 6.660841e-006 3.768706e-003
1744 2.416478e-006 2.022786e-003
1745 6.952918e-007 2.169415e-003
1746 5.008006e-005 5.953547e-003
1747 3.400446e-005 1.919251e-002
1748 4.470270e-005 5.293575e-003
1749 2.741623e-005 4.968868e-003
1750 2.639522e-005 6.289737e-003
1751 9.535517e-006 3.492953e-003
1752 3.174624e-005 5.911470e-003
1753 6.560550e-004 3.772017e-002
1754 1.295402e-003 6.148746e-002
1755 4.236765e-004 5.531859e-002
1756 1.303889e-004 1.553199e-002
1757 4.608955e-004 3.935864e-002
1758 3.672865e-003 1.321373e-001
1759 1.295031e-003 7.805004e-002
1760 1.147945e-003 5.443215e-002
1761 3.637980e-003 1.345140e-001
1762 2.883225e-003 1.055205e-001
1763 8.265782e-004 8.485971e-002
1764 5.242670e-005 1.822740e-002
1765 1.377123e-004 2.445428e-002
1766 8.369773e-004 9.963304e-002
1767 1.120875e-004 1.683034e-002
1768 4.710939e-004 2.211129e-002
1769 5.069758e-004 6.520018e-002
1770 1.844195e-004 4.450823e-002
1771 9.358124e-004 3.862574e-002
1772 2.575281e-006 4.302530e-003
1773 4.987018e-003 2.192088e-001
1774 2.571536e-003 6.822552e-002
1775 5.224945e-003 3.250233e-001
1776 2.640604e-004 2.218411e-002
1777 2.972148e-004 2.502307e-002
1778 2.331362e-003 7.423022e-002
1779 4.716118e-004 3.169678e-002
1780 2.760311e-004 1.931091e-002
1781 1.555878e-004 1.468090e-002
1782 8.024272e-005 1.916741e-002
1783 1.742051e-003 7.810531e-002
1784 3.865614e-004 3.402898e-002
1785 1.137761e-003 4.698138e-002
1786 1.609025e-005 4.670732e-003
1787 4.549875e-005 7.078623e-003
1788 1.200895e-003 9.338766e-002
1789 3.078238e-004 7.325209e-002
1790 3.330692e-005 1.166301e-002
1791 9.427633e-004 1.048100e-001
1792 2.247900e-004 3.592897e-002
1793 3.819585e-004 2.897045e-002
1794 1.854987e-004 1.027704e-002
1795 1.465242e-004 1.748541e-002
1796 6.713465e-004 6.184212e-002
1797 6.460744e-004 6.428486e-002
1798 2.188582e-004 3.703504e-002
1799 4.017988e-005 1.355617e-002
1800 6.436870e-004 6.792930e-002
1801 1.010227e-004 1.471164e-002
1802 3.268737e-004 3.980545e-002
1803 3.210545e-004 3.546637e-002
1804 4.844666e-004 4.468364e-002
1805 2.991215e-004 2.768382e-002
1806 3.639167e-004 4.170065e-002
1807 1.628154e-004 1.599017e-002
1808 1.410948e-003 8.079757e-002
1809 1.146869e-004 1.825865e-002
1810 1.422850e-005 8.786855e-003
1811 2.528729e-005 9.720495e-003
1812 1.621684e-004 1.148495e-002
1813 6.250296e-005 5.470903e-003
1814 1.051868e-004 1.797602e-002
1815 8.402681e-004 3.533247e-002
1816 2.116745e-004 1.168902e-002
1817 9.484329e-004 3.320180e-002
1818 3.421505e-004 3.670599e-002
1819 1.208687e-003 6.940509e-002
1820 3.797893e-004 2.764946e-002
1821 5.491708e-005 1.220683e-002
1822 9.935107e-005 1.452845e-002
1823 2.088609e-004 3.419140e-002
1824 1.845930e-004 1.709555e-002
1825 2.663147e-003 7.997383e-002
1826 2.181628e-004 2.416791e-002
1827 6.888124e-005 8.452590e-003
1828 1.509450e-004 1.121894e-002
1829 1.054052e-004 1.172941e-002
1830 3.156027e-003 1.434567e-001
1831 4.726939e-005 6.705909e-003
1832 2.159784e-004 2.422273e-002
1833 1.572035e-005 1.036701e-002
1834 6.140391e-005 9.708966e-003
1835 2.212612e-005 8.190880e-003
1836 3.953445e-006 5.064868e-003
1837 2.571071e-004 1.918744e-002
1838 2.556427e-004 1.742257e-002
1839 4.871798e-004 3.309601e-002
1840 3.524863e-004 3.458947e-002
1841 3.387690e-004 2.412703e-002
1842 1.555880e-004 1.593987e-002
1843 3.712149e-005 1.088359e-002
1844 1.182508e-004 1.546765e-002
1845 1.676513e-005 1.132978e-002
1846 1.355237e-005 6.596731e-003
1847 1.550638e-005 8.140631e-003
1848 1.690007e-005 1.105630e-002
1849 5.151777e-005 1.146206e-002
1850 3.312922e-005 7.361814e-003
1851 1.751685e-005 4.226041e-003
1852 7.614734e-006 4.054667e-003
1853 1.879794e-005 3.213152e-003
1854 1.614114e-004 1.450993e-002
1855 1.391281e-004 1.262608e-002
1856 5.251768e-004 2.657944e-002
1857 4.129953e-004 1.862579e-002
1858 1.594032e-004 1.888702e-002
1859 7.914844e-006 4.055203e-003
1860 1.091121e-004 2.089798e-002
1861 1.287075e-005 7.191492e-003
1862 1.578673e-005 6.887967e-003
1863 1.325722e-004 1.987214e-002
1864 7.863310e-004 3.443356e-002
1865 4.959817e-004 3.345688e-002
1866 2.991295e-004 2.490500e-002
1867 2.277443e-005 8.346837e-003
1868 1.427765e-005 9.372049e-003
1869 2.090027e-005 5.926599e-003
1870 4.315139e-005 1.210401e-002
1871 6.158975e-004 4.305427e-002
1872 8.941089e-004 5.851209e-002
1873 1.044714e-004 1.090749e-002
1874 9.523939e-004 3.992201e-002
1875 3.153712e-004 2.408514e-002
1876 1.869566e-005 5.284543e-003
1877 1.128016e-004 1.156897e-002
1878 1.231366e-005 6.188220e-003
1879 1.360653e-004 1.853835e-002
1880 6.425648e-005 1.041254e-002
1881 1.262328e-003 8.260672e-002
1882 3.551651e-004 3.884598e-002
1883 3.151569e-004 3.161283e-002
1884 2.728969e-004 2.120582e-002
1885 1.170196e-004 1.098411e-002
1886 1.923504e-004 2.333399e-002
1887 2.217075e-005 7.440938e-003
1888 7.420290e-005 1.453283e-002
1889 2.301876e-005 7.582035e-003
1890 6.640737e-006 5.382969e-003
1891 1.068563e-005 4.853809e-003
1892 1.216923e-005 5.470982e-003
1893 4.008404e-005 2.137882e-002
1894 2.189666e-004 2.741234e-002
1895 1.022640e-004 1.330440e-002
1896 6.818454e-006 4.712700e-003
1897 5.105930e-006 3.527641e-003
1898 1.127518e-005 3.050313e-003
1899 1.635441e-004 1.100370e-002
1900 1.532049e-004 1.389917e-002
1901 1.314833e-006 1.716650e-003
1902 3.404947e-004 2.730209e-002
1903 1.383914e-003 1.020014e-001
1904 9.681668e-005 1.174862e-002
1905 1.006046e-004 1.296534e-002
1906 1.774681e-003 1.514486e-001
1907 2.065950e-005 6.646369e-003
1908 2.065950e-005 6.646369e-003
1909 4.070673e-006 5.163307e-003
1910 1.080902e-004 1.385933e-002
1911 4.054338e-005 1.078396e-002
1912 1.482663e-004 2.526859e-002
1913 6.222485e-004 4.912828e-002
1914 3.433045e-004 2.530895e-002
1915 3.447510e-003 9.528348e-002
1916 1.252908e-003 3.758058e-002
1917 1.291428e-003 3.739647e-002
1918 5.386471e-004 2.548673e-002
1919 8.228347e-004 8.601918e-002
1920 6.974482e-004 3.592119e-002
1921 1.854546e-004 2.088622e-002
1922 1.004153e-003 6.576036e-002
1923 5.713439e-004 3.131278e-002
1924 1.069581e-003 8.149637e-002
1925 6.789339e-004 2.969005e-002
1926 1.380582e-004 1.499016e-002
1927 4.117167e-004 2.233301e-002
1928 2.526262e-003 7.348985e-002
1929 2.988473e-004 2.547611e-002
1930 1.396344e-005 4.628964e-003
1931 1.371619e-004 2.974626e-002
1932 1.034237e-004 2.407721e-002
1933 8.003315e-005 8.969386e-003
1934 1.851542e-005 6.813005e-003
1935 3.398146e-004 2.927246e-002
1936 4.152689e-005 1.209925e-002
1937 2.511981e-004 1.019806e-002
1938 2.655474e-004 1.719029e-002
1939 2.201205e-004 2.310361e-002
1940 9.426013e-004 6.171154e-002
1941 4.182001e-005 5.792173e-003
1942 8.804654e-004 4.429288e-002
1943 8.612792e-004 4.585868e-002
1944 3.158939e-004 2.092932e-002
1945 5.088075e-005 8.394606e-003
1946 5.087153e-004 7.138665e-002
1947 6.681111e-005 1.530976e-002
1948 9.251387e-005 1.556604e-002
1949 6.275668e-004 6.171862e-002
1950 1.003658e-004 1.019399e-002
1951 5.288648e-004 3.190328e-002
1952 6.786349e-004 3.538493e-002
1953 7.765252e-005 1.652857e-002
1954 5.674203e-005 7.907270e-003
1955 2.985284e-003 1.421931e-001
1956 1.320509e-003 1.284081e-001
1957 2.133527e-003 1.702147e-001
1958 1.547440e-003 7.789103e-002
1959 1.896604e-005 7.018664e-003
1960 4.502500e-005 7.261070e-003
1961 2.969447e-006 2.905740e-003
1962 1.528948e-005 5.627349e-003
1963 2.410197e-006 2.006235e-003
1964 7.985889e-006 3.328991e-003
1965 9.738939e-005 1.166213e-002
1966 3.664696e-005 9.367167e-003
1967 2.930240e-004 3.235409e-002
1968 8.021471e-005 7.945925e-003
1969 1.168376e-004 1.492609e-002
1970 1.053571e-005 8.973097e-003
1971 7.560649e-005 1.892175e-002
1972 2.672639e-005 6.778184e-003
1973 3.472602e-004 4.206215e-002
1974 1.761082e-004 2.112528e-002
1975 9.364109e-005 1.520714e-002
1976 2.752288e-004 1.590438e-002
1977 5.280085e-004 3.873174e-002
1978 2.512502e-004 1.774144e-002
1979 1.769662e-004 1.758777e-002
1980 9.481845e-005 8.909483e-003
1981 6.026342e-005 1.011311e-002
1982 4.080041e-004 4.850731e-002
1983 1.910145e-003 1.179166e-001
1984 6.658427e-004 6.193042e-002
1985 5.642100e-004 8.602376e-002
1986 2.744453e-004 3.812385e-002
1987 1.556020e-003 1.675813e-001
1988 5.831068e-005 2.608771e-002
1989 2.237651e-004 3.914418e-002
1990 6.685816e-004 7.082336e-002
1991 6.029651e-005 1.113105e-002
1992 2.556796e-004 1.720279e-002
1993 2.236184e-004 2.264462e-002
1994 1.842489e-004 1.466861e-002
1995 2.010172e-004 1.512490e-002
1996 2.502735e-005 9.365109e-003
1997 2.913150e-004 3.193476e-002
1998 5.979345e-004 5.363785e-002
1999 9.078747e-004 6.280885e-002
2000 1.465193e-004 1.920540e-002
