2 7.460541e-004 2.779647e-002
3 3.176237e-003 6.460675e-002
4 2.556192e-003 4.142210e-002
5 6.429942e-004 1.734808e-002
6 1.066070e-003 6.869939e-002
7 1.215321e-004 5.539043e-003
8 4.691535e-004 1.033762e-002
9 6.123477e-005 4.497253e-003
10 1.396278e-004 3.677300e-003
11 7.995863e-004 2.041006e-002
12 1.005040e-004 3.579107e-003
13 5.093698e-004 1.399840e-002
14 4.373881e-004 1.205304e-002
15 5.375400e-004 1.893969e-002
16 3.077133e-004 1.126943e-002
17 6.897826e-005 2.723831e-003
18 1.163124e-003 5.621077e-002
19 6.799513e-004 1.118868e-002
20 7.725695e-004 1.820430e-002
21 4.315885e-004 1.473029e-002
22 1.672065e-004 5.295972e-003
23 7.257006e-004 1.656452e-002
24 1.338986e-003 1.535927e-002
25 1.778774e-004 8.830122e-003
26 4.168988e-003 5.027592e-002
27 1.171096e-004 2.828994e-003
28 1.573739e-004 8.539140e-003
29 2.300826e-003 3.303709e-002
30 9.284881e-005 2.712006e-003
31 2.668676e-004 9.527633e-003
32 5.586137e-004 1.348437e-002
33 2.864744e-005 2.312497e-003
34 2.286916e-005 2.112213e-003
35 1.614446e-003 2.714008e-002
36 2.111369e-004 3.801699e-003
37 4.353154e-003 5.765401e-002
38 1.791565e-003 3.058945e-002
39 3.737331e-003 4.557360e-002
40 7.805036e-004 3.290043e-002
41 2.819440e-005 2.868243e-003
42 5.802739e-003 4.568715e-002
43 9.084105e-005 2.870943e-003
44 7.732699e-006 1.819525e-003
45 7.648144e-006 1.767786e-003
46 2.061907e-006 1.092930e-003
47 1.810488e-005 3.783889e-003
48 3.029424e-005 3.087851e-003
49 9.013587e-005 3.079929e-003
50 1.012710e-004 4.539232e-003
51 5.189470e-006 2.447360e-003
52 2.904065e-005 2.952680e-003
53 5.097229e-005 2.974611e-003
54 2.906485e-005 2.844819e-003
55 9.385472e-006 2.449927e-003
56 9.723786e-005 5.163599e-003
57 4.903844e-005 3.064558e-003
58 2.620248e-006 1.577116e-003
59 3.558659e-005 4.713454e-003
60 3.001920e-006 2.050386e-003
61 1.035771e-005 3.295553e-003
62 2.133874e-006 1.144157e-003
63 3.258122e-005 3.638857e-003
64 6.383465e-005 4.998001e-003
65 8.054150e-006 1.746972e-003
66 8.899209e-006 2.143808e-003
67 4.026690e-005 2.713511e-003
68 3.578412e-005 3.935804e-003
69 4.341407e-005 2.691308e-003
70 3.525847e-004 9.697399e-003
71 1.807254e-005 3.938199e-003
72 2.687880e-005 2.810536e-003
73 1.502324e-005 2.199246e-003
74 3.292580e-005 4.659248e-003
75 1.522750e-005 2.219520e-003
76 1.213027e-005 3.283139e-003
77 7.310073e-006 3.432835e-003
78 1.748655e-004 5.947368e-003
79 4.731919e-005 3.431025e-003
80 3.249220e-004 9.642595e-003
81 5.375474e-006 2.325605e-003
82 1.432608e-004 3.414918e-003
83 8.993788e-006 1.846776e-003
84 5.636766e-005 4.276624e-003
85 5.352795e-005 4.624410e-003
86 3.918717e-005 3.739113e-003
87 1.464423e-004 4.263191e-003
88 9.385472e-006 2.449927e-003
89 5.325157e-005 3.342759e-003
90 2.460295e-004 1.324655e-002
91 2.372023e-005 1.953201e-003
92 1.850317e-004 6.077518e-003
93 5.076395e-005 3.072467e-003
94 3.242478e-005 3.681657e-003
95 3.293459e-005 3.669300e-003
96 2.530155e-005 2.124610e-003
97 7.534536e-005 7.989732e-003
98 5.075795e-005 2.696289e-003
99 1.524001e-003 2.219527e-002
100 1.327042e-003 2.369076e-002
101 6.095097e-004 1.654939e-002
102 1.334109e-005 1.776743e-003
103 1.826832e-004 7.832229e-003
104 2.743044e-004 1.928805e-002
105 1.161785e-004 6.529007e-003
106 1.470698e-004 3.944177e-003
107 7.894061e-005 7.332268e-003
108 3.903640e-004 1.524241e-002
109 2.492429e-004 3.757628e-003
110 1.505511e-005 2.023107e-003
111 7.726688e-005 2.786007e-003
112 2.114288e-004 6.040673e-003
113 4.653798e-004 9.238292e-003
114 2.894330e-004 4.509583e-003
115 6.453772e-005 4.961286e-003
116 1.624947e-004 9.101474e-003
117 4.265382e-005 2.161393e-003
118 2.828096e-005 2.784282e-003
119 2.089324e-004 6.112372e-003
120 6.086445e-005 4.330699e-003
121 5.272519e-005 4.024095e-003
122 4.287935e-005 2.444865e-003
123 1.909101e-004 6.784485e-003
124 4.169254e-005 2.118083e-003
125 1.056172e-003 1.452262e-002
126 1.658233e-005 3.387843e-003
127 1.167280e-004 7.926058e-003
128 2.008785e-003 5.978646e-002
129 7.288253e-004 1.483148e-002
130 4.006241e-004 1.451073e-002
131 6.235261e-004 1.172524e-002
132 2.765454e-004 4.777237e-003
133 1.460875e-003 2.629686e-002
134 4.200587e-005 2.631500e-003
135 1.558316e-004 1.106770e-002
136 5.079580e-006 2.041669e-003
137 9.882841e-005 4.393063e-003
138 2.752995e-005 2.482191e-003
139 3.205546e-005 3.110399e-003
140 1.799785e-004 6.325455e-003
141 8.319281e-005 3.761079e-003
142 2.609756e-004 4.910119e-003
143 1.472153e-003 3.250031e-002
144 1.484947e-004 9.183655e-003
145 3.401456e-004 8.360723e-003
146 2.257645e-004 4.007175e-003
147 1.600978e-004 4.119156e-003
148 2.845237e-005 2.777900e-003
149 3.912690e-004 1.444704e-002
150 4.695332e-004 1.838194e-002
151 2.738229e-004 8.923418e-003
152 8.029009e-004 1.313785e-002
153 1.441828e-004 4.146847e-003
154 9.727825e-005 5.197092e-003
155 1.238769e-005 1.558058e-003
156 4.316655e-005 2.523588e-003
157 5.983260e-005 3.374691e-003
158 2.326019e-005 3.557261e-003
159 2.025101e-004 5.062834e-003
160 1.272603e-004 5.451639e-003
161 3.728299e-005 1.816906e-003
162 7.694803e-005 2.945945e-003
163 3.698233e-005 1.769218e-003
164 2.594240e-005 2.349740e-003
165 6.003062e-006 1.217556e-003
166 1.012704e-005 1.277106e-003
167 5.694865e-005 3.462860e-003
168 2.735386e-005 2.472434e-003
169 6.833293e-005 2.556188e-003
170 1.069882e-005 1.368036e-003
171 1.664539e-004 4.316945e-003
172 8.356130e-004 1.839496e-002
173 1.247572e-004 8.329649e-003
174 8.232817e-004 1.651836e-002
175 3.387444e-006 1.123202e-003
176 8.339423e-005 3.435058e-003
177 3.362953e-005 2.713524e-003
178 8.127074e-005 5.991625e-003
179 7.499369e-005 5.788326e-003
180 5.778396e-006 1.167017e-003
181 4.895794e-004 4.213984e-002
182 7.181141e-005 6.020697e-003
183 8.479319e-005 4.401912e-003
184 4.028534e-005 3.971667e-003
185 6.685304e-006 1.345303e-003
186 2.433317e-004 1.075852e-002
187 3.810367e-003 7.043235e-002
188 2.165975e-004 7.417098e-003
189 5.148421e-005 2.992916e-003
190 5.579054e-005 3.150626e-003
191 7.103553e-005 5.488154e-003
192 5.648941e-005 3.340815e-003
193 5.748678e-005 3.331842e-003
194 5.648941e-005 3.340815e-003
195 8.039866e-005 2.999455e-003
196 4.694667e-005 3.079303e-003
197 2.079779e-004 7.455761e-003
198 9.449315e-005 3.840393e-003
199 1.966334e-004 5.970375e-003
200 4.011405e-004 1.253692e-002
201 3.850756e-004 1.228591e-002
202 7.171439e-005 5.024336e-003
203 7.451276e-004 1.450841e-002
204 1.948233e-005 2.697768e-003
205 1.375080e-004 7.603020e-003
206 6.851961e-005 4.842592e-003
207 3.119521e-004 1.865907e-002
208 8.992506e-004 1.784437e-002
209 3.403666e-004 5.859846e-003
210 5.843333e-004 2.163754e-002
211 3.209288e-004 8.544669e-003
212 4.959579e-005 2.968733e-003
213 7.300391e-005 2.502628e-003
214 1.218912e-004 5.574140e-003
215 1.874910e-004 6.410088e-003
216 5.274051e-004 8.903628e-003
217 1.200183e-005 1.422902e-003
218 2.771929e-005 3.102832e-003
219 1.140667e-005 1.381199e-003
220 2.090641e-003 4.769601e-002
221 3.473048e-005 3.608241e-003
222 9.691417e-005 5.642891e-003
223 7.560699e-005 3.197118e-003
224 2.170746e-005 1.800575e-003
225 2.934773e-005 2.678867e-003
226 9.420041e-005 4.719317e-003
227 5.126911e-005 3.131733e-003
228 7.566352e-005 2.672858e-003
229 8.655084e-005 8.895415e-003
230 1.830055e-003 5.048933e-002
231 2.230212e-005 1.849378e-003
232 2.488492e-003 3.020546e-002
233 4.680568e-005 7.105785e-003
234 1.291430e-005 1.701543e-003
235 7.276827e-005 6.467046e-003
236 3.717397e-005 4.111434e-003
237 4.239779e-004 1.519685e-002
238 3.124915e-005 3.744786e-003
239 3.936455e-005 2.088339e-003
240 3.672711e-004 3.395380e-002
241 2.132067e-003 4.451233e-002
242 1.280587e-004 8.777754e-003
243 2.864179e-005 3.011956e-003
244 1.021811e-005 1.186776e-003
245 3.211119e-006 1.085211e-003
246 6.831250e-004 1.366895e-002
247 9.747447e-005 4.318638e-003
248 1.589540e-003 3.241157e-002
249 7.356852e-004 1.341112e-002
250 2.302953e-004 1.124362e-002
251 3.387444e-006 1.123202e-003
252 1.284749e-004 6.376948e-003
253 2.593002e-005 2.356482e-003
254 4.587198e-005 7.363520e-003
255 4.090098e-005 5.299653e-003
256 1.559766e-005 2.157410e-003
257 1.319630e-005 3.265690e-003
258 5.505732e-004 2.368143e-002
259 6.057049e-006 1.144751e-003
260 1.096870e-004 6.458196e-003
261 4.176516e-005 2.018920e-003
262 1.052289e-005 1.173842e-003
263 1.949037e-005 1.315827e-003
264 3.044783e-004 1.903147e-002
265 6.770372e-004 3.078432e-002
266 9.376156e-005 4.324819e-003
267 3.852832e-004 1.023205e-002
268 1.215077e-005 3.614616e-003
269 5.172520e-004 7.929560e-003
270 1.859223e-005 3.076354e-003
271 1.510920e-004 8.843949e-003
272 5.766644e-005 3.240207e-003
273 1.204917e-003 2.979831e-002
274 7.884092e-006 1.744620e-003
275 1.647870e-004 1.060025e-002
276 1.436121e-004 9.968187e-003
277 2.641071e-005 2.740502e-003
278 1.566017e-004 1.210315e-002
279 4.659810e-005 2.810571e-003
280 3.266906e-004 1.753819e-002
281 3.926183e-004 1.241617e-002
282 1.964112e-005 1.362114e-003
283 5.878270e-005 5.280664e-003
284 3.658403e-005 3.889630e-003
285 1.327887e-004 3.485500e-003
286 9.031869e-005 3.368398e-003
287 3.852020e-005 3.755851e-003
288 7.704124e-006 1.762973e-003
289 1.597807e-004 5.127722e-003
290 4.146779e-006 1.338737e-003
291 1.424840e-004 3.846853e-003
292 1.264484e-003 1.636630e-002
293 4.116799e-005 3.960236e-003
294 4.725089e-005 2.633547e-003
295 1.832291e-004 1.187652e-002
296 2.756273e-003 2.896323e-002
297 1.887134e-004 6.605368e-003
298 9.060657e-005 3.644698e-003
299 1.282626e-005 3.166736e-003
300 2.203915e-004 7.031220e-003
301 2.284558e-004 7.367639e-003
302 3.497077e-005 1.629722e-003
303 2.433097e-004 1.409136e-002
304 9.810305e-005 6.550082e-003
305 1.552770e-005 2.228349e-003
306 1.278129e-005 1.638564e-003
307 1.699204e-004 1.161889e-002
308 1.218731e-004 7.602040e-003
309 1.236662e-003 2.481991e-002
310 1.208158e-004 5.731448e-003
311 8.445486e-005 3.513509e-003
312 3.237194e-005 1.855032e-003
313 1.137219e-003 1.848306e-002
314 1.689657e-005 1.213470e-003
315 3.754645e-005 4.077465e-003
316 2.340063e-004 1.422600e-002
317 3.046746e-004 1.323562e-002
318 3.594106e-004 1.269866e-002
319 4.291792e-004 1.803598e-002
320 3.134340e-004 7.179061e-003
321 8.799643e-004 9.942331e-002
322 4.774698e-005 5.612208e-003
323 1.744987e-004 5.752916e-003
324 8.317634e-005 3.240270e-003
325 4.647470e-005 2.846252e-003
326 2.834767e-004 1.496315e-002
327 1.481272e-003 2.897533e-002
328 4.536565e-004 1.610399e-002
329 2.419223e-004 8.287477e-003
330 6.376879e-005 4.513871e-003
331 2.126316e-004 5.784036e-003
332 6.825872e-004 1.466456e-002
333 8.688374e-005 8.226320e-003
334 4.590171e-004 2.128158e-002
335 2.283390e-005 1.623292e-003
336 2.079677e-005 1.524090e-003
337 1.841962e-005 2.982921e-003
338 1.425362e-004 6.712499e-003
339 2.848539e-004 1.098589e-002
340 1.335743e-004 6.440988e-003
341 2.969102e-005 2.698975e-003
342 3.338431e-005 2.301904e-003
343 2.864542e-004 1.312693e-002
344 1.808987e-005 2.923265e-003
345 3.937038e-004 1.018928e-002
346 6.925292e-004 1.448580e-002
347 2.587439e-005 2.614660e-003
348 1.271927e-004 7.435734e-003
349 3.102610e-005 3.085397e-003
350 1.362344e-005 1.789317e-003
351 2.875869e-003 3.680913e-002
352 8.317188e-004 1.981571e-002
353 3.387444e-006 1.123202e-003
354 1.281330e-003 2.112627e-002
355 1.303653e-004 7.468416e-003
356 2.450672e-004 1.359641e-002
357 5.499951e-004 2.432116e-002
358 2.377783e-005 1.965568e-003
359 1.076699e-004 1.978385e-003
360 3.336650e-005 4.937854e-003
361 8.590517e-004 2.242221e-002
362 1.801815e-004 4.144029e-003
363 4.672516e-004 1.280669e-002
364 5.739591e-004 1.158229e-002
365 1.819413e-004 1.248315e-002
366 3.176390e-005 3.616440e-003
367 1.118967e-004 5.648324e-003
368 6.747374e-005 4.344409e-003
369 3.561325e-005 4.515430e-003
370 1.143784e-004 6.297690e-003
371 4.558215e-004 1.625926e-002
372 8.161789e-004 1.712448e-002
373 2.169841e-004 1.908377e-002
374 9.948727e-005 4.067921e-003
375 2.214811e-006 1.155684e-003
376 2.871283e-005 2.308677e-003
377 6.400158e-004 1.510716e-002
378 6.530210e-005 4.029538e-003
379 1.790795e-005 1.311734e-003
380 1.023129e-004 5.029722e-003
381 6.525516e-004 1.536940e-002
382 8.785082e-005 4.336923e-003
383 2.593204e-003 3.815060e-002
384 1.066460e-004 4.796738e-003
385 1.612690e-003 3.338488e-002
386 2.507994e-005 2.110319e-003
387 2.503831e-005 2.331714e-003
388 2.570712e-005 2.414669e-003
389 9.900160e-005 4.031631e-003
390 3.246412e-005 4.018098e-003
391 4.456563e-005 2.818998e-003
392 3.399890e-004 8.013398e-003
393 9.133537e-006 2.014759e-003
394 2.503944e-003 5.708080e-002
395 9.814524e-006 1.230985e-003
396 1.912162e-004 6.100618e-003
397 2.152270e-004 7.324970e-003
398 2.551295e-005 1.935858e-003
399 9.286172e-005 3.534579e-003
400 3.168050e-003 1.041169e-001
401 1.112542e-004 5.266028e-003
402 2.194073e-003 4.620358e-002
403 1.615697e-004 9.560005e-003
404 9.315315e-005 1.049616e-002
405 1.589261e-005 2.508682e-003
406 1.294846e-003 4.491100e-002
407 8.580818e-004 2.108129e-002
408 1.353637e-003 2.852422e-002
409 6.124790e-004 1.436933e-002
410 4.024303e-004 7.426186e-003
411 6.895340e-005 4.357682e-003
412 1.839577e-004 6.287917e-003
413 9.122683e-004 1.882474e-002
414 9.069437e-005 3.447318e-003
415 7.606090e-006 1.437442e-003
416 8.069162e-004 3.413552e-002
417 1.012704e-005 1.277106e-003
418 7.725724e-005 3.471828e-003
419 1.141477e-003 2.149619e-002
420 6.540960e-005 4.911790e-003
421 2.443440e-005 2.137248e-003
422 3.040450e-004 1.378604e-002
423 3.942609e-005 2.086790e-003
424 1.280919e-004 6.974228e-003
425 7.503291e-005 6.241286e-003
426 2.127333e-005 1.556752e-003
427 7.062559e-004 4.041816e-002
428 7.156053e-005 5.701704e-003
429 8.519104e-004 1.982670e-002
430 6.607083e-006 1.190431e-003
431 3.251511e-005 3.447961e-003
432 5.270766e-004 1.944405e-002
433 3.317185e-006 1.106994e-003
434 4.456563e-005 2.818998e-003
435 3.749762e-005 3.566752e-003
436 1.631087e-005 1.998949e-003
437 2.699631e-003 2.504120e-002
438 9.009511e-005 3.671163e-003
439 2.945598e-005 3.195440e-003
440 2.116162e-005 3.675512e-003
441 2.209915e-004 8.629658e-003
442 5.552443e-005 3.399198e-003
443 1.665751e-005 3.138482e-003
444 1.999978e-004 7.001446e-003
445 6.071348e-004 3.709675e-002
446 2.135014e-004 5.933624e-003
447 2.072348e-005 1.487004e-003
448 2.191131e-005 1.798473e-003
449 1.409411e-005 1.912863e-003
450 1.012046e-005 2.688575e-003
451 5.698952e-006 1.087852e-003
452 4.177165e-005 3.890508e-003
453 2.837699e-005 2.167712e-003
454 2.455015e-004 1.491453e-002
455 1.939875e-004 7.573191e-003
456 5.541840e-005 3.412383e-003
457 7.474518e-005 2.744891e-003
458 2.346818e-004 3.164359e-003
459 3.124657e-004 5.250851e-003
460 2.785852e-005 2.369717e-003
461 1.770272e-004 1.788766e-002
462 1.959583e-004 6.999977e-003
463 4.312378e-004 3.549244e-002
464 2.943291e-005 2.654316e-003
465 7.239161e-006 1.364042e-003
466 2.194202e-005 1.803696e-003
467 4.488297e-004 1.082431e-002
468 3.782471e-005 4.530646e-003
469 1.297821e-004 6.353536e-003
470 8.594732e-005 6.941386e-003
471 8.251421e-005 3.697272e-003
472 2.160369e-005 1.913402e-003
473 5.313340e-005 4.633835e-003
474 2.295355e-005 2.078733e-003
475 3.285784e-004 7.303394e-003
476 9.521106e-006 2.009022e-003
477 2.069156e-004 7.416608e-003
478 3.291353e-005 3.170839e-003
479 1.414880e-005 1.583582e-003
480 1.616916e-004 5.124441e-003
481 1.017898e-004 4.364532e-003
482 8.223200e-004 1.736673e-002
483 3.644301e-006 1.051945e-003
484 7.778772e-006 1.537764e-003
485 1.344690e-003 2.170299e-002
486 2.594294e-005 2.514281e-003
487 3.113610e-004 9.756969e-003
488 1.594740e-005 2.013205e-003
489 1.484655e-004 3.357914e-003
490 2.780671e-004 1.286130e-002
491 7.498306e-005 6.703371e-003
492 3.657200e-005 1.772758e-003
493 1.140667e-005 1.381199e-003
494 2.321773e-004 8.205862e-003
495 1.780753e-004 1.496394e-002
496 1.121855e-003 4.650554e-002
497 6.452260e-004 3.247814e-002
498 1.456032e-004 8.559554e-003
499 5.310366e-005 2.782764e-003
500 7.303749e-005 5.964940e-003
501 1.032101e-003 3.736905e-002
502 1.516757e-004 7.149304e-003
503 2.784345e-004 5.680719e-003
504 1.030439e-003 3.470766e-002
505 2.762347e-005 2.753419e-003
506 8.868226e-005 5.354597e-003
507 1.182555e-004 5.295398e-003
508 2.630456e-005 1.942891e-003
509 2.823077e-003 4.324692e-002
510 1.348390e-004 6.766877e-003
511 3.269402e-005 2.878235e-003
512 1.187458e-005 1.446765e-003
513 3.408382e-004 8.774005e-003
514 2.632336e-004 1.321006e-002
515 5.993552e-004 1.087086e-002
516 1.395969e-004 7.828365e-003
517 4.025683e-005 2.321182e-003
518 3.160373e-005 2.558434e-003
519 1.341423e-004 3.820513e-003
520 6.885136e-006 1.371786e-003
521 1.012872e-004 4.147805e-003
522 1.651884e-005 2.511522e-003
523 7.861744e-005 4.616606e-003
524 9.002113e-005 3.882477e-003
525 2.334699e-004 7.757404e-003
526 1.409963e-004 4.329871e-003
527 3.561468e-004 7.821468e-003
528 6.159903e-005 5.143815e-003
529 1.281499e-004 8.336340e-003
530 4.777054e-005 2.729768e-003
531 4.611066e-006 1.492022e-003
532 1.025638e-004 4.901876e-003
533 2.070266e-005 1.606067e-003
534 5.650344e-004 1.388888e-002
535 1.103277e-003 3.641315e-002
536 2.704644e-004 1.557968e-002
537 1.265399e-003 5.600148e-002
538 1.048680e-003 2.639650e-002
539 3.041282e-004 2.141866e-002
540 4.640284e-004 1.661295e-002
541 9.699076e-004 2.477449e-002
542 1.764533e-005 7.214528e-003
543 1.152309e-005 1.410927e-003
544 2.137375e-004 7.502819e-003
545 1.094313e-004 4.968173e-003
546 1.307122e-004 6.313126e-003
547 4.508140e-004 8.993696e-003
548 1.398072e-004 7.723838e-003
549 2.344511e-004 1.048220e-002
550 6.187398e-005 4.844236e-003
551 9.349122e-005 3.872733e-003
552 2.184582e-005 1.624810e-003
553 4.098347e-005 4.148699e-003
554 1.941564e-005 2.586920e-003
555 9.516075e-004 2.384119e-002
556 3.011430e-005 3.578617e-003
557 2.008555e-004 4.497556e-003
558 4.817644e-005 3.084407e-003
559 1.582755e-004 7.386624e-003
560 1.756574e-005 2.556088e-003
561 4.332542e-004 2.199270e-002
562 6.168253e-006 1.267340e-003
563 4.735523e-003 1.005543e-001
564 9.299458e-004 3.155512e-002
565 1.278684e-005 1.702751e-003
566 1.056500e-004 4.403342e-003
567 2.432721e-004 9.002784e-003
568 2.149254e-004 8.067453e-003
569 6.775669e-005 2.422043e-003
570 1.699180e-004 1.025423e-002
571 1.064276e-004 4.653711e-003
572 3.592677e-004 1.856539e-002
573 2.235398e-004 8.943159e-003
574 2.195821e-005 2.057291e-003
575 2.721134e-005 2.628529e-003
576 5.694865e-005 3.462860e-003
577 1.832588e-005 2.355813e-003
578 1.994552e-005 2.829967e-003
579 4.979288e-005 2.953778e-003
580 6.174832e-005 4.389774e-003
581 1.752933e-004 1.161389e-002
582 9.225793e-005 4.477187e-003
583 1.644291e-003 5.832169e-002
584 2.168763e-004 7.586129e-003
585 4.320189e-004 1.240178e-002
586 1.980575e-004 6.854227e-003
587 8.601757e-005 5.269678e-003
588 8.541442e-004 1.953192e-002
589 1.162474e-004 2.434527e-003
590 1.708662e-004 4.563292e-003
591 1.961055e-004 8.462761e-003
592 1.492769e-003 2.641124e-002
593 9.900160e-005 4.031631e-003
594 4.308369e-004 1.499441e-002
595 2.251061e-005 3.394288e-003
596 5.630763e-006 1.146274e-003
597 9.868303e-006 1.240751e-003
598 1.955620e-004 5.178064e-003
599 1.093548e-004 4.021949e-003
600 2.871283e-005 2.308677e-003
601 4.072837e-005 2.191756e-003
602 3.915562e-005 2.074589e-003
603 7.973954e-005 7.864974e-003
604 1.291430e-005 1.701543e-003
605 9.908567e-005 5.096401e-003
606 1.116929e-004 5.339068e-003
607 3.215370e-005 3.521669e-003
608 2.341460e-005 2.061285e-003
609 1.101862e-004 5.197240e-003
610 1.136029e-004 4.249640e-003
611 1.674158e-005 2.107350e-003
612 3.099050e-004 1.265112e-002
613 3.384451e-005 3.345908e-003
614 8.177554e-005 2.503381e-003
615 2.372394e-005 4.021991e-003
616 4.419372e-005 2.600248e-003
617 9.087544e-005 8.431844e-003
618 1.211401e-004 4.865103e-003
619 3.778228e-005 2.017026e-003
620 1.751948e-005 2.736932e-003
621 7.482797e-006 1.870556e-003
622 1.298890e-004 4.164527e-003
623 4.680684e-005 2.618280e-003
624 3.631556e-005 1.554788e-003
625 8.050923e-005 4.277235e-003
626 2.577551e-005 2.549933e-003
627 2.431477e-005 2.180652e-003
628 4.182048e-005 2.332526e-003
629 8.461769e-006 1.026525e-003
630 4.994333e-005 1.554058e-003
631 3.691086e-005 2.343946e-003
632 3.291833e-006 1.029384e-003
633 4.535037e-004 1.385764e-002
634 7.401325e-005 2.434679e-003
635 8.000128e-005 6.607692e-003
636 3.926091e-004 9.351074e-003
637 1.830007e-004 6.661923e-003
638 1.452520e-005 1.805754e-003
639 7.033534e-006 1.411514e-003
640 2.545641e-005 2.041636e-003
641 6.657637e-006 1.328882e-003
642 5.216494e-005 3.400559e-003
643 1.437533e-003 3.819926e-002
644 3.443332e-004 9.714726e-003
645 1.287141e-004 7.206480e-003
646 4.956658e-005 3.068096e-003
647 1.790795e-005 1.311734e-003
648 1.642592e-004 4.970837e-003
649 1.132658e-003 1.768890e-002
650 3.734662e-005 1.836814e-003
651 7.683125e-005 6.451906e-003
652 3.389259e-004 9.277233e-003
653 3.869427e-005 3.958456e-003
654 1.514162e-005 1.921747e-003
655 6.187234e-005 4.366703e-003
656 1.922967e-005 1.465922e-003
657 4.256420e-005 2.712443e-003
658 8.542891e-005 3.272475e-003
659 3.726314e-005 3.854826e-003
660 1.410213e-004 8.747095e-003
661 5.819473e-005 3.186305e-003
662 7.702078e-005 1.865956e-002
663 2.324780e-003 2.856385e-002
664 1.867577e-004 8.703161e-003
665 1.133134e-004 6.237354e-003
666 6.202030e-005 5.299993e-003
667 1.096206e-005 1.178004e-003
668 2.114956e-004 5.920838e-003
669 4.574453e-004 1.369681e-002
670 7.576842e-005 5.574631e-003
671 2.682816e-004 4.523389e-003
672 3.795401e-004 1.047552e-002
673 1.153769e-004 4.975701e-003
674 1.182183e-005 1.368163e-003
675 3.894428e-004 1.139951e-002
676 8.485390e-006 1.871906e-003
677 2.405697e-006 1.287029e-003
678 2.650834e-005 2.574124e-003
679 4.395648e-004 1.384637e-002
680 1.589807e-004 4.540912e-003
681 1.687141e-004 5.212030e-003
682 5.217341e-005 3.639642e-003
683 3.033802e-004 1.197685e-002
684 6.656285e-005 5.579894e-003
685 9.627115e-006 1.968748e-003
686 2.152270e-004 7.324970e-003
687 2.471327e-003 5.378105e-002
688 2.068082e-004 6.098306e-003
689 1.999638e-004 4.736401e-003
690 2.123321e-005 1.534687e-003
691 1.751336e-004 9.662348e-003
692 3.396927e-005 1.545848e-003
693 1.674525e-004 5.052345e-003
694 2.553045e-004 8.714089e-003
695 3.032044e-004 1.127779e-002
696 1.589484e-003 3.649607e-002
697 4.114197e-005 4.677650e-003
698 1.109524e-003 3.722398e-002
699 6.542664e-006 1.321843e-003
700 6.194380e-004 2.274097e-002
701 4.744170e-005 3.170036e-003
702 3.387444e-006 1.123202e-003
703 1.724647e-005 2.561599e-003
704 5.990122e-006 1.134785e-003
705 2.058596e-004 5.099515e-003
706 1.021811e-005 1.186776e-003
707 1.118918e-004 4.302217e-003
708 3.974100e-005 4.467315e-003
709 1.751900e-005 2.269585e-003
710 2.355112e-005 2.222095e-003
711 6.276714e-006 1.086682e-003
712 5.374442e-005 2.795041e-003
713 4.519507e-005 2.398681e-003
714 1.024887e-005 2.290614e-003
715 6.492546e-005 5.174579e-003
716 6.571343e-005 4.265429e-003
717 3.851249e-005 2.237131e-003
718 1.064735e-005 2.418308e-003
719 7.326736e-004 3.571726e-002
720 4.410562e-006 1.106775e-003
721 1.141747e-005 1.213873e-003
722 1.613096e-005 2.493008e-003
723 1.732566e-004 5.360292e-003
724 1.412360e-005 1.732526e-003
725 1.215465e-005 1.228816e-003
726 2.410461e-004 6.958987e-003
727 5.735941e-005 3.249725e-003
728 5.605686e-005 2.750298e-003
729 4.372725e-005 5.372257e-003
730 1.072978e-005 1.393287e-003
731 1.026555e-003 1.557358e-002
732 6.735446e-006 1.256412e-003
733 1.009184e-006 9.006878e-004
734 1.633745e-005 2.316738e-003
735 4.495575e-005 2.305049e-003
736 4.371266e-005 4.860859e-003
737 6.912041e-006 1.270785e-003
738 3.659868e-004 1.023294e-002
739 2.419687e-005 1.883039e-003
740 8.006587e-005 5.049791e-003
741 5.949528e-005 4.795096e-003
742 5.580550e-005 4.001210e-003
743 7.534667e-004 1.758148e-002
744 1.531854e-005 2.065935e-003
745 2.308005e-005 1.774608e-003
746 6.287403e-005 2.105640e-003
747 5.987222e-005 3.830856e-003
748 2.454581e-004 6.438504e-003
749 1.275296e-003 1.687164e-002
750 1.506649e-005 2.077710e-003
751 1.085637e-004 5.458023e-003
752 1.165688e-005 1.510469e-003
753 2.265995e-005 1.962023e-003
754 3.188074e-004 1.767999e-002
755 2.901696e-005 3.096853e-003
756 4.028893e-005 2.228838e-003
757 5.913379e-006 1.153251e-003
758 9.502094e-005 5.446658e-003
759 1.635631e-005 1.186268e-003
760 6.522477e-006 1.503224e-003
761 2.973435e-005 3.491660e-003
762 5.112730e-005 2.831810e-003
763 2.138157e-005 1.603222e-003
764 7.090028e-005 5.889686e-003
765 8.976506e-005 9.196360e-003
766 4.845833e-005 2.752893e-003
767 4.828683e-005 3.819297e-003
768 8.039866e-005 2.999455e-003
769 5.323115e-005 4.027889e-003
770 1.638522e-004 6.263892e-003
771 1.358830e-005 1.893076e-003
772 7.180784e-006 1.320006e-003
773 2.089866e-004 6.158728e-003
774 9.656701e-006 1.179588e-003
775 3.619963e-005 3.922898e-003
776 2.190962e-004 3.849642e-003
777 3.887361e-005 1.956688e-003
778 1.964996e-004 9.792205e-003
779 4.682329e-004 9.155247e-003
780 4.735982e-005 6.538908e-003
781 9.023852e-005 3.214790e-003
782 1.875119e-005 1.425273e-003
783 3.792729e-005 3.318894e-003
784 3.992898e-005 4.632621e-003
785 6.042403e-005 1.960848e-003
786 9.235329e-005 1.054662e-002
787 8.695643e-005 3.627915e-003
788 6.909696e-005 2.505868e-003
789 5.769579e-006 1.111651e-003
790 1.269607e-004 6.255621e-003
791 4.449142e-005 3.148492e-003
792 4.066386e-005 2.372741e-003
793 5.399710e-005 3.097316e-003
794 4.165536e-005 1.993219e-003
795 2.589492e-003 6.423714e-002
796 1.905277e-005 2.595535e-003
797 3.653840e-004 1.299481e-002
798 2.036193e-004 7.929281e-003
799 2.706076e-005 2.511324e-003
800 7.124718e-005 2.257953e-003
801 1.972897e-005 1.456999e-003
802 7.152198e-004 1.782014e-002
803 3.276165e-004 9.018269e-003
804 3.215032e-005 3.403812e-003
805 2.826528e-005 2.504186e-003
806 2.031352e-004 7.100821e-003
807 2.915261e-004 2.115032e-002
808 9.509637e-006 1.584686e-003
809 2.902954e-004 6.345616e-003
810 5.660909e-005 3.210253e-003
811 1.343601e-004 3.174366e-003
812 4.459037e-005 4.703810e-003
813 4.047899e-005 4.399343e-003
814 4.980484e-005 6.344621e-003
815 1.777323e-004 3.561350e-003
816 9.379541e-005 4.243466e-003
817 7.765033e-004 1.777300e-002
818 2.202957e-005 1.809051e-003
819 4.261989e-004 1.719787e-002
820 1.467538e-004 4.493718e-003
821 2.936238e-004 1.174427e-002
822 1.672718e-005 3.235566e-003
823 8.441298e-005 3.545370e-003
824 2.411246e-004 5.085182e-003
825 1.866005e-004 5.491932e-003
826 4.303307e-005 2.897422e-003
827 9.851068e-006 2.955524e-003
828 1.562353e-004 5.819164e-003
829 5.885782e-005 4.546070e-003
830 1.908570e-004 2.977285e-002
831 6.836308e-005 2.202032e-003
832 3.540384e-005 1.435435e-003
833 2.112899e-004 8.038798e-003
834 2.202561e-004 9.075631e-003
835 1.388752e-005 1.751731e-003
836 1.686082e-006 9.201705e-004
837 1.413557e-004 8.323013e-003
838 2.575972e-005 1.810067e-003
839 1.315866e-004 7.996923e-003
840 4.464918e-004 1.191773e-002
841 3.794045e-005 4.626042e-003
842 1.397787e-003 4.327224e-002
843 9.740300e-005 4.311827e-003
844 4.708976e-004 1.349635e-002
845 2.637039e-004 1.071533e-002
846 8.165704e-005 3.497456e-003
847 3.975682e-005 4.530990e-003
848 6.520198e-004 2.903976e-002
849 3.180207e-005 4.024904e-003
850 8.443359e-004 4.912330e-002
851 2.390683e-005 4.590019e-003
852 7.510126e-004 2.079055e-002
853 3.362130e-004 2.080708e-002
854 8.969440e-004 2.054994e-002
855 1.909776e-003 2.662175e-002
856 7.199404e-005 6.258581e-003
857 5.044269e-004 1.700724e-002
858 1.110649e-004 1.034052e-002
859 1.161741e-005 3.141095e-003
860 2.260555e-004 8.173418e-003
861 4.672630e-006 1.501238e-003
862 2.567996e-004 9.281207e-003
863 5.329983e-005 3.549071e-003
864 4.354947e-005 5.224674e-003
865 2.782672e-004 1.265130e-002
866 4.230809e-004 1.580400e-002
867 2.650423e-004 2.542503e-002
868 1.235595e-005 3.122803e-003
869 5.305963e-004 2.195685e-002
870 9.039513e-004 2.239296e-002
871 1.728960e-004 1.139751e-002
872 2.372454e-003 5.682912e-002
873 8.898356e-004 1.920193e-002
874 1.804167e-004 5.446102e-003
875 2.879997e-005 2.264668e-003
876 1.107026e-006 1.044672e-003
877 1.216942e-004 6.394504e-003
878 1.844257e-003 2.681051e-002
879 1.838500e-004 6.804344e-003
880 6.453370e-005 5.385231e-003
881 2.254602e-005 1.767666e-003
882 2.868496e-004 1.382048e-002
883 4.714492e-004 8.501012e-003
884 3.476918e-004 1.608190e-002
885 2.053164e-004 1.791373e-002
886 7.884197e-005 5.063901e-003
887 1.583508e-004 3.775538e-003
888 1.150302e-004 5.311647e-003
889 3.707478e-004 6.867515e-003
890 1.580093e-004 1.013473e-002
891 1.542057e-003 4.041363e-002
892 2.825973e-005 2.328147e-003
893 4.805268e-004 1.688650e-002
894 7.008254e-005 3.789239e-003
895 2.347933e-004 7.793079e-003
896 1.641671e-003 3.128425e-002
897 4.305119e-004 1.163864e-002
898 3.274477e-005 3.330454e-003
899 2.725980e-004 9.233340e-003
900 1.559761e-004 5.094989e-003
901 2.295146e-004 1.010160e-002
902 1.167321e-005 1.662066e-003
903 9.079973e-005 3.938305e-003
904 3.955467e-004 1.630986e-002
905 5.453286e-005 3.541207e-003
906 4.255413e-005 6.069934e-003
907 7.300989e-006 1.476337e-003
908 9.112480e-005 8.020689e-003
909 3.568644e-005 5.073262e-003
910 4.373491e-005 2.963728e-003
911 1.044127e-004 9.447517e-003
912 1.190816e-004 7.501566e-003
913 2.714212e-005 2.433024e-003
914 2.894721e-005 6.738279e-003
915 1.309558e-004 6.734457e-003
916 2.297269e-005 2.215925e-003
917 9.833348e-006 2.193607e-003
918 9.047288e-006 2.278701e-003
919 3.928390e-004 2.632344e-002
920 4.810522e-005 5.719965e-003
921 1.492014e-005 1.655237e-003
922 1.409508e-004 6.262958e-003
923 2.758973e-005 4.710061e-003
924 9.301871e-004 1.939290e-002
925 3.020251e-004 9.224551e-003
926 1.192847e-004 6.366042e-003
927 7.718729e-004 2.506278e-002
928 7.992286e-004 2.447546e-002
929 2.786691e-004 9.083501e-003
930 3.167942e-004 1.720381e-002
931 7.869239e-005 7.133404e-003
932 1.337982e-004 7.641081e-003
933 1.510252e-005 2.333376e-003
934 2.571368e-005 3.964382e-003
935 2.575214e-005 2.571749e-003
936 3.719280e-004 5.624413e-003
937 7.555737e-005 4.883756e-003
938 8.343705e-006 1.586341e-003
939 4.107105e-005 4.041218e-003
940 1.101295e-003 2.220881e-002
941 1.386069e-005 1.686726e-003
942 4.673969e-004 5.918505e-003
943 1.166585e-004 1.286503e-002
944 5.078794e-006 1.870501e-003
945 6.263794e-005 3.320041e-003
946 1.447634e-005 1.851768e-003
947 1.141611e-004 1.187254e-002
948 4.548075e-006 1.433394e-003
949 1.371529e-004 6.766414e-003
950 3.477228e-004 1.604659e-002
951 5.743730e-004 1.230652e-002
952 1.535616e-004 1.138207e-002
953 9.273278e-006 2.254608e-003
954 3.257240e-004 1.585291e-002
955 2.714212e-005 2.433024e-003
956 2.367457e-005 2.227535e-003
957 1.314399e-004 5.981252e-003
958 6.473897e-005 3.678625e-003
959 1.271971e-004 6.328032e-003
960 9.279159e-006 2.246258e-003
961 6.989240e-005 5.905452e-003
962 1.464690e-004 7.863906e-003
963 2.594013e-005 2.518032e-003
964 1.174587e-005 1.315320e-003
965 5.723288e-005 3.223487e-003
966 1.824322e-005 2.754698e-003
967 2.170739e-005 3.408745e-003
968 6.035633e-005 1.855921e-003
969 2.187757e-004 2.987169e-003
970 5.824814e-005 3.954503e-003
971 2.556091e-005 4.778346e-003
972 1.458833e-004 8.510107e-003
973 3.959450e-005 1.724398e-003
974 4.045111e-005 1.771600e-003
975 2.690976e-004 4.065990e-003
976 1.087413e-004 5.840558e-003
977 1.868387e-005 2.940730e-003
978 2.374699e-004 4.584870e-003
979 2.195445e-005 1.537175e-003
980 1.647202e-004 4.072893e-003
981 2.539796e-004 4.801999e-003
982 5.502089e-006 1.081859e-003
983 2.833067e-005 2.289738e-003
984 2.589954e-004 7.261412e-003
985 5.756588e-004 2.633635e-002
986 7.614883e-004 1.301865e-002
987 3.973792e-005 4.623438e-003
988 1.945090e-005 1.570758e-003
989 8.892193e-005 4.321829e-003
990 2.197103e-005 1.487605e-003
991 1.093691e-003 2.154536e-002
992 4.483613e-005 2.820731e-003
993 7.623021e-005 6.850326e-003
994 6.896117e-006 1.260605e-003
995 2.189025e-004 9.609961e-003
996 6.535281e-004 1.773873e-002
997 6.381352e-005 4.116997e-003
998 8.602466e-006 2.246341e-003
999 1.309231e-004 6.344681e-003
1000 6.896117e-006 1.260605e-003
1001 7.305490e-005 6.675850e-003
1002 5.278336e-004 2.301085e-002
1003 1.027260e-004 3.724551e-003
1004 2.477158e-004 7.553453e-003
1005 5.584224e-006 1.141072e-003
1006 4.453906e-004 1.015251e-002
1007 1.696180e-005 2.180444e-003
1008 5.457604e-005 3.234221e-003
1009 1.890394e-005 1.404829e-003
1010 8.428198e-005 3.574061e-003
1011 1.161826e-004 1.249371e-002
1012 1.222077e-003 5.272486e-002
1013 4.321702e-005 5.999383e-003
1014 3.101810e-005 3.404215e-003
1015 3.477173e-004 8.990636e-003
1016 3.213485e-005 2.498615e-003
1017 5.709416e-005 1.752388e-003
1018 1.304752e-003 2.357275e-002
1019 8.098559e-006 1.632931e-003
1020 1.345189e-004 8.655981e-003
1021 1.307516e-004 5.884233e-003
1022 4.042682e-006 1.225517e-003
1023 3.398360e-004 7.432784e-003
1024 6.984641e-005 2.211591e-003
1025 1.096094e-005 1.333742e-003
1026 2.163712e-005 1.642988e-003
1027 8.626396e-005 5.522350e-003
1028 2.650757e-003 4.983671e-002
1029 1.493247e-005 2.528383e-003
1030 9.233566e-006 2.236809e-003
1031 1.024220e-004 4.365741e-003
1032 1.397184e-003 2.203308e-002
1033 1.002452e-005 1.222534e-003
1034 1.856501e-004 7.042459e-003
1035 8.173003e-005 3.578626e-003
1036 3.086560e-004 8.826801e-003
1037 1.152033e-005 2.814671e-003
1038 9.754232e-006 2.074092e-003
1039 8.139394e-005 3.081356e-003
1040 1.769937e-005 2.303296e-003
1041 6.767854e-004 1.344868e-002
1042 4.466491e-005 2.239802e-003
1043 3.387444e-006 1.123202e-003
1044 1.461643e-005 1.964524e-003
1045 1.519939e-005 1.874695e-003
1046 2.498951e-006 1.238721e-003
1047 5.709434e-006 1.099428e-003
1048 4.841051e-005 3.446201e-003
1049 3.347017e-006 1.070378e-003
1050 7.567671e-004 2.420163e-002
1051 4.235048e-004 1.819690e-002
1052 1.153390e-005 1.525527e-003
1053 8.957692e-005 3.747388e-003
1054 1.975241e-005 1.385606e-003
1055 3.347017e-006 1.070378e-003
1056 7.994755e-005 3.120135e-003
1057 1.419462e-004 3.570741e-003
1058 6.344589e-006 1.149195e-003
1059 1.951015e-004 5.398851e-003
1060 8.461769e-006 1.026525e-003
1061 1.435566e-005 1.098320e-003
1062 3.347017e-006 1.070378e-003
1063 1.771334e-004 1.604497e-002
1064 2.105737e-004 6.392502e-003
1065 4.764717e-006 1.675245e-003
1066 5.564782e-006 9.478971e-004
1067 2.181797e-004 3.766788e-003
1068 1.021811e-005 1.186776e-003
1069 2.017077e-005 1.420202e-003
1070 3.347017e-006 1.070378e-003
1071 1.021811e-005 1.186776e-003
1072 1.210093e-005 1.596952e-003
1073 1.892755e-006 1.063906e-003
1074 1.311120e-005 1.580420e-003
1075 4.575641e-005 2.540532e-003
1076 2.456828e-005 2.161421e-003
1077 4.595792e-005 2.863462e-003
1078 9.525578e-005 3.664029e-003
1079 3.449652e-005 1.746890e-003
1080 1.514635e-004 7.816501e-003
1081 1.673044e-004 8.743123e-003
1082 2.288447e-005 2.062481e-003
1083 1.549848e-005 1.772853e-003
1084 3.347017e-006 1.070378e-003
1085 3.387444e-006 1.123202e-003
1086 8.497621e-006 1.886817e-003
1087 6.591861e-006 1.180700e-003
1088 1.298507e-005 1.708905e-003
1089 5.990122e-006 1.134785e-003
1090 3.163122e-006 1.068024e-003
1091 5.778396e-006 1.167017e-003
1092 1.021811e-005 1.186776e-003
1093 1.637619e-004 5.643347e-003
1094 1.017282e-004 4.228388e-003
1095 8.874780e-006 1.742682e-003
1096 1.151857e-004 5.728281e-003
1097 1.358634e-004 1.720117e-002
1098 7.246578e-005 6.401012e-003
1099 1.813900e-005 2.674223e-003
1100 3.419517e-006 1.009800e-003
1101 2.378030e-004 9.722420e-003
1102 7.412750e-005 6.462240e-003
1103 1.077823e-005 2.580508e-003
1104 2.483763e-004 1.121012e-002
1105 1.521819e-005 1.828884e-003
1106 2.858438e-004 5.229270e-003
1107 2.434426e-005 1.917587e-003
1108 5.799555e-005 4.030265e-003
1109 5.263262e-006 1.682582e-003
1110 5.762320e-005 4.387175e-003
1111 2.071791e-005 1.556452e-003
1112 8.343746e-006 1.646710e-003
1113 1.443115e-004 7.742706e-003
1114 9.057341e-005 3.251939e-003
1115 4.335476e-004 4.992870e-003
1116 4.795404e-006 1.833426e-003
1117 3.389761e-004 7.359405e-003
1118 5.600050e-005 3.325349e-003
1119 2.393305e-004 1.250964e-002
1120 2.048190e-004 6.606402e-003
1121 1.751528e-005 2.649929e-003
1122 1.350580e-004 7.196029e-003
1123 1.761933e-005 2.238414e-003
1124 1.413021e-004 8.713619e-003
1125 1.232851e-005 2.744152e-003
1126 2.584841e-005 5.571178e-003
1127 2.359139e-005 3.797355e-003
1128 8.115882e-004 1.973951e-002
1129 1.581154e-005 2.343199e-003
1130 1.816802e-004 7.101139e-003
1131 2.812178e-004 6.481141e-003
1132 3.291715e-005 3.341953e-003
1133 1.124233e-005 1.405271e-003
1134 3.919413e-005 4.473932e-003
1135 9.074127e-005 3.244632e-003
1136 9.789846e-005 4.517518e-003
1137 3.327914e-004 8.575523e-003
1138 7.698256e-006 1.744778e-003
1139 3.098713e-005 2.358352e-003
1140 5.683408e-006 2.025701e-003
1141 5.391279e-005 2.966557e-003
1142 1.159059e-004 5.454834e-003
1143 5.725109e-004 2.847969e-002
1144 5.610582e-005 3.833192e-003
1145 1.716671e-004 5.586247e-003
1146 8.174977e-004 2.443255e-002
1147 2.601744e-004 1.315368e-002
1148 1.600457e-005 2.194307e-003
1149 3.361947e-004 7.222633e-003
1150 2.465080e-005 1.804770e-003
1151 1.671827e-004 5.376527e-003
1152 8.086342e-005 1.096340e-002
1153 7.309691e-005 4.138319e-003
1154 7.697230e-006 1.655501e-003
1155 2.637971e-004 6.067442e-003
1156 1.193252e-005 1.450322e-003
1157 1.187106e-004 6.310847e-003
1158 1.759239e-005 2.946818e-003
1159 7.170657e-006 1.414541e-003
1160 1.569950e-005 2.153126e-003
1161 2.025293e-004 7.314513e-003
1162 8.058993e-004 1.887933e-002
1163 1.467534e-005 1.900928e-003
1164 4.368679e-004 2.189657e-002
1165 7.277290e-004 2.747524e-002
1166 4.256598e-005 2.416472e-003
1167 3.545683e-004 1.222217e-002
1168 9.560732e-005 4.837468e-003
1169 6.309483e-005 5.505113e-003
1170 5.616224e-005 4.321984e-003
1171 7.340054e-005 5.976810e-003
1172 4.925804e-004 1.638300e-002
1173 1.892755e-006 1.063906e-003
1174 4.294805e-004 1.089970e-002
1175 5.153611e-005 3.565142e-003
1176 1.126815e-005 1.393410e-003
1177 3.060063e-004 1.151509e-002
1178 1.212793e-003 2.507537e-002
1179 6.387533e-005 5.800959e-003
1180 8.777181e-005 3.476283e-003
1181 1.021811e-005 1.186776e-003
1182 6.579010e-005 5.621144e-003
1183 1.664531e-004 4.994323e-003
1184 2.043863e-004 6.905957e-003
1185 2.419048e-004 5.899565e-003
1186 2.267386e-004 8.793881e-003
1187 5.195539e-005 1.550436e-003
1188 7.831684e-006 1.592415e-003
1189 3.831691e-005 1.521054e-003
1190 1.323155e-005 1.813683e-003
1191 1.502660e-005 1.915874e-003
1192 1.003752e-003 2.402077e-002
1193 2.579533e-005 2.750426e-003
1194 1.915124e-004 5.985504e-003
1195 1.293046e-004 7.305102e-003
1196 3.153344e-005 3.733025e-003
1197 2.539129e-005 2.420850e-003
1198 1.011500e-005 1.161257e-003
1199 1.534371e-004 9.883544e-003
1200 1.727507e-004 1.095608e-002
1201 1.960370e-006 1.073870e-003
1202 5.800415e-005 3.520825e-003
1203 3.947495e-004 1.174082e-002
1204 3.008208e-005 2.685975e-003
1205 5.474055e-006 1.870449e-003
1206 6.269931e-004 1.285174e-002
1207 3.011590e-005 2.406394e-003
1208 2.701025e-005 2.532032e-003
1209 8.379071e-004 9.532336e-003
1210 2.117672e-005 3.078472e-003
1211 1.955743e-004 5.665523e-003
1212 1.602053e-005 2.005929e-003
1213 2.711005e-005 2.714248e-003
1214 1.120685e-005 1.309783e-003
1215 1.519492e-005 1.847376e-003
1216 9.383429e-006 1.967748e-003
1217 8.206618e-004 1.464244e-002
1218 5.106574e-005 2.626614e-003
1219 2.834309e-005 2.175722e-003
1220 1.578047e-004 1.191122e-002
1221 2.144001e-004 8.506717e-003
1222 2.671405e-004 1.407947e-002
1223 2.459056e-004 9.666054e-003
1224 7.624827e-005 6.439867e-003
1225 2.098582e-005 1.445068e-003
1226 1.063100e-005 1.199372e-003
1227 6.921021e-005 2.628031e-003
1228 3.475270e-005 4.031815e-003
1229 1.150186e-004 5.119467e-003
1230 5.852123e-005 3.511497e-003
1231 4.576053e-004 1.279147e-002
1232 5.462334e-005 4.060296e-003
1233 1.153135e-004 4.599740e-003
1234 2.839045e-005 7.025719e-003
1235 9.753115e-004 1.608023e-002
1236 7.470975e-005 2.878601e-003
1237 2.807855e-003 2.849350e-002
1238 1.267972e-004 6.481738e-003
1239 5.414244e-005 3.900762e-003
1240 6.045209e-005 1.832115e-003
1241 1.377751e-005 1.698196e-003
1242 3.283590e-003 3.849924e-002
1243 1.307482e-004 8.140882e-003
1244 9.478199e-006 2.486584e-003
1245 7.856771e-005 2.941297e-003
1246 8.015426e-006 1.785779e-003
1247 1.594041e-005 2.919159e-003
1248 1.799048e-004 1.457635e-002
1249 1.614090e-004 5.119213e-003
1250 5.289609e-005 4.897647e-003
1251 8.120280e-005 3.327199e-003
1252 1.784351e-005 2.923582e-003
1253 9.216101e-004 2.450248e-002
1254 3.412192e-005 3.243796e-003
1255 9.431141e-005 4.435679e-003
1256 1.737774e-005 1.168421e-003
1257 1.248100e-003 1.661820e-002
1258 2.280108e-005 3.407385e-003
1259 1.816216e-004 7.147035e-003
1260 1.204111e-003 2.299396e-002
1261 3.861150e-005 2.239888e-003
1262 1.678397e-004 4.090159e-003
1263 6.562904e-004 1.642522e-002
1264 2.339831e-004 9.914021e-003
1265 1.121748e-004 5.565736e-003
1266 4.805413e-004 1.845798e-002
1267 2.116207e-004 7.432786e-003
1268 1.196485e-004 7.068904e-003
1269 1.169738e-004 5.811154e-003
1270 3.022275e-004 5.399538e-003
1271 1.908901e-004 6.875347e-003
1272 5.778396e-006 1.167017e-003
1273 1.270013e-004 7.781616e-003
1274 1.534265e-004 9.991268e-003
1275 1.417024e-004 7.166381e-003
1276 2.879973e-004 6.442055e-003
1277 3.533290e-004 5.708035e-003
1278 1.772512e-004 1.294318e-002
1279 2.145865e-005 1.674115e-003
1280 1.607293e-003 1.789051e-002
1281 4.072837e-005 2.191756e-003
1282 4.652268e-005 3.084306e-003
1283 1.796722e-004 1.275949e-002
1284 3.085659e-005 1.409450e-003
1285 1.761093e-004 5.201794e-003
1286 3.047352e-005 2.629916e-003
1287 1.655830e-004 3.980558e-003
1288 9.590127e-005 2.649322e-003
1289 6.951970e-005 4.915400e-003
1290 2.281586e-004 1.865707e-002
1291 7.231792e-005 2.709118e-003
1292 1.336368e-003 5.259981e-002
1293 1.490036e-005 2.767462e-003
1294 5.086704e-005 2.772077e-003
1295 2.955359e-005 2.201554e-003
1296 1.758609e-004 6.636561e-003
1297 3.016074e-004 1.601619e-002
1298 5.348534e-005 7.728337e-003
1299 3.209677e-005 1.550530e-003
1300 1.182463e-005 1.317571e-003
1301 2.735386e-005 2.472434e-003
1302 2.362702e-004 8.162517e-003
1303 7.172868e-005 5.166381e-003
1304 8.527741e-005 3.373575e-003
1305 2.185526e-004 9.856921e-003
1306 3.099997e-005 1.284724e-003
1307 4.847370e-005 2.650302e-003
1308 2.570567e-005 1.955311e-003
1309 2.463707e-004 1.784457e-002
1310 6.912041e-006 1.270785e-003
1311 1.384747e-003 1.875606e-002
1312 1.380843e-003 2.472236e-002
1313 6.850433e-006 1.346403e-003
1314 5.310651e-005 3.397908e-003
1315 2.288751e-005 1.955858e-003
1316 1.790795e-005 1.311734e-003
1317 1.156344e-005 1.134280e-003
1318 3.472684e-004 2.149056e-002
1319 8.862125e-004 1.672371e-002
1320 3.198275e-005 2.748500e-003
1321 7.815513e-005 6.535067e-003
1322 1.966346e-006 1.087488e-003
1323 1.790795e-005 1.311734e-003
1324 1.500477e-004 4.061170e-003
1325 1.284749e-004 6.376948e-003
1326 5.156289e-005 3.159631e-003
1327 1.670501e-004 7.210122e-003
1328 3.133522e-005 1.612661e-003
1329 6.660029e-005 4.363259e-003
1330 3.638767e-005 4.524134e-003
1331 2.110178e-005 1.511162e-003
1332 6.378728e-006 1.189621e-003
1333 2.163005e-005 1.549117e-003
1334 6.430122e-005 1.898516e-003
1335 1.339241e-004 5.984095e-003
1336 2.735386e-005 2.472434e-003
1337 2.681591e-005 2.235068e-003
1338 4.462942e-005 1.967993e-003
1339 8.692277e-005 4.080176e-003
1340 5.399710e-005 3.097316e-003
1341 4.190979e-004 9.147914e-003
1342 1.790795e-005 1.311734e-003
1343 1.790795e-005 1.311734e-003
1344 2.735386e-005 2.472434e-003
1345 1.572826e-004 1.009880e-002
1346 7.305909e-005 2.109827e-003
1347 1.048967e-005 1.130476e-003
1348 3.997829e-005 5.486509e-003
1349 1.884804e-003 4.511614e-002
1350 5.490520e-005 3.005399e-003
1351 7.699439e-005 2.769353e-003
1352 5.371624e-005 3.801647e-003
1353 9.684492e-005 4.527405e-003
1354 5.648941e-005 3.340815e-003
1355 5.415512e-005 3.257746e-003
1356 1.820054e-004 6.720810e-003
1357 7.477320e-005 3.682110e-003
1358 2.433252e-005 2.319805e-003
1359 1.193317e-005 1.470358e-003
1360 7.066963e-005 2.314480e-003
1361 5.707760e-005 3.574889e-003
1362 7.211677e-005 2.583305e-003
1363 7.893610e-005 3.172012e-003
1364 2.449369e-004 3.858573e-003
1365 3.459822e-005 3.508966e-003
1366 7.274284e-005 2.939176e-003
1367 1.049810e-005 1.220616e-003
1368 4.327239e-004 1.411297e-002
1369 9.484842e-006 2.383210e-003
1370 1.195674e-005 1.337245e-003
1371 1.891824e-004 5.491296e-003
1372 4.351161e-005 2.901499e-003
1373 3.315696e-005 1.635983e-003
1374 1.587340e-005 2.305415e-003
1375 5.767034e-005 3.270794e-003
1376 4.130532e-003 7.842314e-002
1377 1.045913e-004 4.545134e-003
1378 5.778396e-006 1.167017e-003
1379 1.707624e-005 1.209006e-003
1380 1.082317e-003 2.028991e-002
1381 2.735386e-005 2.472434e-003
1382 3.583564e-006 1.064130e-003
1383 1.927841e-004 6.459809e-003
1384 5.648941e-005 3.340815e-003
1385 5.648941e-005 3.340815e-003
1386 5.648941e-005 3.340815e-003
1387 5.700384e-005 3.377828e-003
1388 3.365422e-005 1.628236e-003
1389 6.869414e-005 1.822132e-003
1390 1.905109e-005 1.144182e-003
1391 9.526612e-005 3.606364e-003
1392 1.021811e-005 1.186776e-003
1393 1.224512e-004 5.139474e-003
1394 9.713284e-005 4.202481e-003
1395 4.348066e-004 5.401940e-003
1396 3.356374e-004 1.147288e-002
1397 1.053716e-005 2.309869e-003
1398 1.540802e-004 9.562229e-003
1399 1.451542e-004 9.903486e-003
1400 5.514052e-005 3.398643e-003
1401 6.865055e-004 1.493884e-002
1402 5.513822e-005 1.321390e-003
1403 3.097042e-005 3.341274e-003
1404 1.069882e-005 1.368036e-003
1405 5.283249e-005 3.162718e-003
1406 1.094834e-004 6.111641e-003
1407 3.202527e-005 1.552162e-003
1408 1.529133e-003 2.948307e-002
1409 8.679342e-004 2.252495e-002
1410 1.474786e-004 4.360196e-003
1411 4.048602e-005 1.920423e-003
1412 3.000335e-005 2.687978e-003
1413 2.041357e-006 1.067407e-003
1414 2.064209e-005 1.701982e-003
1415 2.027699e-005 1.573166e-003
1416 2.594240e-005 2.349740e-003
1417 1.692404e-005 1.299138e-003
1418 3.194505e-005 3.231583e-003
1419 6.052226e-005 2.267207e-003
1420 8.645578e-005 3.609806e-003
1421 3.215493e-005 3.332635e-003
1422 9.193330e-005 3.802361e-003
1423 4.072837e-005 2.191756e-003
1424 3.773687e-005 1.804245e-003
1425 3.773687e-005 1.804245e-003
1426 3.773687e-005 1.804245e-003
1427 3.773687e-005 1.804245e-003
1428 4.891764e-005 2.852352e-003
1429 5.343636e-005 3.657674e-003
1430 2.969405e-004 5.830185e-003
1431 2.088533e-004 1.604195e-002
1432 3.948288e-004 1.088257e-002
1433 8.391716e-005 3.511071e-003
1434 3.551433e-005 1.630092e-003
1435 1.982551e-005 1.262718e-003
1436 6.849090e-005 2.479358e-003
1437 2.148400e-005 1.523741e-003
1438 4.453729e-005 2.191809e-003
1439 4.244057e-004 1.183959e-002
1440 3.743600e-005 2.106144e-003
1441 1.250862e-005 1.424375e-003
1442 8.564248e-005 3.367733e-003
1443 3.267366e-005 3.146276e-003
1444 9.254002e-006 2.286641e-003
1445 7.869263e-005 3.845661e-003
1446 1.298507e-005 1.708905e-003
1447 1.240891e-003 2.513154e-002
1448 2.110178e-005 1.511162e-003
1449 2.735386e-005 2.472434e-003
1450 8.901876e-005 3.879051e-003
1451 7.050265e-005 5.798135e-003
1452 4.791048e-004 7.079783e-003
1453 3.934120e-005 2.326792e-003
1454 3.356307e-005 1.605111e-003
1455 2.665326e-005 2.499238e-003
1456 1.021811e-005 1.186776e-003
1457 2.127333e-005 1.556752e-003
1458 2.195445e-005 1.537175e-003
1459 3.383345e-005 1.667386e-003
1460 1.914223e-004 6.308201e-003
1461 1.021811e-005 1.186776e-003
1462 1.021811e-005 1.186776e-003
1463 1.049810e-005 1.220616e-003
1464 2.110178e-005 1.511162e-003
1465 5.778396e-006 1.167017e-003
1466 2.273789e-004 8.359628e-003
1467 6.545253e-005 2.293530e-003
1468 4.858987e-005 3.280056e-003
1469 1.502003e-004 5.025464e-003
1470 2.051098e-005 3.155992e-003
1471 1.394512e-004 4.338660e-003
1472 8.876108e-005 3.674960e-003
1473 4.165536e-005 1.993219e-003
1474 2.557707e-004 1.001536e-002
1475 7.256388e-006 1.545304e-003
1476 3.265995e-004 6.420137e-003
1477 5.202625e-006 1.664899e-003
1478 1.819430e-004 5.548028e-003
1479 1.440801e-004 7.001656e-003
1480 6.014396e-004 7.681984e-003
1481 3.158209e-004 1.591871e-002
1482 1.480305e-004 5.887152e-003
1483 2.599939e-005 2.319455e-003
1484 3.598341e-004 3.229559e-002
1485 4.062394e-004 1.115802e-002
1486 5.123337e-004 1.745745e-002
1487 4.493857e-006 1.717763e-003
1488 6.639659e-005 4.359676e-003
1489 6.183821e-006 1.163055e-003
1490 2.583928e-005 2.277482e-003
1491 1.291845e-003 2.427859e-002
1492 4.573556e-005 5.627936e-003
1493 1.490837e-004 3.450100e-003
1494 1.707385e-005 2.391310e-003
1495 9.180546e-005 3.449353e-003
1496 4.319062e-005 2.394049e-003
1497 7.108743e-004 1.339324e-002
1498 6.127144e-005 4.164481e-003
1499 1.531422e-005 2.584696e-003
1500 2.410259e-005 2.318487e-003
1501 2.213463e-005 4.277412e-003
1502 2.882639e-004 7.065744e-003
1503 8.566710e-004 1.276649e-002
1504 1.091062e-004 4.766345e-003
1505 4.865851e-005 2.795746e-003
1506 2.671785e-005 2.452507e-003
1507 7.470975e-005 2.878601e-003
1508 4.168818e-004 1.130671e-002
1509 4.012029e-005 2.216485e-003
1510 8.942608e-005 4.023797e-003
1511 3.375777e-005 3.228644e-003
1512 1.196254e-004 2.748050e-003
1513 8.031221e-005 3.175189e-003
1514 8.513398e-005 4.164081e-003
1515 1.106426e-003 1.398046e-002
1516 1.342056e-004 6.577365e-003
1517 4.220883e-004 8.734782e-003
1518 1.756696e-004 3.193735e-003
1519 1.827797e-004 5.645049e-003
1520 1.781917e-005 1.188212e-003
1521 1.000547e-004 3.950056e-003
1522 1.141169e-004 5.605896e-003
1523 4.682558e-005 3.179734e-003
1524 2.339183e-004 6.756690e-003
1525 2.742977e-004 8.918694e-003
1526 2.092819e-004 7.569263e-003
1527 2.040783e-004 7.190867e-003
1528 9.900160e-005 4.031631e-003
1529 3.303926e-005 3.004617e-003
1530 2.853813e-004 9.116113e-003
1531 1.115113e-004 4.631282e-003
1532 5.648941e-005 3.340815e-003
1533 1.129016e-004 3.629413e-003
1534 1.091062e-004 4.766345e-003
1535 1.021811e-005 1.186776e-003
1536 2.027699e-005 1.573166e-003
1537 2.735386e-005 2.472434e-003
1538 4.587474e-005 2.438447e-003
1539 1.707624e-005 1.209006e-003
1540 2.263716e-005 4.564620e-003
1541 9.641840e-004 2.660229e-002
1542 7.783330e-004 1.837759e-002
1543 5.941476e-004 3.508918e-002
1544 9.900160e-005 4.031631e-003
1545 2.432559e-004 5.341004e-003
1546 4.218401e-005 2.359874e-003
1547 7.944214e-004 1.342615e-002
1548 1.763742e-004 4.084387e-003
1549 4.410878e-005 2.621869e-003
1550 5.518661e-005 3.676986e-003
1551 1.723101e-005 2.521334e-003
1552 8.092927e-004 1.564805e-002
1553 1.493663e-003 2.849659e-002
1554 6.485603e-005 5.943803e-003
1555 6.916425e-004 1.245897e-002
1556 1.754780e-004 6.834404e-003
1557 7.736288e-004 1.936045e-002
1558 1.204296e-004 6.863738e-003
1559 6.692940e-005 5.789855e-003
1560 1.827239e-004 7.627291e-003
1561 4.806386e-004 2.509085e-002
1562 2.226004e-005 5.302794e-003
1563 7.880505e-005 8.008543e-003
1564 5.902176e-004 1.806153e-002
1565 2.224213e-004 9.419200e-003
1566 2.275791e-005 4.503469e-003
1567 3.018932e-003 3.074146e-002
1568 2.146288e-004 8.617612e-003
1569 7.643650e-005 2.729795e-003
1570 2.817699e-004 9.693368e-003
1571 1.178094e-005 1.600036e-003
1572 1.663196e-005 1.983693e-003
1573 4.222509e-004 1.729802e-002
1574 6.871730e-005 5.970136e-003
1575 5.970295e-004 8.560427e-003
1576 1.831777e-004 7.228834e-003
1577 1.938194e-003 3.181873e-002
1578 1.326756e-004 2.621403e-003
1579 4.876405e-005 2.938187e-003
1580 1.625800e-003 1.776322e-002
1581 8.666435e-005 3.428196e-003
1582 1.933691e-005 2.659709e-003
1583 5.378212e-004 1.181645e-002
1584 1.070388e-004 5.375948e-003
1585 3.413427e-004 2.676729e-002
1586 1.181021e-004 5.218569e-003
1587 8.685381e-006 1.821091e-003
1588 3.746027e-005 1.713687e-003
1589 6.836789e-006 2.809133e-003
1590 3.069129e-005 2.248839e-003
1591 1.043202e-004 3.135954e-003
1592 2.630514e-005 2.419320e-003
1593 1.682037e-005 1.930660e-003
1594 1.011262e-004 6.584884e-003
1595 1.475212e-005 2.095315e-003
1596 4.801075e-004 1.608822e-002
1597 1.073641e-004 4.479333e-003
1598 3.303926e-005 3.004617e-003
1599 1.294808e-003 2.686142e-002
1600 1.747461e-004 4.948063e-003
1601 3.242442e-005 2.293260e-003
1602 2.447449e-003 4.587521e-002
1603 1.071117e-004 5.802884e-003
1604 4.999641e-005 2.524709e-003
1605 1.844400e-005 1.375412e-003
1606 2.038884e-003 7.257033e-002
1607 7.921043e-005 5.538598e-003
1608 5.319129e-005 3.390622e-003
1609 2.270076e-004 1.093261e-002
1610 9.272799e-004 2.493586e-002
1611 1.344621e-004 7.719446e-003
1612 2.075841e-005 3.209469e-003
1613 3.505057e-006 1.156231e-003
1614 1.886700e-004 5.239782e-003
1615 1.682107e-003 2.660823e-002
1616 9.960965e-006 2.138867e-003
1617 1.844008e-005 3.126789e-003
1618 1.100159e-005 1.271627e-003
1619 1.055197e-004 1.390531e-002
1620 9.558818e-004 2.712237e-002
1621 9.383489e-004 3.982213e-002
1622 9.109307e-005 3.896718e-003
1623 7.714387e-004 2.775434e-002
1624 8.920017e-004 1.887453e-002
1625 4.036930e-005 3.456885e-003
1626 2.759649e-004 1.321346e-002
1627 1.305116e-004 6.806703e-003
1628 5.624988e-004 1.540388e-002
1629 8.086258e-004 2.177776e-002
1630 1.453515e-003 2.231050e-002
1631 6.445633e-004 2.110622e-002
1632 4.685284e-004 2.156150e-002
1633 1.791235e-005 2.662444e-003
1634 4.266892e-005 5.108557e-003
1635 2.347444e-006 1.070711e-003
1636 1.623971e-005 2.411243e-003
1637 4.838996e-006 1.450336e-003
1638 2.528180e-005 2.075513e-003
1639 5.325062e-006 1.747729e-003
1640 3.901056e-004 1.001776e-002
1641 1.029907e-004 3.548214e-003
1642 6.554845e-004 1.464348e-002
1643 2.387797e-004 7.290293e-003
1644 1.199355e-004 6.393107e-003
1645 5.216192e-005 2.611832e-003
1646 6.101736e-003 9.173719e-002
1647 2.342557e-004 3.694423e-003
1648 2.438445e-005 2.190965e-003
1649 1.589651e-003 4.955108e-002
1650 2.500855e-004 1.102441e-002
1651 1.217375e-005 3.326870e-003
1652 5.092214e-004 2.675667e-002
1653 9.130092e-004 3.481332e-002
1654 2.349004e-004 1.421525e-002
1655 7.303597e-004 2.370086e-002
1656 3.024123e-004 8.282931e-003
1657 2.650232e-004 6.745382e-003
1658 2.044912e-005 3.808449e-003
1659 1.494048e-004 3.778534e-003
1660 5.239740e-005 3.326692e-003
1661 8.006811e-005 2.524082e-003
1662 5.403436e-005 3.178479e-003
1663 1.052151e-003 2.314749e-002
1664 4.178025e-005 4.506161e-003
1665 3.923106e-005 3.836819e-003
1666 2.994111e-004 1.013665e-002
1667 6.264337e-004 1.500240e-002
1668 3.523843e-007 8.788284e-004
1669 1.495373e-004 8.091659e-003
1670 1.540385e-005 1.729072e-003
1671 6.930475e-005 6.978417e-003
1672 6.945739e-004 2.610386e-002
1673 1.573423e-004 9.777684e-003
1674 2.914398e-005 6.457372e-003
1675 3.814022e-005 4.336948e-003
1676 2.679239e-005 2.160367e-003
1677 1.234480e-004 5.860771e-003
1678 4.989967e-005 3.131834e-003
1679 1.804282e-005 1.235244e-003
1680 1.369629e-004 3.408525e-003
1681 2.245565e-004 7.504511e-003
1682 5.681656e-005 8.139500e-003
1683 1.021811e-005 1.186776e-003
1684 3.402016e-005 1.754602e-003
1685 1.313514e-004 6.879287e-003
1686 6.664804e-005 6.673233e-003
1687 2.063541e-004 1.654474e-002
1688 1.161865e-004 4.906517e-003
1689 1.162697e-004 5.179180e-003
1690 6.633106e-006 1.234117e-003
1691 8.590898e-006 1.430780e-003
1692 4.562910e-005 2.691680e-003
1693 4.915805e-005 6.949263e-003
1694 3.723004e-004 9.473329e-003
1695 1.021811e-005 1.186776e-003
1696 1.884757e-003 4.388043e-002
1697 1.023119e-004 3.713283e-003
1698 3.033687e-004 1.934268e-002
1699 1.950979e-003 2.571000e-002
1700 2.394580e-005 3.224688e-003
1701 1.668728e-004 1.034087e-002
1702 9.860076e-004 1.182017e-002
1703 6.963432e-004 1.301671e-002
1704 5.778396e-006 1.167017e-003
1705 1.707624e-005 1.209006e-003
1706 1.942512e-005 1.492686e-003
1707 3.761991e-004 6.472858e-003
1708 2.752590e-005 6.010647e-003
1709 1.408732e-004 7.145435e-003
1710 9.729166e-005 8.986922e-003
1711 2.558385e-004 5.726351e-003
1712 2.802478e-004 1.443068e-002
1713 7.033817e-005 5.555580e-003
1714 2.607047e-004 9.506470e-003
1715 6.221137e-005 4.401974e-003
1716 3.570736e-005 3.114489e-003
1717 1.844980e-004 6.794431e-003
1718 1.007727e-004 7.692764e-003
1719 1.087810e-004 5.273474e-003
1720 8.749224e-005 5.891538e-003
1721 4.409488e-004 2.002148e-002
1722 8.535542e-005 5.746377e-003
1723 1.414041e-003 3.742576e-002
1724 2.405626e-005 1.782284e-003
1725 9.467178e-005 7.015449e-003
1726 3.703529e-004 1.519410e-002
1727 1.687503e-004 6.688173e-003
1728 1.291436e-004 7.074719e-003
1729 1.799881e-005 3.075603e-003
1730 2.344745e-004 9.686567e-003
1731 6.736513e-005 4.094968e-003
1732 2.306840e-005 1.439225e-003
1733 2.082599e-006 9.889739e-004
1734 2.352237e-004 4.021387e-003
1735 2.404278e-004 4.251546e-003
1736 3.494127e-006 1.012138e-003
1737 1.338948e-004 3.803646e-003
1738 7.690056e-006 1.567275e-003
1739 1.139854e-004 6.214378e-003
1740 8.823071e-004 2.487729e-002
1741 3.177180e-005 3.726183e-003
1742 2.625980e-004 1.179242e-002
1743 2.726596e-004 1.132764e-002
1744 1.172126e-004 4.069506e-003
1745 1.618040e-004 4.365185e-003
1746 1.075778e-005 1.197581e-003
1747 1.475853e-004 4.421112e-003
1748 3.194896e-003 6.978162e-002
1749 1.230164e-004 3.444424e-003
1750 1.020302e-004 5.200812e-003
1751 5.104575e-005 4.086008e-003
1752 2.277322e-005 1.547670e-003
1753 1.177221e-004 5.216084e-003
1754 5.204554e-005 4.306269e-003
1755 7.237439e-005 2.574001e-003
1756 4.027530e-004 1.227680e-002
1757 1.527028e-004 1.024155e-002
1758 7.762718e-005 2.893422e-003
1759 7.695597e-006 3.435323e-003
1760 8.437165e-004 3.096035e-002
1761 2.538218e-005 5.643349e-003
1762 4.041248e-005 2.400075e-003
1763 7.661466e-005 7.318080e-003
1764 5.532312e-005 3.465134e-003
1765 2.365757e-004 9.603018e-003
1766 6.826174e-005 2.333433e-003
1767 2.781601e-005 2.701282e-003
1768 2.930057e-004 6.180797e-003
1769 8.806864e-005 3.141050e-003
1770 1.061534e-004 4.506341e-003
1771 6.354384e-005 5.653152e-003
1772 1.846915e-003 2.073162e-002
1773 1.143750e-003 3.873622e-002
1774 1.755676e-005 2.371269e-003
1775 2.437339e-005 2.042331e-003
1776 6.268935e-005 1.285191e-002
1777 1.143729e-005 3.287677e-003
1778 2.465046e-005 4.217578e-003
1779 8.868150e-005 8.788073e-003
1780 1.644554e-005 2.413838e-003
1781 3.807207e-006 1.223926e-003
1782 3.881482e-005 2.431080e-003
1783 9.020789e-005 4.526117e-003
1784 2.768899e-004 8.516123e-003
1785 2.500038e-005 2.020365e-003
1786 3.062280e-004 1.483536e-002
1787 1.563114e-004 1.014951e-002
1788 1.964407e-005 3.471681e-003
1789 5.305654e-004 1.981265e-002
1790 3.992884e-006 1.438033e-003
1791 3.624284e-005 1.629834e-003
1792 3.348758e-005 1.918593e-003
1793 3.146900e-005 8.385393e-003
1794 1.630100e-004 1.167930e-002
1795 7.717356e-006 1.397501e-003
1796 7.286144e-004 3.158924e-002
1797 2.500505e-004 8.534125e-003
1798 8.113627e-005 3.039418e-003
1799 1.242570e-005 1.870271e-003
1800 2.889115e-004 1.735876e-002
1801 2.394368e-005 1.797095e-003
1802 1.860356e-004 6.786921e-003
1803 1.252107e-005 1.672057e-003
1804 2.131023e-005 1.561419e-003
1805 6.395595e-005 1.027222e-002
1806 4.705660e-005 2.658118e-003
1807 6.894767e-006 1.236264e-003
1808 4.306401e-003 5.513552e-002
1809 6.810677e-005 4.762731e-003
1810 3.943497e-004 7.670837e-003
1811 1.537354e-004 4.466095e-003
1812 5.220522e-005 3.165207e-003
1813 5.057428e-005 6.213411e-003
1814 2.270362e-005 1.693925e-003
1815 4.054856e-004 1.175009e-002
1816 9.677728e-005 8.388745e-003
1817 1.860722e-005 2.470219e-003
1818 3.110113e-005 3.537326e-003
1819 5.732584e-006 1.959276e-003
1820 7.825949e-006 1.311955e-003
1821 1.165448e-005 3.143718e-003
1822 1.692878e-004 1.110932e-002
1823 2.959111e-004 9.800680e-003
1824 6.185718e-004 2.172061e-002
1825 1.691829e-004 1.632006e-002
1826 1.770921e-004 5.436730e-003
1827 8.071077e-005 7.525359e-003
1828 3.988755e-005 4.693058e-003
1829 7.470693e-005 5.987719e-003
1830 2.718824e-005 2.419258e-003
1831 6.314259e-006 1.241250e-003
1832 1.571502e-004 9.345416e-003
1833 3.830045e-005 1.895299e-003
1834 4.348156e-005 2.161799e-003
1835 2.940155e-005 2.593958e-003
1836 5.489043e-004 1.512891e-002
1837 2.447529e-004 9.995955e-003
1838 3.770711e-005 1.590730e-003
1839 3.119929e-004 1.486902e-002
1840 1.776163e-004 7.234210e-003
1841 1.470550e-004 8.496986e-003
1842 1.091899e-004 5.240014e-003
1843 6.826169e-005 4.218424e-003
1844 8.718045e-006 2.127383e-003
1845 9.184714e-005 3.937697e-003
1846 3.432061e-005 2.925142e-003
1847 6.628988e-004 1.716825e-002
1848 2.224071e-005 1.634986e-003
1849 1.540408e-004 7.779086e-003
1850 1.496069e-004 1.185280e-002
1851 8.437482e-004 2.285330e-002
1852 1.369400e-004 7.681931e-003
1853 1.174743e-004 6.493664e-003
1854 1.041475e-003 2.280430e-002
1855 5.323824e-004 1.761385e-002
1856 8.890224e-006 1.974486e-003
1857 3.616249e-005 4.069976e-003
1858 5.468614e-005 1.776328e-003
1859 2.586519e-005 2.295137e-003
1860 1.253500e-004 4.930366e-003
1861 1.187288e-004 4.736639e-003
1862 5.236406e-004 1.998057e-002
1863 2.518536e-005 2.161688e-003
1864 2.110735e-005 1.589953e-003
1865 2.049016e-004 6.813014e-003
1866 7.150139e-004 1.220803e-002
1867 1.072059e-005 2.399821e-003
1868 2.830379e-005 2.270495e-003
1869 1.442053e-003 1.347889e-002
1870 4.599306e-005 3.019406e-003
1871 1.985177e-004 7.830075e-003
1872 7.730289e-005 5.312920e-003
1873 4.480984e-006 1.471505e-003
1874 2.088461e-005 1.670512e-003
1875 3.824524e-004 8.545059e-003
1876 2.417093e-005 1.921124e-003
1877 1.407986e-005 1.757023e-003
1878 7.071447e-005 4.142008e-003
1879 8.445191e-005 8.242403e-003
1880 2.445422e-005 1.915712e-003
1881 3.930607e-004 1.040382e-002
1882 1.409411e-005 1.912863e-003
1883 6.534099e-005 4.710401e-003
1884 3.083705e-005 1.447734e-003
1885 6.856619e-005 3.795581e-003
1886 2.677986e-005 3.246732e-003
1887 2.705095e-005 5.929250e-003
1888 2.217210e-005 1.975452e-003
1889 3.347017e-006 1.070378e-003
1890 7.576842e-005 5.574631e-003
1891 1.537528e-003 2.852307e-002
1892 1.339332e-004 6.546715e-003
1893 4.207737e-004 9.937401e-003
1894 1.972945e-003 2.456641e-002
1895 3.907998e-004 9.187469e-003
1896 1.576394e-004 5.617018e-003
1897 3.030690e-005 2.769572e-003
1898 5.681053e-004 1.829783e-002
1899 6.795063e-005 3.686883e-003
1900 3.013694e-005 2.333349e-003
1901 1.484104e-005 2.123887e-003
1902 1.079246e-005 1.345868e-003
1903 4.198966e-005 5.128706e-003
1904 3.381415e-005 1.793566e-003
1905 1.352736e-005 1.906517e-003
1906 5.050669e-005 3.443810e-003
1907 3.122398e-005 2.981378e-003
1908 1.072576e-005 1.125604e-003
1909 1.546875e-005 2.419540e-003
1910 2.305418e-004 9.596276e-003
1911 6.613161e-005 3.659721e-003
1912 3.431531e-004 6.108988e-003
1913 2.443166e-005 2.171341e-003
1914 2.504387e-005 2.060401e-003
1915 1.728139e-004 5.075322e-003
1916 1.053747e-003 1.487636e-002
1917 3.246808e-003 3.104421e-002
1918 6.320941e-004 1.088035e-002
1919 1.065249e-004 5.207778e-003
1920 2.455034e-005 1.842390e-003
1921 2.525215e-006 1.208923e-003
1922 2.016600e-005 1.466575e-003
1923 1.250862e-005 1.424375e-003
1924 2.027699e-005 1.573166e-003
1925 1.179075e-005 1.330778e-003
1926 1.419254e-004 3.908341e-003
1927 9.532756e-005 3.755205e-003
1928 1.274337e-005 1.386325e-003
1929 4.876012e-005 2.817058e-003
1930 5.603785e-005 3.366841e-003
1931 8.129444e-005 6.765705e-003
1932 1.171512e-004 5.365449e-003
1933 1.434930e-004 7.889784e-003
1934 3.133344e-004 1.981319e-002
1935 1.712748e-004 4.225930e-003
1936 9.259260e-005 3.808813e-003
1937 4.201791e-005 2.413901e-003
1938 1.045598e-005 1.262990e-003
1939 9.329379e-004 1.561466e-002
1940 2.919399e-004 1.392133e-002
1941 9.337445e-005 3.829954e-003
1942 1.241582e-003 2.709536e-002
1943 5.562742e-004 1.027245e-002
1944 3.746191e-004 6.639510e-003
1945 8.311619e-005 6.317445e-003
1946 4.552800e-005 2.725154e-003
1947 1.361927e-005 1.472228e-003
1948 1.140667e-005 1.381199e-003
1949 1.107556e-003 4.251592e-002
1950 1.176066e-004 5.270763e-003
1951 4.138160e-004 9.230616e-003
1952 6.749531e-005 5.091536e-003
1953 3.246324e-004 6.068055e-003
1954 1.549710e-004 3.344337e-003
1955 5.289282e-005 3.158735e-003
1956 1.533854e-004 8.240705e-003
1957 6.427101e-005 4.047793e-003
1958 1.110875e-004 5.537748e-003
1959 4.481213e-004 1.314890e-002
1960 1.020841e-004 4.680601e-003
1961 4.168905e-004 1.202494e-002
1962 3.751027e-004 9.638611e-003
1963 2.416436e-004 7.733065e-003
1964 4.343066e-005 1.629878e-003
1965 1.645396e-004 4.088513e-003
1966 1.033490e-004 3.780203e-003
1967 2.243228e-004 2.264832e-002
1968 1.211050e-005 1.520764e-003
1969 1.724017e-004 9.007433e-003
1970 1.222909e-004 7.947080e-003
1971 2.056200e-004 9.217234e-003
1972 2.657652e-005 2.705051e-003
1973 2.954202e-004 7.704190e-003
1974 1.774262e-005 2.920325e-003
1975 4.591988e-004 1.670916e-002
1976 3.627506e-004 7.088513e-003
1977 2.820272e-005 2.421442e-003
1978 1.110997e-005 3.370255e-003
1979 2.123184e-004 1.905401e-002
1980 5.802021e-006 1.059605e-003
1981 2.504190e-004 9.189490e-003
1982 2.017077e-005 1.420202e-003
1983 2.040957e-005 1.651032e-003
1984 2.167753e-004 1.053701e-002
1985 2.752135e-005 2.840432e-003
1986 1.261456e-005 3.254916e-003
1987 3.390808e-004 1.333336e-002
1988 3.829446e-004 8.180180e-003
1989 5.990122e-006 1.134785e-003
1990 2.132031e-005 1.861311e-003
1991 3.737250e-005 4.298716e-003
1992 9.091441e-004 1.013659e-002
1993 1.834620e-006 1.108104e-003
1994 5.729517e-006 1.100818e-003
1995 1.311265e-004 2.956792e-003
1996 2.423200e-005 2.566105e-003
1997 1.707624e-005 1.209006e-003
1998 2.735386e-005 2.472434e-003
1999 8.142751e-005 2.977832e-003
2000 1.370451e-005 1.925040e-003
2001 8.699816e-006 2.300501e-003
