1 8.215168e-005 3.612904e-003
2 1.208357e-004 1.649399e-002
3 1.326980e-005 1.464549e-003
4 1.198263e-005 1.531338e-003
5 1.348721e-005 1.825314e-003
6 8.089367e-004 2.122830e-002
7 7.285164e-005 5.100101e-003
8 6.887981e-004 2.371106e-002
9 3.564574e-006 2.345949e-003
10 5.200223e-004 1.786362e-002
11 1.400075e-005 3.601047e-003
12 6.807135e-006 1.146613e-003
13 1.416609e-003 1.945117e-002
14 1.859198e-004 6.264102e-003
15 4.618120e-005 2.389443e-003
16 1.504375e-004 3.256906e-003
17 1.926936e-005 1.299307e-003
18 5.623821e-004 1.041065e-002
19 7.446375e-005 5.268169e-003
20 1.235400e-006 9.857432e-004
21 1.801521e-003 3.162742e-002
22 2.369773e-005 1.991973e-003
23 3.019020e-004 6.971580e-003
24 1.181432e-003 1.994171e-002
25 8.997868e-004 1.912754e-002
26 4.243326e-005 2.143189e-003
27 3.586464e-005 3.529431e-003
28 2.250350e-005 1.782552e-003
29 2.259660e-003 2.948824e-002
30 6.845476e-003 6.233663e-002
31 1.091752e-003 2.537272e-002
32 4.549549e-005 2.368906e-003
33 3.817321e-006 1.058640e-003
34 1.927058e-006 9.309579e-004
35 2.665281e-005 2.368153e-003
36 2.622043e-004 1.109381e-002
37 4.509094e-004 1.474436e-002
38 4.785342e-005 4.502128e-003
39 8.049419e-006 1.733585e-003
40 1.884467e-005 2.670399e-003
41 4.368831e-005 1.826188e-003
42 3.864478e-005 4.371778e-003
43 8.559798e-004 2.522958e-002
44 7.629612e-005 3.186004e-003
45 1.384952e-004 4.135177e-003
46 1.359699e-004 4.152767e-003
47 5.336365e-004 1.872137e-002
48 6.903128e-004 1.120337e-002
49 5.166220e-005 3.453274e-003
50 9.755304e-004 4.503286e-002
51 4.386973e-005 6.415696e-003
52 2.196023e-004 8.269153e-003
53 2.272377e-005 1.873221e-003
54 1.407502e-004 4.427554e-003
55 4.637638e-005 3.385672e-003
56 5.163605e-005 3.379764e-003
57 1.506664e-004 7.807156e-003
58 1.239384e-004 7.371037e-003
59 2.162955e-004 8.054800e-003
60 4.010631e-006 1.257697e-003
61 3.957611e-003 6.863181e-002
62 3.216772e-004 1.791809e-002
63 7.087479e-006 1.476751e-003
64 1.170325e-005 3.705065e-003
65 1.546723e-004 7.063060e-003
66 9.444467e-006 2.066507e-003
67 2.389447e-005 4.498073e-003
68 4.132742e-005 4.950285e-003
69 3.738052e-006 1.252101e-003
70 3.704222e-006 1.155468e-003
71 4.907915e-004 1.602807e-002
72 4.132467e-005 2.241917e-003
73 6.827636e-005 2.762803e-003
74 1.156403e-003 7.039003e-002
75 1.276986e-005 1.581766e-003
76 5.718259e-006 2.179286e-003
77 1.784062e-004 6.421430e-003
78 1.118549e-003 4.273229e-002
79 1.652879e-004 4.831599e-003
80 7.947371e-006 1.352633e-003
81 3.599787e-006 1.190123e-003
82 9.946752e-006 1.190678e-003
83 9.058639e-005 4.237517e-003
84 8.104949e-006 1.545811e-003
85 1.200300e-004 6.127115e-003
86 5.755137e-005 3.267363e-003
87 7.768405e-006 1.874133e-003
88 7.472068e-006 1.457347e-003
89 2.728263e-004 5.236762e-003
90 2.282478e-004 2.679784e-002
91 9.391544e-005 5.210098e-003
92 1.396686e-003 2.433538e-002
93 3.415106e-005 3.732265e-003
94 1.629275e-005 2.050402e-003
95 1.226237e-003 4.057637e-002
96 1.846175e-005 1.383909e-003
97 2.488609e-004 1.009192e-002
98 8.206088e-006 1.529202e-003
99 1.835779e-005 1.348980e-003
100 1.074063e-003 2.326677e-002
101 3.185276e-005 2.780669e-003
102 1.748667e-004 1.087346e-002
103 4.195118e-004 1.985667e-002
104 2.141434e-004 5.978558e-003
105 1.804941e-004 4.145569e-003
106 1.358569e-004 6.301132e-003
107 1.708024e-005 2.377514e-003
108 2.957433e-004 9.201051e-003
109 3.874568e-005 4.069123e-003
110 1.262243e-004 5.244662e-003
111 2.258678e-003 2.561954e-002
112 5.555014e-004 1.286955e-002
113 1.393942e-003 3.220886e-002
114 9.956564e-004 1.756853e-002
115 5.007380e-004 1.181767e-002
116 5.043740e-004 1.026644e-002
117 5.009945e-004 1.244849e-002
118 1.900050e-004 1.041769e-002
119 2.717976e-005 4.232521e-003
120 3.883259e-005 3.365926e-003
121 8.843767e-005 6.762914e-003
122 1.409226e-005 1.448280e-003
123 6.515225e-005 3.633811e-003
124 1.286119e-004 4.595095e-003
125 3.898593e-005 3.565017e-003
126 4.563507e-005 4.390020e-003
127 1.591393e-004 6.513474e-003
128 8.116573e-005 4.912359e-003
129 3.898593e-005 3.565017e-003
130 2.323672e-005 3.324923e-003
131 7.706001e-005 4.554982e-003
132 3.898593e-005 3.565017e-003
133 1.263479e-004 4.640079e-003
134 5.150723e-004 9.730512e-003
135 3.628558e-005 3.071603e-003
136 2.027479e-005 2.682405e-003
137 1.289556e-004 5.372132e-003
138 1.573796e-004 6.660192e-003
139 5.346431e-005 5.744903e-003
140 4.542209e-005 4.280482e-003
141 1.997175e-005 2.597486e-003
142 1.997175e-005 2.597486e-003
143 8.051120e-005 4.764011e-003
144 9.380274e-005 5.946594e-003
145 2.730720e-005 4.341834e-003
146 4.611131e-005 4.473614e-003
147 4.187018e-005 3.505432e-003
148 9.522608e-005 6.345439e-003
149 3.883259e-005 3.365926e-003
150 3.883259e-005 3.365926e-003
151 8.051120e-005 4.764011e-003
152 3.420315e-005 2.838936e-003
153 1.997175e-005 2.597486e-003
154 3.574323e-005 2.919625e-003
155 2.027479e-005 2.682405e-003
156 2.027479e-005 2.682405e-003
157 3.628558e-005 3.071603e-003
158 2.027479e-005 2.682405e-003
159 5.834467e-005 3.147550e-003
160 9.811315e-005 3.741007e-003
161 1.922684e-005 2.844207e-003
162 1.922684e-005 2.844207e-003
163 1.922684e-005 2.844207e-003
164 8.475756e-006 1.554071e-003
165 8.475756e-006 1.554071e-003
166 8.475756e-006 1.554071e-003
167 1.150499e-005 2.814405e-003
168 1.922684e-005 2.844207e-003
169 3.664259e-005 3.648866e-003
170 8.475756e-006 1.554071e-003
171 5.314221e-005 2.302383e-003
172 1.922684e-005 2.844207e-003
173 5.071739e-006 1.540934e-003
174 1.150499e-005 2.814405e-003
175 1.150499e-005 2.814405e-003
176 1.150499e-005 2.814405e-003
177 5.071739e-006 1.540934e-003
178 1.013079e-005 1.955109e-003
179 5.071739e-006 1.540934e-003
180 1.150499e-005 2.814405e-003
181 5.797672e-006 2.028207e-003
182 2.046569e-005 3.066796e-003
183 4.465952e-006 1.162131e-003
184 5.071739e-006 1.540934e-003
185 4.465952e-006 1.162131e-003
186 1.693031e-005 1.981351e-003
187 9.860371e-006 1.806604e-003
188 5.071739e-006 1.540934e-003
189 2.510579e-006 1.107055e-003
190 4.465952e-006 1.162131e-003
191 1.297144e-004 7.171347e-003
192 5.214439e-005 2.637176e-003
193 1.175122e-004 6.084483e-003
194 2.090370e-004 7.609678e-003
195 3.402153e-005 3.599232e-003
196 6.571073e-005 5.005078e-003
197 6.571073e-005 5.005078e-003
198 3.402153e-005 3.599232e-003
199 1.375000e-004 6.814130e-003
200 1.175525e-004 5.198839e-003
201 1.034761e-004 4.203897e-003
202 2.862645e-004 1.118837e-002
203 5.214439e-005 2.637176e-003
204 4.970218e-005 2.622739e-003
205 1.034761e-004 4.203897e-003
206 5.214439e-005 2.637176e-003
207 1.034761e-004 4.203897e-003
208 5.214439e-005 2.637176e-003
209 1.034761e-004 4.203897e-003
210 4.970218e-005 2.622739e-003
211 2.504626e-005 1.840389e-003
212 1.034761e-004 4.203897e-003
213 2.504626e-005 1.840389e-003
214 5.201516e-005 2.948277e-003
215 4.970218e-005 2.622739e-003
216 5.214439e-005 2.637176e-003
217 1.288269e-005 1.515902e-003
218 2.461455e-004 1.032516e-002
219 1.004057e-004 4.415506e-003
220 4.970218e-005 2.622739e-003
221 4.970218e-005 2.622739e-003
222 1.438376e-004 3.735889e-003
223 1.330526e-004 6.316502e-003
224 2.526113e-005 2.574726e-003
225 9.749649e-005 3.984980e-003
226 4.664582e-005 2.592854e-003
227 4.683000e-005 2.815900e-003
228 5.259173e-005 3.482874e-003
229 1.062430e-004 5.562404e-003
230 5.972557e-005 4.583369e-003
231 5.972557e-005 4.583369e-003
232 3.559814e-005 4.142794e-003
233 9.460349e-005 4.215019e-003
234 5.103119e-005 3.727812e-003
235 2.096623e-005 4.139403e-003
236 3.025004e-005 3.446287e-003
237 1.700536e-005 3.099295e-003
238 3.540386e-005 4.253880e-003
239 3.117510e-005 3.192740e-003
240 1.643933e-005 2.488569e-003
241 2.868769e-005 3.257557e-003
242 3.025004e-005 3.446287e-003
243 1.013568e-005 2.951609e-003
244 5.779354e-005 3.490377e-003
245 3.022076e-005 3.562804e-003
246 2.868769e-005 3.257557e-003
247 5.103119e-005 3.727812e-003
248 1.497418e-005 2.435367e-003
249 3.729585e-005 4.772653e-003
250 3.117510e-005 3.192740e-003
251 1.497418e-005 2.435367e-003
252 5.972557e-005 4.583369e-003
253 1.709868e-005 3.045938e-003
254 3.540386e-005 4.253880e-003
255 6.297828e-005 4.976292e-003
256 1.497418e-005 2.435367e-003
257 1.700536e-005 3.099295e-003
258 2.869411e-005 2.205282e-003
259 2.869411e-005 2.205282e-003
260 5.925719e-005 3.332418e-003
261 2.869411e-005 2.205282e-003
262 2.869411e-005 2.205282e-003
263 2.869411e-005 2.205282e-003
264 6.560314e-005 4.583202e-003
265 3.305917e-005 3.029173e-003
266 5.956922e-005 3.675821e-003
267 2.744679e-004 1.267130e-002
268 1.358653e-004 6.797922e-003
269 1.358653e-004 6.797922e-003
270 2.884520e-005 2.423060e-003
271 2.869411e-005 2.205282e-003
272 5.312775e-005 3.039324e-003
273 2.884520e-005 2.423060e-003
274 2.884520e-005 2.423060e-003
275 6.525951e-005 4.087905e-003
276 1.358653e-004 6.797922e-003
277 2.869411e-005 2.205282e-003
278 1.453587e-005 1.739765e-003
279 6.525951e-005 4.087905e-003
280 5.694103e-005 3.346838e-003
281 6.525951e-005 4.087905e-003
282 1.162217e-004 4.959499e-003
283 1.453587e-005 1.739765e-003
284 2.869411e-005 2.205282e-003
285 6.248244e-005 3.897826e-003
286 5.312775e-005 3.039324e-003
287 2.869411e-005 2.205282e-003
288 1.175909e-004 5.583546e-003
289 1.054275e-004 5.001925e-003
290 1.054275e-004 5.001925e-003
291 2.884520e-005 2.423060e-003
292 2.884520e-005 2.423060e-003
293 1.102937e-004 5.469329e-003
294 5.340750e-005 3.291531e-003
295 1.614866e-004 7.849037e-003
296 5.046481e-004 1.189736e-002
297 2.733159e-004 1.189584e-002
298 9.786999e-005 4.014935e-003
299 2.840521e-005 2.143113e-003
300 5.289076e-005 3.074854e-003
301 2.078030e-004 6.079515e-003
302 5.289076e-005 3.074854e-003
303 2.679341e-005 2.512969e-003
304 2.359311e-005 1.795116e-003
305 1.596964e-005 2.410301e-003
306 1.596964e-005 2.410301e-003
307 1.596964e-005 2.410301e-003
308 1.596964e-005 2.410301e-003
309 3.980108e-005 1.912509e-003
310 1.596964e-005 2.410301e-003
311 1.596964e-005 2.410301e-003
312 1.406216e-005 1.704711e-003
313 9.739935e-006 2.396128e-003
314 9.739935e-006 2.396128e-003
315 1.634139e-005 2.489188e-003
316 2.679341e-005 2.512969e-003
317 4.908213e-006 1.817425e-003
318 8.047526e-006 1.824568e-003
319 1.406216e-005 1.704711e-003
320 9.739935e-006 2.396128e-003
321 7.039886e-006 1.362793e-003
322 4.247640e-004 2.385010e-002
323 2.965534e-004 1.249798e-002
324 1.494412e-004 7.874850e-003
325 8.000599e-005 5.978468e-003
326 2.997932e-005 2.390413e-003
327 1.969835e-004 4.938848e-003
328 1.930449e-004 4.832422e-003
329 5.601536e-004 1.674023e-002
330 2.842236e-004 1.087269e-002
331 2.851937e-004 1.091161e-002
332 1.032463e-003 2.307834e-002
333 3.755241e-005 3.144866e-003
334 6.758966e-005 4.216553e-003
335 9.646284e-005 3.581430e-003
336 1.253975e-004 5.513142e-003
337 2.483079e-004 8.440655e-003
338 1.003901e-004 8.159584e-003
339 2.062652e-004 6.677833e-003
340 2.907067e-005 2.402826e-003
341 1.687148e-005 2.272449e-003
342 1.026190e-004 4.306543e-003
343 2.507250e-004 9.154764e-003
344 2.718869e-005 2.395105e-003
345 3.837110e-005 4.240665e-003
346 9.283068e-006 2.084237e-003
347 1.687148e-005 2.272449e-003
348 5.955605e-005 3.894271e-003
349 5.955605e-005 3.894271e-003
350 3.001188e-005 2.572380e-003
351 1.721570e-005 2.311334e-003
352 8.546756e-006 1.933546e-003
353 3.001188e-005 2.572380e-003
354 3.001188e-005 2.572380e-003
355 3.001188e-005 2.572380e-003
356 9.626710e-006 2.084637e-003
357 5.955605e-005 3.894271e-003
358 5.955605e-005 3.894271e-003
359 3.398214e-005 3.265996e-003
360 5.955605e-005 3.894271e-003
361 2.655312e-004 1.143968e-002
362 1.520343e-005 2.085485e-003
363 3.062421e-005 2.617384e-003
364 8.546756e-006 1.933546e-003
365 1.354494e-004 7.929204e-003
366 3.016991e-005 2.928069e-003
367 6.825655e-005 4.922803e-003
368 5.955605e-005 3.894271e-003
369 4.723410e-004 1.488602e-002
370 9.086875e-005 7.926790e-003
371 2.757336e-004 1.054143e-002
372 1.905938e-003 3.108033e-002
373 3.059030e-003 4.378788e-002
374 3.582720e-003 5.079488e-002
375 2.434704e-004 7.029777e-003
376 5.449244e-004 1.786754e-002
377 6.761530e-005 6.070751e-003
378 1.209182e-004 7.788837e-003
379 6.646407e-005 5.344103e-003
380 3.465882e-005 3.413685e-003
381 1.139712e-005 1.206754e-003
382 5.682674e-005 3.464122e-003
383 1.139712e-005 1.206754e-003
384 4.239001e-005 2.093958e-003
385 2.244446e-005 4.130451e-003
386 6.214104e-005 4.280618e-003
387 1.506192e-004 8.996265e-003
388 9.734824e-006 2.151653e-003
389 2.046015e-005 3.713447e-003
390 5.289651e-005 3.258037e-003
391 2.982982e-004 1.195409e-002
392 1.087610e-004 4.282370e-003
393 5.369927e-005 7.052626e-003
394 1.731339e-005 2.311800e-003
395 4.434798e-005 5.132324e-003
396 5.108670e-004 1.260159e-002
397 7.991963e-005 5.454279e-003
398 4.653663e-005 5.239940e-003
399 2.357454e-005 4.341313e-003
400 4.762403e-005 6.778328e-003
401 4.137814e-005 4.359117e-003
402 4.137814e-005 4.359117e-003
403 2.357454e-005 4.341313e-003
404 4.137814e-005 4.359117e-003
405 4.137814e-005 4.359117e-003
406 2.357454e-005 4.341313e-003
407 2.085155e-005 3.412629e-003
408 1.410658e-005 4.304772e-003
409 2.938658e-004 1.086360e-002
410 1.442945e-004 6.082367e-003
411 1.468926e-004 6.656529e-003
412 1.400647e-004 6.321989e-003
413 1.410658e-005 4.304772e-003
414 4.137814e-005 4.359117e-003
415 2.085155e-005 3.412629e-003
416 4.137814e-005 4.359117e-003
417 4.137814e-005 4.359117e-003
418 4.972304e-004 1.147277e-002
419 9.867118e-004 1.985293e-002
420 4.972304e-004 1.147277e-002
421 4.339350e-005 4.731799e-003
422 1.497596e-004 6.726088e-003
423 5.108670e-004 1.260159e-002
424 1.683160e-003 2.514415e-002
425 3.025364e-004 1.159592e-002
426 1.497596e-004 6.726088e-003
427 5.108670e-004 1.260159e-002
428 2.528861e-004 7.223904e-003
429 2.528861e-004 7.223904e-003
430 2.528861e-004 7.223904e-003
431 4.884356e-004 1.081342e-002
432 1.497596e-004 6.726088e-003
433 1.497596e-004 6.726088e-003
434 2.528861e-004 7.223904e-003
435 2.892524e-004 9.851914e-003
436 4.884356e-004 1.081342e-002
437 2.528861e-004 7.223904e-003
438 2.528861e-004 7.223904e-003
439 8.331869e-004 1.343264e-002
440 2.528861e-004 7.223904e-003
441 2.528861e-004 7.223904e-003
442 4.499960e-004 2.572205e-002
443 2.129507e-004 1.557127e-002
444 2.351860e-003 3.850596e-002
445 1.390650e-003 1.769729e-002
446 1.128290e-006 8.988539e-004
447 4.324500e-006 1.180080e-003
448 1.128290e-006 8.988539e-004
449 1.128290e-006 8.988539e-004
450 2.179231e-006 9.722925e-004
451 1.281445e-005 1.491066e-003
452 4.324500e-006 1.180080e-003
453 3.780801e-006 1.046246e-003
454 4.324500e-006 1.180080e-003
455 4.324500e-006 1.180080e-003
456 3.656254e-006 9.996025e-004
457 1.905246e-006 9.048501e-004
458 4.324500e-006 1.180080e-003
459 1.642995e-004 9.857817e-003
460 1.157667e-005 2.454509e-003
461 2.238997e-006 1.034347e-003
462 1.942302e-005 2.599587e-003
463 3.756527e-006 1.062406e-003
464 7.255527e-006 1.234274e-003
465 6.343323e-006 1.082370e-003
466 1.225178e-005 1.272833e-003
467 3.780801e-006 1.046246e-003
468 3.756527e-006 1.062406e-003
469 7.255527e-006 1.234274e-003
470 3.020430e-006 1.701668e-003
471 4.324500e-006 1.180080e-003
472 3.756527e-006 1.062406e-003
473 7.255527e-006 1.234274e-003
474 2.238997e-006 1.034347e-003
475 7.255527e-006 1.234274e-003
476 2.301886e-006 1.346468e-003
477 9.868284e-006 2.255569e-003
478 2.667041e-005 2.221494e-003
479 4.221487e-006 1.429394e-003
480 9.471760e-006 1.873350e-003
481 8.434984e-006 1.579385e-003
482 5.201272e-006 1.997206e-003
483 5.201272e-006 1.997206e-003
484 4.972892e-006 1.655362e-003
485 4.972892e-006 1.655362e-003
486 3.007255e-005 7.981970e-003
487 2.574699e-006 1.425647e-003
488 4.791778e-005 5.818981e-003
489 2.323203e-004 1.032335e-002
490 2.414705e-005 4.148294e-003
491 4.476469e-005 4.355425e-003
492 2.414705e-005 4.148294e-003
493 2.414705e-005 4.148294e-003
494 4.470878e-005 5.169047e-003
495 2.314783e-005 4.036274e-003
496 9.043126e-005 6.806836e-003
497 9.759621e-005 7.627920e-003
498 2.414705e-005 4.148294e-003
499 4.470878e-005 5.169047e-003
500 2.414705e-005 4.148294e-003
501 4.791778e-005 5.818981e-003
502 4.081336e-004 2.209019e-002
503 2.414705e-005 4.148294e-003
504 2.414705e-005 4.148294e-003
505 2.414705e-005 4.148294e-003
506 8.668917e-005 6.563226e-003
507 4.676203e-005 6.162105e-003
508 4.470878e-005 5.169047e-003
509 4.470878e-005 5.169047e-003
510 4.878059e-005 6.388400e-003
511 2.314783e-005 4.036274e-003
512 4.470878e-005 5.169047e-003
513 2.314783e-005 4.036274e-003
514 1.156705e-003 2.799985e-002
515 7.157892e-005 4.602531e-003
516 7.157892e-005 4.602531e-003
517 1.382508e-004 6.637963e-003
518 4.047824e-005 4.485641e-003
519 1.382508e-004 6.637963e-003
520 2.459278e-004 8.279733e-003
521 1.382508e-004 6.637963e-003
522 1.382508e-004 6.637963e-003
523 1.382508e-004 6.637963e-003
524 1.273284e-004 5.452553e-003
525 7.157892e-005 4.602531e-003
526 1.382508e-004 6.637963e-003
527 7.157892e-005 4.602531e-003
528 6.876961e-005 4.113762e-003
529 1.382508e-004 6.637963e-003
530 4.266307e-005 4.233446e-003
531 7.157892e-005 4.602531e-003
532 1.564039e-004 7.728976e-003
533 1.627932e-004 8.840592e-003
534 8.792402e-005 6.684851e-003
535 8.792402e-005 6.684851e-003
536 3.213572e-004 1.301381e-002
537 3.213572e-004 1.301381e-002
538 1.627932e-004 8.840592e-003
539 1.698204e-004 9.306113e-003
540 3.213572e-004 1.301381e-002
541 3.213572e-004 1.301381e-002
542 5.593180e-004 1.720372e-002
543 1.627932e-004 8.840592e-003
544 7.157892e-005 4.602531e-003
545 4.509913e-005 2.332518e-003
546 2.272666e-005 1.694139e-003
547 1.503102e-005 1.822191e-003
548 2.688037e-005 2.075688e-003
549 4.258098e-006 1.375935e-003
550 4.509913e-005 2.332518e-003
551 1.354573e-005 1.564715e-003
552 1.826162e-004 6.407511e-003
553 1.224550e-004 5.049428e-003
554 2.521862e-005 1.965806e-003
555 4.509913e-005 2.332518e-003
556 7.574531e-006 1.436972e-003
557 1.503102e-005 1.822191e-003
558 2.670779e-005 2.190581e-003
559 1.503102e-005 1.822191e-003
560 1.503102e-005 1.822191e-003
561 1.503102e-005 1.822191e-003
562 1.503102e-005 1.822191e-003
563 5.306241e-005 2.738306e-003
564 1.503102e-005 1.822191e-003
565 5.864808e-005 3.761451e-003
566 1.503102e-005 1.822191e-003
567 4.978210e-005 2.521396e-003
568 4.978210e-005 2.521396e-003
569 4.978210e-005 2.521396e-003
570 4.978210e-005 2.521396e-003
571 2.521862e-005 1.965806e-003
572 4.978210e-005 2.521396e-003
573 2.521862e-005 1.965806e-003
574 4.978210e-005 2.521396e-003
575 2.521862e-005 1.965806e-003
576 4.978210e-005 2.521396e-003
577 2.521862e-005 1.965806e-003
578 9.839813e-005 4.321807e-003
579 7.173544e-004 1.749221e-002
580 4.978210e-005 2.521396e-003
581 2.521862e-005 1.965806e-003
582 4.978210e-005 2.521396e-003
583 5.094533e-005 3.088405e-003
584 2.521862e-005 1.965806e-003
585 4.978210e-005 2.521396e-003
586 7.013832e-005 5.100915e-003
587 8.400374e-005 7.299769e-003
588 3.473150e-005 3.576872e-003
589 7.574531e-006 1.436972e-003
590 9.767780e-004 2.193198e-002
591 4.978210e-005 2.521396e-003
592 1.591860e-005 1.991090e-003
593 2.116691e-004 6.999903e-003
594 4.978210e-005 2.521396e-003
595 4.158298e-005 4.599433e-003
596 3.075150e-003 4.748128e-002
597 8.576561e-006 1.692230e-003
598 5.079055e-006 1.665238e-003
599 8.576561e-006 1.692230e-003
600 8.576561e-006 1.692230e-003
601 1.645881e-005 2.118763e-003
602 1.656516e-005 2.047960e-003
603 1.732591e-005 2.535742e-003
604 8.576561e-006 1.692230e-003
605 8.576561e-006 1.692230e-003
606 8.576561e-006 1.692230e-003
607 5.079055e-006 1.665238e-003
608 8.576561e-006 1.692230e-003
609 1.402140e-004 6.053692e-003
610 5.339350e-005 2.932242e-003
611 5.881640e-004 2.242035e-002
612 2.653111e-004 9.302492e-003
613 9.831381e-005 9.319844e-003
614 1.812604e-004 1.275548e-002
615 1.336973e-004 5.903728e-003
616 2.145370e-005 3.052104e-003
617 1.430698e-004 6.968727e-003
618 6.180833e-005 3.595334e-003
619 6.411660e-005 3.594819e-003
620 6.723945e-005 4.273163e-003
621 2.060759e-004 6.129254e-003
622 1.123688e-004 4.391813e-003
623 7.750540e-005 5.651785e-003
624 6.723945e-005 4.273163e-003
625 3.836622e-005 3.527118e-003
626 3.045125e-004 1.497239e-002
627 3.836622e-005 3.527118e-003
628 1.454936e-004 5.862423e-003
629 2.485518e-004 7.796665e-003
630 1.331387e-004 5.575043e-003
631 4.084349e-005 4.817005e-003
632 1.642366e-004 1.224588e-002
633 2.434388e-005 4.349908e-003
634 2.391329e-005 3.887757e-003
635 4.085235e-005 3.557742e-003
636 2.434388e-005 4.349908e-003
637 4.701887e-005 6.090153e-003
638 4.701887e-005 6.090153e-003
639 9.457853e-005 7.582337e-003
640 2.155031e-005 3.143254e-003
641 2.434388e-005 4.349908e-003
642 4.276478e-005 4.809587e-003
643 2.952980e-004 9.065106e-003
644 2.391329e-005 3.887757e-003
645 1.525535e-004 6.363315e-003
646 1.796350e-004 8.582606e-003
647 5.217975e-005 5.587975e-003
648 4.313832e-004 9.690653e-003
649 4.506762e-005 4.082116e-003
650 4.506762e-005 4.082116e-003
651 4.506762e-005 4.082116e-003
652 7.898412e-005 4.654602e-003
653 1.892344e-003 4.473206e-002
654 7.078611e-004 3.040686e-002
655 3.127610e-005 2.383227e-003
656 2.512443e-004 8.852955e-003
657 3.066231e-003 7.388970e-002
658 7.379902e-005 5.267019e-003
659 9.964352e-005 7.878502e-003
660 5.962488e-005 7.773289e-003
661 9.801605e-005 7.973187e-003
662 5.696742e-004 1.617889e-002
663 7.202240e-005 4.462694e-003
664 9.403164e-005 7.988962e-003
665 5.962488e-005 7.773289e-003
666 1.699197e-004 1.007933e-002
667 7.471240e-005 5.312699e-003
668 4.309691e-005 4.386646e-003
669 1.183205e-004 1.190982e-002
670 1.586294e-004 8.782316e-003
671 1.699197e-004 1.007933e-002
672 4.601458e-005 5.110450e-003
673 5.635052e-004 1.708096e-002
674 2.380225e-005 4.489194e-003
675 3.699884e-004 1.000251e-002
676 1.248574e-004 5.444536e-003
677 4.318560e-004 8.613855e-003
678 9.580748e-005 3.262859e-003
679 4.673717e-004 1.143049e-002
680 3.095064e-005 2.498693e-003
681 1.044899e-004 4.326875e-003
682 2.302987e-003 4.286731e-002
683 1.617818e-004 3.581333e-003
684 2.588627e-004 1.062355e-002
685 8.971224e-005 3.321668e-003
686 8.729812e-004 1.532920e-002
687 2.948105e-005 2.364720e-003
688 9.580748e-005 3.262859e-003
689 9.325008e-005 3.079446e-003
690 5.174528e-005 2.386985e-003
691 1.850469e-004 5.081544e-003
692 8.152618e-005 2.323450e-003
693 5.174528e-005 2.386985e-003
694 4.870840e-005 2.576356e-003
695 7.058233e-005 4.401773e-003
696 4.972304e-004 1.147277e-002
697 1.022121e-003 2.344059e-002
698 8.773080e-004 2.445203e-002
699 2.549686e-004 7.560066e-003
700 1.431522e-004 6.161922e-003
701 7.213821e-005 4.321111e-003
702 1.400647e-004 6.321989e-003
703 3.654379e-005 3.639020e-003
704 2.944607e-004 1.049395e-002
705 3.654379e-005 3.639020e-003
706 7.058233e-005 4.401773e-003
707 3.654379e-005 3.639020e-003
708 7.729939e-004 2.151645e-002
709 1.690495e-004 1.024434e-002
710 1.803476e-004 1.042907e-002
711 3.578846e-004 1.717999e-002
712 6.795738e-005 5.153482e-003
713 1.690495e-004 1.024434e-002
714 9.327865e-005 7.649433e-003
715 4.700560e-005 5.070707e-003
716 1.069057e-004 9.528960e-003
717 3.276453e-004 1.270693e-002
718 7.855452e-005 5.153653e-003
719 9.078876e-005 6.957648e-003
720 1.803476e-004 1.042907e-002
721 4.700560e-005 5.070707e-003
722 1.517238e-004 7.117853e-003
723 1.690495e-004 1.024434e-002
724 4.700560e-005 5.070707e-003
725 4.700560e-005 5.070707e-003
726 9.078876e-005 6.957648e-003
727 1.148628e-003 2.474895e-002
728 5.606194e-005 8.822225e-003
729 5.415630e-005 7.532705e-003
730 9.495823e-005 8.251812e-003
731 2.381211e-005 4.192969e-003
732 2.381211e-005 4.192969e-003
733 4.700560e-005 5.070707e-003
734 5.415630e-005 7.532705e-003
735 4.061935e-005 4.480183e-003
736 1.750349e-004 1.050071e-002
737 3.744033e-004 1.970478e-002
738 1.834066e-004 1.206371e-002
739 4.700560e-005 5.070707e-003
740 4.700560e-005 5.070707e-003
741 2.381211e-005 4.192969e-003
742 5.223038e-005 7.659612e-003
743 4.700560e-005 5.070707e-003
744 7.855452e-005 5.153653e-003
745 1.031039e-004 1.013048e-002
746 4.700560e-005 5.070707e-003
747 4.700560e-005 5.070707e-003
748 2.742524e-005 5.017340e-003
749 1.868746e-004 1.232745e-002
750 2.047691e-004 6.114619e-003
751 1.108316e-004 5.013623e-003
752 1.108316e-004 5.013623e-003
753 8.453660e-004 1.408568e-002
754 8.618004e-005 2.971329e-003
755 1.013635e-004 3.463822e-003
756 1.915131e-004 5.705380e-003
757 2.466607e-004 6.771041e-003
758 5.614507e-005 3.574102e-003
759 4.908322e-005 2.320404e-003
760 3.183993e-004 6.488369e-003
761 6.432133e-004 1.222465e-002
762 2.428273e-005 4.858198e-003
763 2.428273e-005 4.858198e-003
764 4.262117e-005 4.876537e-003
765 3.873612e-003 5.031287e-002
766 3.758671e-003 5.133566e-002
767 3.845798e-004 1.335857e-002
768 7.356359e-004 3.835246e-002
769 1.014590e-004 4.543105e-003
770 4.461076e-005 2.405430e-003
771 4.461076e-005 2.405430e-003
772 1.935179e-005 3.545216e-003
773 1.248838e-004 6.156361e-003
774 1.935179e-005 3.545216e-003
775 3.840199e-005 5.195499e-003
776 3.460732e-005 3.932795e-003
777 1.014590e-004 4.543105e-003
778 7.258577e-005 6.199604e-003
779 6.531205e-005 4.596788e-003
780 1.935179e-005 3.545216e-003
781 3.172927e-005 3.573378e-003
782 8.508833e-006 1.966666e-003
783 1.704034e-005 2.417700e-003
784 1.014590e-004 4.543105e-003
785 2.855892e-005 2.616547e-003
786 4.683433e-005 2.709760e-003
787 4.957900e-005 2.989195e-003
788 4.919162e-005 3.203182e-003
789 4.919162e-005 3.203182e-003
790 8.807011e-005 3.541461e-003
791 1.267262e-005 1.458844e-003
792 5.089956e-005 3.449917e-003
793 5.122846e-005 3.269734e-003
794 1.233367e-003 2.058088e-002
795 2.161509e-005 1.934446e-003
796 1.415967e-005 2.402540e-003
797 1.409235e-004 3.845496e-003
798 4.205526e-005 2.385784e-003
799 1.427025e-004 4.849616e-003
800 4.366566e-005 3.025054e-003
801 8.076111e-005 3.617717e-003
802 2.454708e-005 2.703400e-003
803 2.503766e-004 4.962685e-003
804 4.501751e-005 3.232103e-003
805 5.197474e-005 4.263324e-003
806 6.281576e-004 2.083008e-002
807 2.791459e-005 2.464180e-003
808 1.439160e-005 1.928500e-003
809 1.409235e-004 3.845496e-003
810 4.639684e-006 1.823936e-003
811 5.960285e-005 5.029795e-003
812 9.128079e-006 2.550394e-003
813 4.896241e-004 1.336665e-002
814 8.433997e-005 7.041572e-003
815 8.433997e-005 7.041572e-003
816 2.678552e-004 7.879649e-003
817 1.649493e-004 8.094070e-003
818 1.322334e-004 6.625041e-003
819 1.322334e-004 6.625041e-003
820 1.727038e-004 1.111751e-002
821 2.813835e-004 1.110164e-002
822 2.873016e-004 1.602749e-002
823 7.948136e-004 4.389809e-002
824 2.208895e-003 7.989883e-002
825 1.645071e-003 6.424223e-002
826 1.118673e-003 3.221266e-002
827 7.135476e-004 3.901129e-002
828 1.821766e-003 9.186151e-002
829 3.270855e-003 3.909888e-002
830 6.128495e-005 4.355061e-003
831 5.069818e-005 2.951222e-003
832 2.552051e-005 4.146752e-003
833 4.544037e-005 7.006014e-003
834 3.002355e-005 2.826214e-003
835 3.918436e-005 4.847325e-003
836 3.276641e-005 3.232239e-003
837 9.387765e-005 4.141474e-003
838 3.174459e-005 3.334381e-003
839 5.204856e-005 3.380577e-003
840 1.279497e-004 9.245055e-003
841 5.204856e-005 3.380577e-003
842 1.037831e-004 5.585086e-003
843 1.539222e-004 4.278087e-003
844 1.737105e-004 5.284020e-003
845 1.005289e-004 4.735435e-003
846 3.035699e-004 7.427367e-003
847 5.204856e-005 3.380577e-003
848 1.005289e-004 4.735435e-003
849 1.775505e-004 5.793541e-003
850 5.259173e-005 3.482874e-003
851 5.015258e-004 8.175016e-003
852 5.275162e-005 3.610692e-003
853 8.788991e-005 3.597290e-003
854 5.306431e-005 3.175669e-003
855 5.259173e-005 3.482874e-003
856 7.857457e-006 1.384984e-003
857 1.156274e-005 1.102615e-003
858 9.242830e-006 1.833351e-003
859 7.857457e-006 1.384984e-003
860 2.610893e-004 1.001705e-002
861 5.998867e-005 3.821948e-003
862 7.857457e-006 1.384984e-003
863 4.657709e-006 1.341711e-003
864 4.547230e-006 1.346128e-003
865 4.794876e-006 1.377811e-003
866 1.497669e-005 1.723242e-003
867 4.657709e-006 1.341711e-003
868 2.695487e-006 1.318678e-003
869 4.990752e-006 1.523349e-003
870 7.857457e-006 1.384984e-003
871 4.657709e-006 1.341711e-003
872 1.517625e-005 1.712454e-003
873 4.657709e-006 1.341711e-003
874 7.921582e-006 1.224274e-003
875 9.782204e-005 2.440401e-002
876 4.794876e-006 1.377811e-003
877 4.547230e-006 1.346128e-003
878 8.877815e-006 1.632833e-003
879 2.695487e-006 1.318678e-003
880 2.695487e-006 1.318678e-003
881 4.657709e-006 1.341711e-003
882 1.512343e-005 1.455241e-003
883 1.238952e-005 1.216504e-003
884 4.657709e-006 1.341711e-003
885 7.599210e-006 1.357907e-003
886 4.393737e-005 1.918182e-003
887 1.540489e-005 1.590973e-003
888 1.150533e-004 5.257906e-003
889 1.166287e-004 4.639288e-003
890 1.097598e-004 4.091391e-003
891 4.488053e-004 9.761443e-003
892 1.384977e-004 5.354671e-003
893 5.222386e-005 2.182158e-003
894 1.540489e-005 1.590973e-003
895 4.785424e-005 2.346167e-003
896 9.390709e-005 3.677969e-003
897 1.510586e-004 8.336487e-003
898 8.263803e-005 6.105514e-003
899 4.864551e-004 9.729175e-003
900 2.584591e-005 1.738160e-003
901 2.534784e-005 1.730792e-003
902 7.792305e-005 2.210518e-003
903 9.546994e-005 3.018801e-003
904 1.483649e-003 2.009783e-002
905 1.778214e-004 3.704255e-003
906 5.872233e-004 7.548199e-003
907 9.434355e-004 2.212461e-002
908 1.491860e-005 1.920826e-003
909 2.493156e-005 1.959470e-003
910 7.665943e-006 1.366538e-003
911 8.605605e-006 1.696297e-003
912 1.924094e-005 1.217878e-003
913 3.783818e-006 1.093885e-003
914 2.282250e-005 1.604270e-003
915 8.843381e-006 1.830768e-003
916 1.744206e-004 4.200195e-003
917 8.843381e-006 1.830768e-003
918 2.008032e-005 1.350055e-003
919 4.374117e-006 1.286061e-003
920 8.448368e-006 1.484125e-003
921 5.747879e-006 9.627947e-004
922 6.745425e-006 1.190773e-003
923 3.446146e-004 7.636619e-003
924 6.732414e-005 3.758600e-003
925 1.923266e-006 9.135070e-004
926 5.312963e-005 2.815868e-003
927 6.207879e-006 1.010216e-003
928 1.239866e-005 1.345501e-003
929 1.662126e-005 2.085966e-003
930 1.228249e-005 1.289693e-003
931 1.459968e-005 1.790830e-003
932 4.374117e-006 1.286061e-003
933 6.041293e-006 1.023147e-003
934 3.184068e-005 1.261573e-003
935 1.143129e-005 1.170945e-003
936 6.243031e-006 1.013034e-003
937 1.743516e-005 1.051142e-003
938 7.420827e-006 1.334111e-003
939 8.448368e-006 1.484125e-003
940 1.767007e-005 1.142938e-003
941 3.430977e-005 1.588497e-003
942 4.374117e-006 1.286061e-003
943 6.125351e-006 9.716651e-004
944 1.605771e-005 9.941143e-004
945 2.017436e-005 1.163300e-003
946 3.343092e-005 1.218296e-003
947 3.347487e-004 1.247963e-002
948 5.514980e-005 5.578201e-003
949 9.153441e-005 6.200080e-003
950 5.477254e-005 6.103430e-003
951 1.157380e-004 1.106396e-002
952 3.022288e-005 6.753892e-003
953 8.124408e-005 5.792763e-003
954 1.103681e-005 2.642611e-003
955 1.614181e-004 8.514696e-003
956 1.103681e-005 2.642611e-003
957 5.178054e-005 6.435933e-003
958 2.781042e-005 5.251248e-003
959 3.936034e-004 2.072139e-002
960 1.174616e-004 1.258785e-002
961 5.178054e-005 6.435933e-003
962 1.022159e-004 8.311662e-003
963 3.585834e-005 3.011257e-003
964 1.174616e-004 1.258785e-002
965 2.503646e-005 4.670481e-003
966 4.695177e-004 2.887212e-002
967 2.318717e-004 1.684285e-002
968 1.934277e-005 2.855622e-003
969 1.100827e-004 3.718798e-003
970 1.022159e-004 8.311662e-003
971 1.103681e-005 2.642611e-003
972 2.954550e-005 5.865702e-003
973 5.477254e-005 6.103430e-003
974 2.046044e-005 2.731414e-003
975 2.824678e-005 4.924345e-003
976 2.666437e-004 9.806654e-003
977 4.226335e-005 1.829468e-003
978 4.451074e-005 1.982455e-003
979 2.843664e-005 2.209678e-003
980 7.093535e-006 1.102312e-003
981 2.156520e-005 3.085743e-003
982 4.797202e-005 2.413243e-003
983 1.507999e-005 1.865490e-003
984 2.976822e-005 2.339054e-003
985 1.781277e-005 2.292913e-003
986 1.781277e-005 2.292913e-003
987 4.004092e-006 1.050478e-003
988 1.500100e-005 1.596548e-003
989 4.198909e-005 3.673441e-003
990 1.781277e-005 2.292913e-003
991 4.015764e-005 3.569394e-003
992 9.023594e-006 1.842116e-003
993 1.507999e-005 1.865490e-003
994 1.507999e-005 1.865490e-003
995 9.023594e-006 1.842116e-003
996 2.976822e-005 2.339054e-003
997 2.046958e-005 3.497623e-003
998 1.781277e-005 2.292913e-003
999 1.568514e-005 1.635415e-003
1000 4.705507e-006 1.301834e-003
1001 4.705507e-006 1.301834e-003
1002 1.568514e-005 1.635415e-003
1003 7.863718e-006 1.314023e-003
1004 1.781277e-005 2.292913e-003
1005 1.781277e-005 2.292913e-003
1006 1.507999e-005 1.865490e-003
1007 2.976822e-005 2.339054e-003
1008 9.023594e-006 1.842116e-003
1009 2.696795e-005 2.094967e-003
1010 2.696795e-005 2.094967e-003
1011 2.696795e-005 2.094967e-003
1012 2.696795e-005 2.094967e-003
1013 1.507999e-005 1.865490e-003
1014 2.696795e-005 2.094967e-003
1015 1.507999e-005 1.865490e-003
1016 7.945783e-006 1.335232e-003
1017 7.599210e-006 1.357907e-003
1018 2.696795e-005 2.094967e-003
1019 4.797202e-005 2.413243e-003
1020 1.358987e-005 1.473547e-003
1021 1.568514e-005 1.635415e-003
1022 4.004092e-006 1.050478e-003
1023 7.945783e-006 1.335232e-003
1024 7.733686e-006 1.231787e-003
1025 1.475539e-005 1.737536e-003
1026 2.858969e-003 9.414250e-002
1027 1.857324e-004 1.247038e-002
1028 3.053214e-004 1.309307e-002
1029 2.076203e-004 1.343020e-002
1030 1.108222e-003 2.531005e-002
1031 1.778193e-003 2.908756e-002
1032 6.137712e-005 4.132905e-003
1033 2.735383e-004 8.937476e-003
1034 1.010459e-003 1.987392e-002
1035 3.009136e-005 2.576192e-003
1036 7.481746e-005 5.976480e-003
1037 1.648392e-004 8.165722e-003
1038 2.969132e-005 2.350939e-003
1039 1.210402e-004 5.167087e-003
1040 7.894754e-005 6.346059e-003
1041 1.238232e-004 1.729574e-002
1042 1.231862e-004 7.677315e-003
1043 1.231862e-004 7.677315e-003
1044 1.901836e-004 5.743776e-003
1045 6.431399e-005 4.020952e-003
1046 1.231862e-004 7.677315e-003
1047 1.857324e-004 1.247038e-002
1048 3.297692e-004 1.984759e-002
1049 4.788759e-005 6.390958e-003
1050 5.348134e-004 4.750819e-002
1051 5.366910e-004 3.803647e-002
1052 3.970826e-006 1.155679e-003
1053 8.790613e-006 1.666507e-003
1054 1.838121e-004 1.208348e-002
1055 7.519651e-006 1.439145e-003
1056 2.340402e-005 3.881377e-003
1057 1.474865e-005 1.817689e-003
1058 8.936475e-006 1.741364e-003
1059 3.306333e-006 9.808169e-004
1060 1.118039e-006 9.185195e-004
1061 2.238294e-005 1.557437e-003
1062 7.500254e-006 1.543808e-003
1063 3.148881e-005 2.745799e-003
1064 5.024248e-005 5.634990e-003
1065 5.024248e-005 5.634990e-003
1066 7.243297e-006 1.387281e-003
1067 4.406225e-006 1.368650e-003
1068 7.243297e-006 1.387281e-003
1069 7.243297e-006 1.387281e-003
1070 1.169274e-004 1.102414e-002
1071 2.603367e-005 4.158353e-003
1072 9.288508e-006 2.295652e-003
1073 5.370409e-005 6.376958e-003
1074 3.306333e-006 9.808169e-004
1075 9.255691e-005 9.081185e-003
1076 1.144680e-005 2.543787e-003
1077 3.064306e-005 5.601151e-003
1078 4.586261e-006 1.432471e-003
1079 6.929916e-005 4.191205e-003
1080 7.352068e-006 1.303033e-003
1081 7.352068e-006 1.303033e-003
1082 7.352068e-006 1.303033e-003
1083 7.352068e-006 1.303033e-003
1084 3.970826e-006 1.155679e-003
1085 3.345658e-005 3.442212e-003
1086 3.970826e-006 1.155679e-003
1087 6.342037e-006 1.219012e-003
1088 1.492357e-005 4.372628e-003
1089 3.970826e-006 1.155679e-003
1090 2.376070e-006 1.149525e-003
1091 3.970826e-006 1.155679e-003
1092 1.302605e-003 3.946564e-002
1093 6.130368e-004 1.029872e-002
1094 3.653874e-004 7.753486e-003
1095 1.284693e-005 1.330143e-003
1096 1.284693e-005 1.330143e-003
1097 4.889469e-005 2.661835e-003
1098 5.194521e-005 3.123882e-003
1099 7.219101e-005 2.305741e-003
1100 3.573552e-005 1.485645e-003
1101 3.573552e-005 1.485645e-003
1102 3.899011e-005 1.760777e-003
1103 3.573552e-005 1.485645e-003
1104 2.793645e-004 1.081084e-002
1105 1.284693e-005 1.330143e-003
1106 2.653064e-005 1.841630e-003
1107 4.451237e-005 2.138045e-003
1108 1.284693e-005 1.330143e-003
1109 2.155422e-005 1.473676e-003
1110 1.122079e-004 2.304235e-003
1111 4.889469e-005 2.661835e-003
1112 9.443743e-005 3.920698e-003
1113 9.202465e-005 3.661240e-003
1114 1.494402e-005 1.742063e-003
1115 1.552436e-004 4.320001e-003
1116 1.284693e-005 1.330143e-003
1117 2.111879e-005 1.384463e-003
1118 4.889469e-005 2.661835e-003
1119 9.443743e-005 3.920698e-003
1120 4.561533e-005 2.153463e-003
1121 1.081365e-004 2.055904e-003
1122 6.463633e-005 2.042911e-003
1123 3.827552e-005 1.388500e-003
1124 4.648519e-005 2.202438e-003
1125 2.718803e-005 1.893693e-003
1126 6.667713e-005 2.022737e-003
1127 3.974146e-005 1.673110e-003
1128 3.900541e-005 1.404557e-003
1129 2.316268e-005 1.758700e-003
1130 6.813364e-005 2.264851e-003
1131 1.966913e-004 4.377554e-003
1132 4.765625e-004 2.324785e-002
1133 2.499517e-004 8.209666e-003
1134 6.925750e-005 2.106070e-003
1135 7.470739e-006 1.170231e-003
1136 2.311292e-005 1.429979e-003
1137 4.928484e-005 2.293079e-003
1138 4.494857e-005 2.047053e-003
1139 5.256612e-005 2.460682e-003
1140 6.154131e-004 2.204257e-002
1141 1.084940e-004 4.515577e-003
1142 2.905036e-005 2.062880e-003
1143 4.900734e-005 2.270838e-003
1144 2.405972e-004 7.253752e-003
1145 8.987579e-005 2.972851e-003
1146 2.466204e-004 7.596050e-003
1147 4.261516e-004 9.135334e-003
1148 8.987579e-005 2.972851e-003
1149 5.256612e-005 2.460682e-003
1150 3.951770e-005 1.655176e-003
1151 3.921180e-005 1.606860e-003
1152 6.704301e-005 1.957601e-003
1153 3.921180e-005 1.606860e-003
1154 4.586564e-005 2.088319e-003
1155 2.311292e-005 1.429979e-003
1156 1.373623e-004 5.932395e-003
1157 4.483811e-004 9.142987e-003
1158 2.378856e-004 5.697533e-003
1159 8.897744e-004 1.661740e-002
1160 8.717617e-005 2.704960e-003
1161 8.886287e-005 2.391521e-003
1162 3.323778e-004 6.470670e-003
1163 2.378856e-004 5.697533e-003
1164 8.717617e-005 2.704960e-003
1165 9.093928e-005 2.848154e-003
1166 4.805640e-004 1.036681e-002
1167 1.260425e-004 4.820018e-003
1168 9.093928e-005 2.848154e-003
1169 3.323778e-004 6.470670e-003
1170 3.323778e-004 6.470670e-003
1171 8.717617e-005 2.704960e-003
1172 2.378856e-004 5.697533e-003
1173 4.912659e-004 9.976739e-003
1174 9.532641e-004 1.580436e-002
1175 4.028984e-004 1.022370e-002
1176 2.220625e-003 1.436453e-001
1177 2.828276e-005 2.265375e-003
1178 2.394677e-004 8.162623e-003
1179 1.173540e-004 1.331345e-002
1180 1.092965e-004 1.304846e-002
1181 5.316249e-005 7.645206e-003
1182 1.026422e-004 9.535087e-003
1183 1.762532e-004 5.613815e-003
1184 4.552726e-004 1.349481e-002
1185 3.802787e-004 1.153760e-002
1186 1.216306e-004 6.678725e-003
1187 6.020881e-005 3.689324e-003
1188 6.020881e-005 3.689324e-003
1189 2.306321e-004 8.413772e-003
1190 4.934228e-004 2.008825e-002
1191 1.365807e-004 7.687922e-003
1192 2.252017e-004 1.034078e-002
1193 3.802787e-004 1.153760e-002
1194 4.027342e-004 1.492705e-002
1195 2.175153e-004 9.155755e-003
1196 2.175153e-004 9.155755e-003
1197 1.188535e-004 5.617532e-003
1198 2.401015e-004 1.057399e-002
1199 1.216306e-004 6.678725e-003
1200 2.252017e-004 1.034078e-002
1201 3.322125e-004 9.396020e-003
1202 1.301572e-004 8.818604e-003
1203 2.347189e-004 1.203419e-002
1204 2.256394e-004 1.315557e-002
1205 8.411699e-005 3.191318e-003
1206 2.116718e-004 6.291010e-003
1207 1.950071e-005 3.117910e-003
1208 2.637013e-004 1.322364e-002
1209 6.607012e-005 4.523818e-003
1210 1.747486e-004 3.910365e-003
1211 3.454839e-005 1.579684e-003
1212 2.612979e-005 1.998319e-003
1213 4.085655e-005 4.835051e-003
1214 7.459323e-005 5.407050e-003
1215 3.386097e-004 1.453878e-002
1216 2.038139e-005 3.846445e-003
1217 1.629144e-003 2.001685e-002
1218 8.858957e-005 3.394988e-003
1219 5.788592e-006 9.987287e-004
1220 2.652683e-005 2.317990e-003
1221 1.122257e-005 1.436126e-003
1222 2.696132e-004 1.206197e-002
1223 1.368613e-005 1.588884e-003
1224 1.169381e-005 1.322099e-003
1225 8.063165e-005 2.898947e-003
1226 1.385811e-005 1.921135e-003
1227 8.385529e-004 4.009153e-002
1228 2.912746e-005 2.317263e-003
1229 6.955416e-006 1.042783e-003
1230 9.335973e-006 1.937462e-003
1231 4.745354e-006 1.365012e-003
1232 5.248310e-006 1.832150e-003
1233 9.294017e-006 1.979250e-003
1234 1.662074e-005 2.250720e-003
1235 1.553191e-005 2.003324e-003
1236 1.553191e-005 2.003324e-003
1237 9.294017e-006 1.979250e-003
1238 1.553191e-005 2.003324e-003
1239 9.294017e-006 1.979250e-003
1240 2.389917e-003 4.866513e-002
1241 4.099260e-005 1.715036e-003
1242 9.294017e-006 1.979250e-003
1243 2.521346e-005 1.923140e-003
1244 9.294017e-006 1.979250e-003
1245 1.553191e-005 2.003324e-003
1246 9.198027e-006 1.954442e-003
1247 1.223367e-004 4.701040e-003
1248 5.339405e-004 1.392169e-002
1249 1.399293e-004 6.120225e-003
1250 1.399293e-004 6.120225e-003
1251 2.117563e-004 5.531282e-003
1252 2.362866e-004 6.468813e-003
1253 2.362133e-004 5.098925e-003
1254 7.878257e-005 2.890542e-003
1255 6.180279e-004 1.301604e-002
1256 4.867962e-005 2.476670e-003
1257 7.586350e-004 1.846691e-002
1258 1.787992e-004 5.787521e-003
1259 5.685349e-004 8.227143e-003
1260 4.791462e-005 5.312983e-003
1261 1.248839e-005 1.558217e-003
1262 1.928079e-004 6.575479e-003
1263 2.848815e-005 2.042128e-003
1264 1.773021e-004 5.614380e-003
1265 1.738682e-005 2.364384e-003
1266 8.585500e-005 3.288056e-003
1267 1.472523e-005 1.837675e-003
1268 3.009717e-005 2.273589e-003
1269 4.334269e-004 9.184916e-003
1270 1.188490e-004 5.403798e-003
1271 6.731596e-005 5.010081e-003
1272 2.934282e-005 2.387610e-003
1273 2.563194e-005 1.827464e-003
1274 3.462700e-004 8.861801e-003
1275 2.150133e-004 7.421087e-003
1276 4.348911e-004 1.323911e-002
1277 3.890727e-004 2.661994e-002
1278 5.997078e-004 2.177118e-002
1279 3.845964e-005 1.912862e-003
1280 1.212359e-004 5.283574e-003
1281 8.300572e-005 7.067652e-003
1282 2.072017e-004 8.325080e-003
1283 1.733175e-004 5.820379e-003
1284 5.958791e-004 1.198277e-002
1285 9.314162e-005 4.101825e-003
1286 1.535624e-004 8.758963e-003
1287 2.448054e-005 2.074462e-003
1288 9.216340e-004 1.623942e-002
1289 1.873074e-003 5.149131e-002
1290 1.211820e-005 1.371159e-003
1291 9.402203e-005 3.661112e-003
1292 4.554001e-005 2.361507e-003
1293 3.272720e-004 1.812411e-002
1294 1.535232e-005 1.945672e-003
1295 1.439845e-004 3.683876e-003
1296 9.706507e-005 4.059768e-003
1297 6.813553e-004 3.353227e-002
1298 4.358056e-004 3.395638e-002
1299 4.329236e-005 4.706999e-003
1300 1.001203e-003 2.795046e-002
1301 2.582439e-005 2.055446e-003
1302 1.473516e-005 1.796967e-003
1303 1.557350e-004 9.271265e-003
1304 1.544613e-004 8.029048e-003
1305 8.771642e-005 7.332135e-003
1306 1.261918e-004 6.229338e-003
1307 6.405625e-005 4.090777e-003
1308 8.235028e-005 7.459130e-003
1309 2.529762e-004 9.065112e-003
1310 4.134925e-004 2.028518e-002
1311 2.924676e-004 1.280323e-002
1312 2.302716e-004 1.539847e-002
1313 3.073612e-005 3.053122e-003
1314 1.437584e-004 4.316367e-003
1315 1.169352e-004 2.286714e-003
1316 2.224127e-005 4.423314e-003
1317 4.965001e-005 2.923777e-003
1318 7.542520e-006 1.746241e-003
1319 3.888882e-005 1.778735e-003
1320 2.111829e-005 3.899027e-003
1321 2.050396e-005 3.656194e-003
1322 1.181622e-005 1.377287e-003
1323 6.298564e-005 4.940374e-003
1324 2.078376e-005 1.325729e-003
1325 3.398525e-005 3.149264e-003
1326 4.962088e-005 2.141914e-003
1327 2.426341e-005 4.477305e-003
1328 1.395888e-005 1.738703e-003
1329 1.714640e-005 2.516500e-003
1330 2.719905e-005 2.207379e-003
1331 9.476960e-005 3.109632e-003
1332 5.344385e-004 1.684198e-002
1333 1.231815e-004 6.826947e-003
1334 1.566742e-004 1.370857e-002
1335 6.948911e-005 5.964984e-003
1336 6.245398e-005 4.422120e-003
1337 3.548881e-005 1.735283e-003
1338 5.479280e-005 3.933513e-003
1339 1.088294e-004 1.462000e-002
1340 4.616618e-005 7.053864e-003
1341 4.453471e-005 2.247300e-003
1342 6.872077e-006 1.413019e-003
1343 9.804669e-004 2.302499e-002
1344 6.090984e-005 4.062670e-003
1345 4.021961e-004 1.002035e-002
1346 3.639063e-004 1.146239e-002
1347 3.544947e-004 1.233883e-002
1348 7.827722e-005 6.365044e-003
1349 8.953530e-005 6.741655e-003
1350 2.056984e-003 3.783804e-002
1351 1.228475e-003 2.967644e-002
1352 1.400359e-004 1.022286e-002
1353 3.290571e-005 2.951400e-003
1354 2.575681e-005 2.160284e-003
1355 5.236552e-004 1.535058e-002
1356 6.102454e-005 3.725982e-003
1357 3.850169e-005 3.846074e-003
1358 4.573801e-004 9.438449e-003
1359 2.819254e-004 1.417550e-002
1360 1.192303e-005 1.440883e-003
1361 1.334471e-004 3.466851e-003
1362 2.517542e-005 2.026094e-003
1363 1.162436e-005 1.166634e-003
1364 6.370654e-006 1.056059e-003
1365 8.503955e-006 1.487463e-003
1366 7.332008e-005 5.311029e-003
1367 6.105044e-005 3.365463e-003
1368 1.605249e-005 1.872702e-003
1369 2.374816e-005 1.552196e-003
1370 3.812084e-006 1.046184e-003
1371 1.218748e-005 1.350945e-003
1372 2.157363e-006 1.008835e-003
1373 1.469519e-005 1.684991e-003
1374 4.667865e-005 2.532089e-003
1375 4.892364e-004 1.133025e-002
1376 1.317901e-005 1.340872e-003
1377 6.224104e-005 3.456866e-003
1378 1.345302e-004 4.170821e-003
1379 1.343700e-004 6.097808e-003
1380 2.942596e-004 1.283493e-002
1381 1.469340e-004 8.951375e-003
1382 3.141932e-005 1.182619e-003
1383 2.065128e-005 1.414024e-003
1384 8.288956e-004 2.013798e-002
1385 2.996564e-004 4.621922e-003
1386 3.228193e-004 7.489046e-003
1387 4.491738e-004 1.406451e-002
1388 7.883920e-004 1.440373e-002
1389 1.269893e-004 2.980964e-003
1390 4.470022e-004 1.355378e-002
1391 6.967862e-005 4.595451e-003
1392 1.006171e-004 1.121064e-002
1393 2.480622e-005 1.845061e-003
1394 7.003872e-005 5.527649e-003
1395 1.895898e-004 1.324869e-002
1396 2.784687e-005 2.432591e-003
1397 1.224405e-005 1.417627e-003
1398 1.710080e-004 1.085498e-002
1399 9.778167e-005 3.960269e-003
1400 1.449830e-005 1.672291e-003
1401 2.365098e-004 9.088346e-003
1402 2.432485e-005 1.778153e-003
1403 2.170231e-005 1.546325e-003
1404 3.970123e-004 5.891087e-003
1405 1.436671e-005 1.663553e-003
1406 5.751681e-005 4.349793e-003
1407 2.347209e-005 1.794846e-003
1408 1.417264e-005 2.001513e-003
1409 9.896937e-005 5.600828e-003
1410 6.356295e-005 2.422495e-003
1411 6.554836e-004 2.942795e-002
1412 4.952738e-004 1.386480e-002
1413 1.096863e-005 1.310958e-003
1414 1.773207e-004 1.542365e-002
1415 2.321813e-005 2.331148e-003
1416 1.393916e-005 1.813587e-003
1417 4.753909e-006 1.655454e-003
1418 2.325819e-005 1.780570e-003
1419 1.419850e-004 6.925386e-003
1420 1.034830e-004 1.239461e-002
1421 4.858954e-004 1.855641e-002
1422 6.940084e-005 5.497039e-003
1423 4.706713e-004 8.994883e-003
1424 1.711200e-004 5.332917e-003
1425 5.047290e-004 9.869797e-003
1426 2.469233e-004 7.010004e-003
1427 5.406847e-004 9.413022e-003
1428 1.127170e-005 1.134709e-003
1429 7.206733e-005 4.961017e-003
1430 2.704949e-004 5.686923e-003
1431 3.239327e-004 6.907732e-003
1432 2.508517e-004 4.477733e-003
1433 1.083631e-004 4.843789e-003
1434 3.754773e-004 2.119700e-002
1435 4.124240e-004 1.265544e-002
1436 7.172195e-004 1.239496e-002
1437 4.375214e-005 1.812422e-003
1438 4.170299e-005 1.820508e-003
1439 2.522026e-003 7.978252e-002
1440 2.511212e-004 8.086113e-003
1441 3.792409e-003 5.443268e-002
1442 2.340575e-005 1.756279e-003
1443 2.027479e-004 1.606586e-002
1444 1.264916e-004 2.078029e-002
1445 7.303926e-005 1.519051e-002
1446 5.932163e-005 3.993436e-003
1447 2.387161e-005 2.017905e-003
1448 1.014461e-004 5.926332e-003
1449 1.075416e-004 4.858612e-003
1450 1.763994e-004 6.137420e-003
1451 1.548144e-005 1.131363e-003
1452 2.521700e-004 5.683984e-003
1453 7.340254e-006 1.480132e-003
1454 1.534112e-004 9.311696e-003
1455 3.931803e-005 3.884659e-003
1456 6.392704e-005 4.045822e-003
1457 3.375311e-005 3.885399e-003
1458 9.772025e-006 2.748689e-003
1459 2.887367e-005 2.943544e-003
1460 4.006780e-005 3.928089e-003
1461 8.139133e-005 6.292843e-003
1462 4.669430e-005 6.650468e-003
1463 1.219228e-004 6.314660e-003
1464 9.651917e-004 1.799056e-002
1465 3.216354e-004 1.300184e-002
1466 1.884011e-003 3.357541e-002
1467 2.150300e-004 1.425886e-002
1468 5.454492e-004 1.677570e-002
1469 4.634213e-004 2.715402e-002
1470 4.164927e-005 1.995588e-003
1471 1.734840e-004 4.593337e-003
1472 1.008610e-004 3.757797e-003
1473 2.755484e-005 2.264847e-003
1474 1.490146e-004 9.470902e-003
1475 2.002435e-005 3.572355e-003
1476 1.880155e-005 3.093514e-003
1477 3.798369e-004 1.667464e-002
1478 3.090470e-004 1.207495e-002
1479 2.383524e-004 2.054940e-002
1480 2.686284e-004 1.160174e-002
1481 9.354404e-005 9.714885e-003
1482 3.557822e-004 2.134947e-002
1483 4.521512e-005 5.593481e-003
1484 9.236494e-005 4.122700e-003
1485 3.899776e-005 4.191854e-003
1486 3.981962e-004 9.390209e-003
1487 4.252974e-005 1.864302e-003
1488 9.644041e-005 4.198404e-003
1489 1.761728e-005 2.411059e-003
1490 5.215343e-005 2.601680e-003
1491 5.902740e-004 1.809600e-002
1492 9.371076e-005 3.702621e-003
1493 3.843618e-005 1.823025e-003
1494 3.222440e-004 5.006629e-003
1495 3.222440e-004 5.006629e-003
1496 1.880755e-005 1.139528e-003
1497 2.089080e-004 1.303149e-002
1498 9.131378e-004 1.611903e-002
1499 3.209924e-005 1.242064e-003
1500 8.758792e-005 2.981235e-003
1501 4.631805e-004 1.205228e-002
1502 1.510001e-004 3.086748e-003
1503 1.343269e-004 3.516562e-003
1504 7.077022e-004 1.177093e-002
1505 1.135966e-003 3.401326e-002
1506 1.015644e-005 1.048411e-003
1507 9.286167e-005 3.182309e-003
1508 1.824343e-003 4.985049e-002
1509 3.920101e-005 1.780790e-003
1510 3.106353e-005 2.603036e-003
1511 1.568075e-004 3.540056e-003
1512 5.288241e-006 9.406504e-004
1513 1.852837e-004 5.414328e-003
1514 3.695524e-005 3.085389e-003
1515 4.118464e-005 4.487042e-003
1516 3.499761e-004 7.502870e-003
1517 3.250142e-005 2.837212e-003
1518 1.208810e-003 1.920227e-002
1519 1.987873e-005 1.519571e-003
1520 9.479319e-005 4.248986e-003
1521 2.388234e-005 1.847181e-003
1522 5.598133e-005 3.258779e-003
1523 4.476251e-005 2.698195e-003
1524 3.679466e-004 7.581929e-003
1525 1.565268e-004 4.127814e-003
1526 1.325254e-004 7.106034e-003
1527 1.085096e-004 4.376213e-003
1528 6.047634e-005 4.084906e-003
1529 1.198291e-004 6.518500e-003
1530 5.090592e-005 2.750562e-003
1531 4.900469e-004 9.623450e-003
1532 1.073076e-004 4.622698e-003
1533 1.863325e-004 1.005552e-002
1534 1.896072e-003 2.739067e-002
1535 6.877698e-004 2.008583e-002
1536 1.541198e-003 5.027063e-002
1537 6.732922e-005 4.529342e-003
1538 4.166548e-003 7.327790e-002
1539 1.534132e-004 7.873478e-003
1540 7.192239e-004 3.502078e-002
1541 1.175525e-003 3.681546e-002
1542 1.102678e-003 2.411794e-002
1543 4.057497e-005 4.471411e-003
1544 2.178095e-004 7.483839e-003
1545 3.177886e-005 3.259149e-003
1546 5.858075e-005 3.832181e-003
1547 1.114203e-004 1.216121e-002
1548 2.509002e-004 2.851468e-002
1549 2.521894e-005 2.245892e-003
1550 3.453517e-005 3.890289e-003
1551 1.198019e-004 7.109323e-003
1552 3.679298e-006 1.099029e-003
1553 1.690255e-005 2.462048e-003
1554 5.282924e-004 2.115152e-002
1555 1.331426e-003 3.646773e-002
1556 1.519031e-004 9.129980e-003
1557 1.038814e-004 1.207410e-002
1558 6.630289e-004 3.946616e-002
1559 7.722298e-005 3.062737e-003
1560 1.728004e-005 3.022939e-003
1561 5.951423e-005 4.283397e-003
1562 5.057929e-005 1.032639e-002
1563 1.347256e-005 1.566748e-003
1564 1.121409e-004 5.864964e-003
1565 3.468508e-004 1.427103e-002
1566 6.756497e-005 4.287785e-003
1567 3.196271e-005 2.412061e-003
1568 2.270170e-005 1.663012e-003
1569 8.798174e-005 2.880449e-003
1570 3.261213e-004 6.361411e-003
1571 1.120296e-004 4.345039e-003
1572 1.421681e-005 1.716515e-003
1573 5.534731e-004 1.582951e-002
1574 3.525569e-005 2.995683e-003
1575 2.500447e-004 7.736311e-003
1576 4.131196e-004 6.447359e-003
1577 9.028218e-004 1.306955e-002
1578 2.353831e-005 5.815385e-003
1579 1.583295e-004 8.512133e-003
1580 2.668373e-005 2.331605e-003
1581 1.943101e-005 2.862093e-003
1582 1.968864e-005 4.084171e-003
1583 7.200658e-005 1.318146e-002
1584 6.093673e-005 4.787683e-003
1585 1.121423e-003 2.397879e-002
1586 2.213712e-003 3.644108e-002
1587 4.453887e-004 1.518360e-002
1588 2.281649e-004 1.168638e-002
1589 3.919656e-004 9.574342e-003
1590 9.689431e-004 3.277035e-002
1591 3.944114e-004 1.032184e-002
1592 2.017691e-004 7.258978e-003
1593 2.564753e-004 1.030151e-002
1594 3.330885e-004 6.026119e-003
1595 5.127956e-005 8.279686e-003
1596 1.014758e-004 3.369296e-003
1597 4.990846e-005 6.992439e-003
1598 5.250007e-004 1.251830e-002
1599 1.176510e-005 1.361837e-003
1600 5.232812e-004 1.559400e-002
1601 6.244104e-006 1.096379e-003
1602 8.415980e-004 1.361002e-002
1603 1.331014e-005 1.808545e-003
1604 2.397177e-005 1.708365e-003
1605 1.185453e-004 7.304962e-003
1606 1.027499e-005 2.791786e-003
1607 4.710085e-006 1.848501e-003
1608 1.358475e-005 1.683375e-003
1609 3.441691e-005 3.486682e-003
1610 1.283994e-004 8.493600e-003
1611 1.364293e-005 1.789502e-003
1612 1.421681e-005 1.716515e-003
1613 2.264437e-005 1.684960e-003
1614 5.618318e-005 3.473933e-003
1615 5.367467e-004 1.701799e-002
1616 3.695563e-004 1.056926e-002
1617 1.176559e-004 5.350650e-003
1618 1.641664e-004 8.423560e-003
1619 4.862553e-004 1.488609e-002
1620 1.628751e-004 5.547649e-003
1621 9.145148e-004 2.027589e-002
1622 4.217258e-005 2.199032e-003
1623 7.149581e-004 1.411337e-002
1624 5.623505e-005 3.594516e-003
1625 2.005639e-005 1.408289e-003
1626 7.259338e-005 5.425144e-003
1627 7.163416e-005 2.841999e-003
1628 3.429174e-005 1.591536e-003
1629 1.825684e-004 1.114477e-002
1630 1.142681e-005 1.399660e-003
1631 1.001594e-004 4.367408e-003
1632 7.595617e-005 5.979414e-003
1633 1.935556e-004 1.295558e-002
1634 2.322516e-003 3.885918e-002
1635 3.426020e-004 1.907790e-002
1636 5.175909e-003 1.304655e-001
1637 6.327662e-004 1.826819e-002
1638 2.006833e-004 5.308840e-003
1639 2.872172e-003 5.382537e-002
1640 2.376153e-004 6.491514e-003
1641 3.333360e-003 4.077602e-002
1642 6.192766e-004 1.843911e-002
1643 1.539920e-004 9.460977e-003
1644 4.697873e-004 3.449995e-002
1645 1.272439e-005 1.307973e-003
1646 1.330158e-005 1.715097e-003
1647 4.612037e-004 3.046110e-002
1648 4.182539e-005 3.908568e-003
1649 5.262229e-005 3.050212e-003
1650 2.566110e-004 1.102513e-002
1651 1.774254e-006 9.062923e-004
1652 2.624843e-003 2.757959e-002
1653 5.991082e-004 2.125271e-002
1654 2.437433e-005 2.208413e-003
1655 5.419142e-005 3.362120e-003
1656 5.405362e-005 3.160476e-003
1657 9.780054e-006 1.099197e-003
1658 6.473290e-005 1.700124e-003
1659 5.502474e-005 3.857877e-003
1660 1.331927e-005 1.906762e-003
1661 1.027094e-003 1.394802e-002
1662 1.320262e-004 6.446585e-003
1663 2.924111e-004 1.173300e-002
1664 8.326682e-005 6.288157e-003
1665 5.898356e-005 3.597569e-003
1666 5.955159e-004 9.873538e-003
1667 6.787727e-004 1.409401e-002
1668 1.204070e-005 1.342215e-003
1669 6.326893e-005 3.854978e-003
1670 1.126377e-004 6.379817e-003
1671 5.488967e-005 2.920012e-003
1672 7.707266e-004 1.472152e-002
1673 2.375180e-004 7.103472e-003
1674 6.292073e-005 1.930636e-003
1675 4.308072e-005 2.003852e-003
1676 1.764529e-005 1.129856e-003
1677 8.275290e-005 7.710361e-003
1678 1.603676e-003 3.275836e-002
1679 1.152213e-004 6.454943e-003
1680 7.329168e-005 6.675245e-003
1681 1.424173e-004 7.814079e-003
1682 6.090697e-005 3.757842e-003
1683 2.769947e-004 5.656371e-003
1684 6.020738e-005 3.820886e-003
1685 3.628067e-005 1.868672e-003
1686 1.105122e-004 9.936455e-003
1687 6.294723e-005 3.738027e-003
1688 3.801767e-006 1.019616e-003
1689 1.036466e-003 1.248651e-002
1690 1.807792e-004 5.493658e-003
1691 5.710097e-004 8.169227e-003
1692 3.400025e-003 4.787612e-002
1693 5.374329e-004 1.145975e-002
1694 1.358800e-003 2.675978e-002
1695 9.909226e-005 4.562591e-003
1696 1.656523e-005 2.294531e-003
1697 4.595188e-005 5.242106e-003
1698 3.515091e-004 1.302732e-002
1699 3.328815e-004 6.246203e-003
1700 1.113472e-004 3.910774e-003
1701 1.056729e-004 4.690781e-003
1702 1.166029e-004 4.706925e-003
1703 9.117822e-005 7.624096e-003
1704 9.053338e-005 2.925727e-003
1705 1.216917e-003 3.567563e-002
1706 2.114448e-004 5.604630e-003
1707 2.671869e-005 2.038714e-003
1708 9.750915e-006 1.959331e-003
1709 4.409238e-005 4.836396e-003
1710 7.251030e-006 1.290114e-003
1711 9.409723e-005 9.114691e-003
1712 5.084147e-005 2.775892e-003
1713 6.015479e-005 3.542419e-003
1714 7.019240e-005 4.600540e-003
1715 3.821153e-005 3.594731e-003
1716 5.135732e-005 5.383118e-003
1717 1.767949e-005 2.075901e-003
1718 1.338146e-004 1.352543e-002
1719 1.458702e-005 1.875607e-003
1720 6.255953e-005 3.169304e-003
1721 7.957012e-006 1.418161e-003
1722 8.657211e-005 6.915575e-003
1723 4.029915e-006 1.274973e-003
1724 1.147984e-005 1.345103e-003
1725 2.187172e-005 1.592302e-003
1726 4.221617e-004 2.607207e-002
1727 3.237991e-004 6.676448e-003
1728 4.425183e-005 2.112826e-003
1729 1.796846e-004 5.285495e-003
1730 5.742990e-005 3.457184e-003
1731 1.944117e-005 2.850524e-003
1732 1.721144e-004 1.029844e-002
1733 1.987920e-003 3.102289e-002
1734 1.156146e-003 1.032027e-002
1735 6.666124e-004 1.088404e-002
1736 9.303115e-005 3.571495e-003
1737 1.039862e-004 4.591826e-003
1738 1.547707e-003 4.501786e-002
1739 9.589401e-005 7.183508e-003
1740 9.589401e-005 7.183508e-003
1741 7.213871e-006 1.182357e-003
1742 1.938260e-005 1.196527e-003
1743 3.642001e-005 3.252057e-003
1744 8.639128e-006 1.891941e-003
1745 1.605077e-005 2.070417e-003
1746 1.071974e-004 4.458037e-003
1747 4.757421e-004 1.384521e-002
1748 5.632331e-005 2.857497e-003
1749 6.011344e-005 3.673155e-003
1750 8.964652e-005 4.220032e-003
1751 7.823142e-005 2.695685e-003
1752 9.603469e-005 3.072775e-003
1753 8.109518e-004 7.917119e-003
1754 9.348875e-004 1.561525e-002
1755 9.677903e-004 1.973230e-002
1756 1.823518e-004 1.117684e-002
1757 5.897242e-004 1.802468e-002
1758 1.970257e-003 4.208640e-002
1759 1.134518e-003 2.766284e-002
1760 1.077635e-003 2.740293e-002
1761 2.069822e-003 3.552249e-002
1762 1.097970e-003 3.852703e-002
1763 1.812281e-003 2.821134e-002
1764 3.148431e-004 1.105790e-002
1765 3.232291e-004 1.408305e-002
1766 2.068723e-003 4.143865e-002
1767 1.621585e-004 1.167074e-002
1768 2.909158e-004 1.279104e-002
1769 1.895551e-003 3.046790e-002
1770 6.796791e-004 2.326316e-002
1771 5.083515e-004 1.318865e-002
1772 2.364244e-005 4.133979e-003
1773 2.542058e-003 5.469539e-002
1774 8.564128e-004 1.507200e-002
1775 4.734558e-003 7.205890e-002
1776 2.554241e-004 1.048188e-002
1777 4.421761e-004 1.233491e-002
1778 7.665525e-004 1.776641e-002
1779 2.554241e-004 1.048188e-002
1780 9.519256e-005 8.893487e-003
1781 1.367208e-004 6.737178e-003
1782 1.220114e-004 1.414466e-002
1783 1.092566e-003 2.997232e-002
1784 5.188709e-004 1.501521e-002
1785 9.175353e-004 1.633276e-002
1786 6.023666e-005 3.289589e-003
1787 6.716228e-005 4.365548e-003
1788 1.677717e-003 5.693139e-002
1789 9.999672e-004 4.773290e-002
1790 1.109541e-004 9.296857e-003
1791 1.130456e-003 5.870779e-002
1792 4.788600e-004 2.687073e-002
1793 3.297651e-004 7.054720e-003
1794 1.125632e-004 4.977655e-003
1795 2.063877e-004 7.476824e-003
1796 8.825439e-004 1.994325e-002
1797 9.020951e-004 1.665278e-002
1798 8.448783e-004 1.821902e-002
1799 2.584265e-004 9.828724e-003
1800 1.473312e-003 2.428662e-002
1801 2.312272e-004 7.862188e-003
1802 7.481694e-004 1.764306e-002
1803 4.268986e-004 1.180909e-002
1804 1.232595e-003 1.593745e-002
1805 4.629847e-004 1.303453e-002
1806 8.117463e-004 1.412463e-002
1807 4.202792e-004 8.814482e-003
1808 1.332715e-003 2.224683e-002
1809 4.185446e-004 1.063867e-002
1810 8.693114e-005 7.868859e-003
1811 8.693114e-005 7.868859e-003
1812 1.398535e-004 6.481217e-003
1813 3.627420e-005 3.739467e-003
1814 2.570147e-004 9.219213e-003
1815 3.014386e-004 1.510831e-002
1816 1.136335e-004 4.389120e-003
1817 6.055641e-004 8.121527e-003
1818 7.206303e-004 1.156407e-002
1819 1.066914e-003 2.968948e-002
1820 5.355320e-004 1.499605e-002
1821 2.259720e-004 8.998414e-003
1822 1.388723e-004 8.478577e-003
1823 7.477870e-004 1.315856e-002
1824 1.631120e-004 1.094668e-002
1825 8.890377e-004 1.893571e-002
1826 4.581515e-004 1.692632e-002
1827 5.839638e-005 4.609784e-003
1828 2.463701e-004 7.117098e-003
1829 9.901919e-005 8.457089e-003
1830 1.869124e-003 3.533532e-002
1831 7.244749e-005 4.883169e-003
1832 2.128123e-004 1.786791e-002
1833 9.535629e-005 8.726418e-003
1834 8.398900e-005 6.687332e-003
1835 8.072705e-005 6.554837e-003
1836 2.386928e-005 4.490436e-003
1837 1.499475e-004 1.126941e-002
1838 2.480900e-004 8.327450e-003
1839 4.743594e-004 1.749369e-002
1840 3.177283e-004 1.803041e-002
1841 2.990914e-004 1.284937e-002
1842 2.480900e-004 8.327450e-003
1843 2.243395e-004 6.045712e-003
1844 1.677000e-004 1.015152e-002
1845 1.672465e-004 9.872915e-003
1846 8.302027e-005 5.669740e-003
1847 1.484674e-004 6.906371e-003
1848 1.647467e-004 9.210161e-003
1849 7.954116e-005 8.911243e-003
1850 7.366402e-005 4.721127e-003
1851 2.756201e-005 3.225981e-003
1852 1.209006e-005 3.777570e-003
1853 2.952493e-005 2.325489e-003
1854 1.598303e-004 8.712534e-003
1855 2.057375e-004 7.052454e-003
1856 2.038208e-004 1.564396e-002
1857 1.601310e-004 8.640552e-003
1858 3.614322e-004 9.057660e-003
1859 4.453498e-005 3.000107e-003
1860 4.003917e-004 1.166556e-002
1861 7.538528e-005 5.944432e-003
1862 5.693932e-005 4.865599e-003
1863 3.030505e-004 1.031067e-002
1864 4.636112e-004 1.174092e-002
1865 2.762597e-004 1.199546e-002
1866 2.591161e-004 1.180382e-002
1867 5.089377e-005 7.031158e-003
1868 2.189570e-004 7.116369e-003
1869 1.296481e-004 4.663114e-003
1870 2.520449e-004 8.289649e-003
1871 7.981276e-004 1.566003e-002
1872 7.182788e-004 2.932359e-002
1873 1.482475e-004 6.683372e-003
1874 4.730876e-004 8.633789e-003
1875 4.405799e-004 7.528168e-003
1876 1.136710e-004 3.822258e-003
1877 9.950047e-005 7.773261e-003
1878 8.077940e-005 5.390874e-003
1879 4.812200e-004 1.039349e-002
1880 1.528514e-004 6.800053e-003
1881 1.884066e-003 2.913066e-002
1882 5.823130e-004 2.446744e-002
1883 7.614542e-004 1.437799e-002
1884 2.702056e-004 1.136914e-002
1885 1.210498e-004 7.620603e-003
1886 7.223921e-004 1.053828e-002
1887 5.111617e-005 6.256697e-003
1888 1.686214e-004 9.001783e-003
1889 1.354479e-004 6.147668e-003
1890 2.632217e-005 5.023949e-003
1891 6.873081e-005 4.200560e-003
1892 7.382230e-005 4.629495e-003
1893 2.119753e-004 1.629351e-002
1894 3.080372e-004 1.496964e-002
1895 2.176937e-004 8.676338e-003
1896 4.157725e-005 4.164776e-003
1897 1.905523e-005 3.286985e-003
1898 4.135484e-005 2.278814e-003
1899 1.530679e-004 6.341795e-003
1900 1.422400e-004 6.507906e-003
1901 3.008242e-006 1.642963e-003
1902 4.920006e-004 1.023113e-002
1903 1.778517e-003 4.193409e-002
1904 8.592031e-005 6.167682e-003
1905 2.285681e-004 6.625238e-003
1906 2.407178e-003 5.541192e-002
1907 7.265166e-005 4.340066e-003
1908 7.265166e-005 4.340066e-003
1909 6.771397e-005 4.141518e-003
1910 1.467670e-004 7.294058e-003
1911 1.363905e-004 6.607312e-003
1912 6.292949e-004 1.136356e-002
1913 7.222086e-004 1.183168e-002
1914 4.160883e-004 8.594470e-003
1915 3.941941e-004 9.338440e-003
1916 6.739252e-004 1.112361e-002
1917 3.898829e-004 8.724722e-003
1918 4.457489e-004 1.071433e-002
1919 3.054381e-003 3.206758e-002
1920 6.078256e-004 1.485846e-002
1921 4.428791e-004 1.110445e-002
1922 1.515722e-003 2.274560e-002
1923 5.303475e-004 1.234316e-002
1924 2.554238e-003 2.508147e-002
1925 2.309609e-004 8.494338e-003
1926 2.252390e-004 7.265642e-003
1927 2.496027e-004 9.668453e-003
1928 5.214784e-004 1.668726e-002
1929 2.638034e-004 8.461559e-003
1930 8.064347e-005 2.646384e-003
1931 5.589563e-004 1.810882e-002
1932 2.168705e-004 1.821962e-002
1933 1.127586e-004 5.352580e-003
1934 6.753153e-005 5.844477e-003
1935 8.671599e-004 1.647848e-002
1936 2.680240e-004 9.660234e-003
1937 1.454621e-004 6.362994e-003
1938 4.379870e-004 1.043875e-002
1939 4.790838e-004 1.407843e-002
1940 8.581816e-004 2.367408e-002
1941 2.386507e-005 4.287227e-003
1942 3.123587e-004 1.232472e-002
1943 8.901638e-004 1.873288e-002
1944 2.931823e-004 9.577228e-003
1945 2.825275e-005 5.990723e-003
1946 1.235652e-003 3.440809e-002
1947 9.705727e-005 1.059250e-002
1948 2.238265e-004 9.550490e-003
1949 5.817756e-004 2.502266e-002
1950 9.978613e-005 5.218213e-003
1951 7.651406e-004 1.157984e-002
1952 3.760634e-004 8.711029e-003
1953 4.560455e-004 9.527559e-003
1954 7.412393e-005 5.499721e-003
1955 3.469676e-003 5.242753e-002
1956 2.402923e-003 6.529021e-002
1957 3.836537e-003 7.611495e-002
1958 1.139580e-003 3.106475e-002
1959 4.367072e-005 5.814909e-003
1960 7.012448e-005 5.396712e-003
1961 1.090578e-005 2.615154e-003
1962 2.381271e-005 4.994254e-003
1963 9.034282e-006 1.798473e-003
1964 2.939444e-005 2.700115e-003
1965 8.782275e-005 7.139087e-003
1966 8.283234e-005 6.836482e-003
1967 7.227363e-004 1.208873e-002
1968 7.013092e-005 5.167794e-003
1969 1.464852e-004 7.695778e-003
1970 3.012395e-005 8.484207e-003
1971 2.895315e-004 1.293558e-002
1972 2.578699e-005 5.711636e-003
1973 8.805879e-004 2.188354e-002
1974 2.507730e-004 1.027039e-002
1975 8.549317e-005 9.941031e-003
1976 1.519567e-004 7.517032e-003
1977 4.675570e-004 1.320058e-002
1978 2.224797e-004 7.811834e-003
1979 1.483438e-004 7.194862e-003
1980 1.318000e-004 5.795824e-003
1981 2.274300e-004 7.024260e-003
1982 4.946908e-004 2.683136e-002
1983 1.408085e-003 4.028840e-002
1984 4.939671e-004 2.655632e-002
1985 1.267764e-003 5.513118e-002
1986 6.166706e-004 2.309697e-002
1987 3.622402e-003 7.936684e-002
1988 2.156726e-004 2.111019e-002
1989 7.876393e-004 1.956600e-002
1990 1.591499e-003 3.724868e-002
1991 7.951395e-005 7.133880e-003
1992 1.430741e-004 1.060368e-002
1993 4.306551e-004 9.539781e-003
1994 2.338058e-004 7.291761e-003
1995 1.535943e-004 7.418310e-003
1996 8.016951e-005 7.306030e-003
1997 7.102201e-004 1.187613e-002
1998 8.648105e-004 1.554621e-002
1999 1.307252e-003 1.587712e-002
2000 3.453584e-004 1.089983e-002
