1 6.806995e-005 1.294599e-003
2 1.606857e-003 7.001575e-003
3 3.296151e-005 1.153750e-003
4 1.661018e-005 9.992418e-004
5 3.267875e-005 1.217848e-003
6 6.715778e-004 3.144348e-003
7 9.040505e-005 2.927531e-003
8 1.115916e-003 1.101017e-002
9 4.735693e-005 2.034856e-003
10 6.940259e-004 3.535944e-003
11 1.832874e-004 2.722296e-003
12 1.617642e-005 9.471231e-004
13 3.947065e-004 4.300909e-003
14 9.146732e-005 2.136249e-003
15 6.121634e-005 9.599769e-004
16 1.260330e-004 1.352562e-003
17 1.588086e-005 8.565142e-004
18 8.417916e-005 2.245972e-003
19 3.393605e-004 2.878369e-003
20 1.588086e-005 8.565142e-004
21 8.656189e-004 6.545099e-003
22 3.267875e-005 1.217848e-003
23 2.732044e-004 2.007688e-003
24 2.935712e-004 2.529735e-003
25 7.558142e-004 5.112606e-003
26 3.367807e-005 1.057814e-003
27 4.595171e-005 2.322761e-003
28 3.208166e-005 1.034805e-003
29 3.393605e-004 2.878369e-003
30 1.031083e-003 7.916313e-003
31 6.067776e-004 1.199290e-002
32 1.260330e-004 1.352562e-003
33 1.588086e-005 8.565142e-004
34 8.222265e-006 8.389100e-004
35 6.803466e-005 1.441460e-003
36 1.975672e-004 3.045998e-003
37 7.065226e-004 3.793930e-003
38 1.888923e-004 2.446609e-003
39 3.777683e-005 1.481049e-003
40 8.588252e-005 2.065608e-003
41 3.396948e-005 1.027042e-003
42 8.643550e-005 2.274391e-003
43 2.074891e-004 3.521825e-003
44 6.235567e-005 1.086491e-003
45 3.369554e-005 9.851156e-004
46 3.611811e-005 1.156441e-003
47 4.023301e-004 4.417106e-003
48 4.092682e-004 4.477878e-003
49 7.432185e-005 1.978229e-003
50 2.614640e-003 8.920071e-003
51 1.556687e-004 2.447738e-003
52 2.956825e-004 2.726039e-003
53 3.267875e-005 1.217848e-003
54 1.303456e-004 1.501979e-003
55 7.277568e-005 1.666277e-003
56 1.314734e-004 1.440339e-003
57 2.175793e-004 4.370796e-003
58 5.519132e-004 3.173014e-003
59 1.832874e-004 2.722296e-003
60 3.208166e-005 1.034805e-003
61 1.887227e-003 1.156781e-002
62 7.718135e-004 4.919301e-003
63 3.267875e-005 1.217848e-003
64 9.118730e-005 2.750204e-003
65 3.421194e-004 2.999367e-003
66 3.777683e-005 1.481049e-003
67 1.832874e-004 2.722296e-003
68 1.832874e-004 2.722296e-003
69 3.208166e-005 1.034805e-003
70 1.661018e-005 9.992418e-004
71 7.155766e-004 5.328312e-003
72 3.777683e-005 1.481049e-003
73 3.124387e-005 9.817575e-004
74 5.270183e-003 3.327704e-002
75 3.267875e-005 1.217848e-003
76 3.767939e-005 1.585604e-003
77 9.040505e-005 2.927531e-003
78 8.100633e-004 6.838601e-003
79 1.350090e-004 1.965564e-003
80 3.306273e-005 9.318233e-004
81 1.661018e-005 9.992418e-004
82 1.661018e-005 9.992418e-004
83 7.087520e-005 1.545941e-003
84 3.458113e-005 1.112901e-003
85 8.718340e-005 2.187441e-003
86 9.146732e-005 2.136249e-003
87 3.777683e-005 1.481049e-003
88 2.995099e-005 9.608977e-004
89 7.167334e-005 1.369803e-003
90 1.750821e-003 9.835041e-003
91 2.434258e-004 1.552292e-003
92 3.815903e-004 3.468997e-003
93 8.508058e-005 2.361890e-003
94 3.893206e-005 1.244363e-003
95 5.521995e-004 2.840170e-003
96 1.661018e-005 9.992418e-004
97 2.175793e-004 4.370796e-003
98 3.430227e-005 1.070219e-003
99 1.661018e-005 9.992418e-004
100 7.973651e-004 6.696705e-003
101 8.193216e-005 1.942203e-003
102 4.497947e-004 6.270417e-003
103 9.456121e-004 9.029832e-003
104 9.966222e-005 3.049214e-003
105 8.718340e-005 2.187441e-003
106 1.173544e-004 4.680183e-003
107 4.393404e-005 1.927908e-003
108 2.423526e-004 5.181654e-003
109 9.966222e-005 3.049214e-003
110 9.966222e-005 3.049214e-003
111 3.393605e-004 2.878369e-003
112 4.168537e-004 4.564341e-003
113 1.204099e-003 1.557733e-002
114 4.809282e-004 6.766940e-003
115 4.084243e-004 4.309013e-003
116 4.157784e-004 4.851244e-003
117 7.698226e-004 5.205288e-003
118 4.282860e-004 5.514012e-003
119 1.026603e-004 3.128110e-003
120 5.173326e-005 2.646888e-003
121 1.173544e-004 4.680183e-003
122 1.870004e-005 1.116404e-003
123 5.173326e-005 2.646888e-003
124 5.173326e-005 2.646888e-003
125 5.173326e-005 2.646888e-003
126 1.026603e-004 3.128110e-003
127 2.120073e-004 3.566791e-003
128 1.077047e-004 3.000884e-003
129 5.173326e-005 2.646888e-003
130 5.173326e-005 2.646888e-003
131 1.026603e-004 3.128110e-003
132 5.173326e-005 2.646888e-003
133 1.026603e-004 3.128110e-003
134 2.120073e-004 3.566791e-003
135 4.513894e-005 2.090797e-003
136 4.513894e-005 2.090797e-003
137 1.023955e-004 3.418718e-003
138 2.120073e-004 3.566791e-003
139 1.208368e-004 4.388498e-003
140 1.026603e-004 3.128110e-003
141 4.513894e-005 2.090797e-003
142 4.513894e-005 2.090797e-003
143 1.068361e-004 2.867951e-003
144 2.120073e-004 3.566791e-003
145 1.026603e-004 3.128110e-003
146 1.026603e-004 3.128110e-003
147 9.321799e-005 2.283682e-003
148 2.120073e-004 3.566791e-003
149 5.173326e-005 2.646888e-003
150 5.173326e-005 2.646888e-003
151 1.068361e-004 2.867951e-003
152 4.513894e-005 2.090797e-003
153 4.513894e-005 2.090797e-003
154 4.513894e-005 2.090797e-003
155 4.513894e-005 2.090797e-003
156 4.513894e-005 2.090797e-003
157 4.513894e-005 2.090797e-003
158 4.513894e-005 2.090797e-003
159 4.513894e-005 2.090797e-003
160 7.148846e-005 1.474644e-003
161 7.477156e-005 1.936097e-003
162 7.477156e-005 1.936097e-003
163 7.477156e-005 1.936097e-003
164 3.296151e-005 1.153750e-003
165 3.296151e-005 1.153750e-003
166 3.296151e-005 1.153750e-003
167 7.477156e-005 1.936097e-003
168 7.477156e-005 1.936097e-003
169 1.452437e-004 1.910231e-003
170 3.296151e-005 1.153750e-003
171 3.701293e-005 1.395398e-003
172 7.477156e-005 1.936097e-003
173 3.296151e-005 1.153750e-003
174 7.477156e-005 1.936097e-003
175 7.477156e-005 1.936097e-003
176 7.477156e-005 1.936097e-003
177 3.296151e-005 1.153750e-003
178 3.701293e-005 1.395398e-003
179 3.296151e-005 1.153750e-003
180 7.477156e-005 1.936097e-003
181 3.767939e-005 1.585604e-003
182 7.477156e-005 1.936097e-003
183 1.631639e-005 9.153935e-004
184 3.296151e-005 1.153750e-003
185 1.631639e-005 9.153935e-004
186 3.701293e-005 1.395398e-003
187 3.602494e-005 1.261833e-003
188 3.296151e-005 1.153750e-003
189 1.631639e-005 9.153935e-004
190 1.631639e-005 9.153935e-004
191 3.006656e-004 2.781031e-003
192 7.500118e-005 1.432668e-003
193 3.006656e-004 2.781031e-003
194 3.006656e-004 2.781031e-003
195 1.556687e-004 2.447738e-003
196 3.006656e-004 2.781031e-003
197 3.006656e-004 2.781031e-003
198 1.556687e-004 2.447738e-003
199 1.977713e-004 3.637951e-003
200 9.966222e-005 3.049214e-003
201 1.488335e-004 1.813651e-003
202 4.117447e-004 4.575807e-003
203 7.500118e-005 1.432668e-003
204 7.148846e-005 1.474644e-003
205 1.488335e-004 1.813651e-003
206 7.500118e-005 1.432668e-003
207 1.488335e-004 1.813651e-003
208 7.500118e-005 1.432668e-003
209 1.488335e-004 1.813651e-003
210 7.148846e-005 1.474644e-003
211 3.602494e-005 1.261833e-003
212 1.488335e-004 1.813651e-003
213 3.602494e-005 1.261833e-003
214 7.844560e-005 1.843433e-003
215 7.148846e-005 1.474644e-003
216 7.500118e-005 1.432668e-003
217 3.296151e-005 1.153750e-003
218 3.540400e-004 4.639327e-003
219 1.444172e-004 2.096186e-003
220 7.148846e-005 1.474644e-003
221 7.148846e-005 1.474644e-003
222 7.148846e-005 1.474644e-003
223 1.913744e-004 3.243056e-003
224 2.274672e-005 1.879207e-003
225 4.735693e-005 2.034856e-003
226 2.274672e-005 1.879207e-003
227 2.274672e-005 1.879207e-003
228 4.735693e-005 2.034856e-003
229 9.566796e-005 2.637196e-003
230 9.566796e-005 2.637196e-003
231 9.566796e-005 2.637196e-003
232 9.566796e-005 2.637196e-003
233 4.595171e-005 2.322761e-003
234 4.595171e-005 2.322761e-003
235 9.566796e-005 2.637196e-003
236 4.595171e-005 2.322761e-003
237 4.595171e-005 2.322761e-003
238 9.566796e-005 2.637196e-003
239 4.735693e-005 2.034856e-003
240 2.274672e-005 1.879207e-003
241 4.595171e-005 2.322761e-003
242 4.595171e-005 2.322761e-003
243 4.595171e-005 2.322761e-003
244 4.735693e-005 2.034856e-003
245 4.595171e-005 2.322761e-003
246 4.595171e-005 2.322761e-003
247 4.595171e-005 2.322761e-003
248 2.274672e-005 1.879207e-003
249 9.566796e-005 2.637196e-003
250 4.735693e-005 2.034856e-003
251 2.274672e-005 1.879207e-003
252 9.566796e-005 2.637196e-003
253 4.595171e-005 2.322761e-003
254 9.566796e-005 2.637196e-003
255 9.566796e-005 2.637196e-003
256 2.274672e-005 1.879207e-003
257 4.595171e-005 2.322761e-003
258 3.602494e-005 1.261833e-003
259 3.602494e-005 1.261833e-003
260 7.439636e-005 1.384070e-003
261 3.602494e-005 1.261833e-003
262 3.602494e-005 1.261833e-003
263 3.602494e-005 1.261833e-003
264 1.625875e-004 2.426203e-003
265 8.193216e-005 1.942203e-003
266 1.476333e-004 1.717213e-003
267 3.445896e-004 3.646930e-003
268 1.705765e-004 2.330736e-003
269 1.705765e-004 2.330736e-003
270 7.148846e-005 1.474644e-003
271 3.602494e-005 1.261833e-003
272 6.670095e-005 1.292509e-003
273 7.148846e-005 1.474644e-003
274 7.148846e-005 1.474644e-003
275 8.193216e-005 1.942203e-003
276 1.705765e-004 2.330736e-003
277 3.602494e-005 1.261833e-003
278 3.602494e-005 1.261833e-003
279 8.193216e-005 1.942203e-003
280 7.148846e-005 1.474644e-003
281 8.193216e-005 1.942203e-003
282 1.705765e-004 2.330736e-003
283 3.602494e-005 1.261833e-003
284 3.602494e-005 1.261833e-003
285 7.844560e-005 1.843433e-003
286 6.670095e-005 1.292509e-003
287 3.602494e-005 1.261833e-003
288 1.476333e-004 1.717213e-003
289 1.323624e-004 1.535518e-003
290 1.323624e-004 1.535518e-003
291 7.148846e-005 1.474644e-003
292 7.148846e-005 1.474644e-003
293 2.733462e-004 1.842926e-003
294 1.323624e-004 1.535518e-003
295 3.952139e-004 3.892413e-003
296 4.084243e-004 4.309013e-003
297 2.068539e-004 4.914551e-003
298 7.477156e-005 1.936097e-003
299 3.701293e-005 1.395398e-003
300 7.477156e-005 1.936097e-003
301 1.625875e-004 2.426203e-003
302 7.477156e-005 1.936097e-003
303 7.477156e-005 1.936097e-003
304 3.701293e-005 1.395398e-003
305 7.477156e-005 1.936097e-003
306 7.477156e-005 1.936097e-003
307 7.477156e-005 1.936097e-003
308 7.477156e-005 1.936097e-003
309 3.701293e-005 1.395398e-003
310 7.477156e-005 1.936097e-003
311 7.477156e-005 1.936097e-003
312 3.701293e-005 1.395398e-003
313 7.477156e-005 1.936097e-003
314 7.477156e-005 1.936097e-003
315 7.477156e-005 1.936097e-003
316 7.477156e-005 1.936097e-003
317 3.767939e-005 1.585604e-003
318 3.767939e-005 1.585604e-003
319 3.701293e-005 1.395398e-003
320 7.477156e-005 1.936097e-003
321 3.296151e-005 1.153750e-003
322 6.234186e-004 1.424257e-002
323 4.352461e-004 5.790376e-003
324 2.193321e-004 4.494711e-003
325 1.982827e-004 3.347910e-003
326 4.393404e-005 1.927908e-003
327 1.614219e-004 2.261679e-003
328 1.614219e-004 2.261679e-003
329 7.397328e-004 5.697639e-003
330 7.065226e-004 3.793930e-003
331 4.005603e-004 5.071839e-003
332 7.860265e-004 8.095779e-003
333 8.718340e-005 2.187441e-003
334 1.715240e-004 2.784993e-003
335 4.393404e-005 1.927908e-003
336 1.761233e-004 2.945439e-003
337 3.486675e-004 3.300213e-003
338 4.282860e-004 5.514012e-003
339 1.502916e-004 1.913214e-003
340 3.767939e-005 1.585604e-003
341 3.767939e-005 1.585604e-003
342 7.477156e-005 1.936097e-003
343 1.042392e-004 3.944919e-003
344 3.767939e-005 1.585604e-003
345 8.569489e-005 2.678560e-003
346 3.767939e-005 1.585604e-003
347 3.767939e-005 1.585604e-003
348 7.477156e-005 1.936097e-003
349 7.477156e-005 1.936097e-003
350 3.767939e-005 1.585604e-003
351 3.767939e-005 1.585604e-003
352 3.767939e-005 1.585604e-003
353 3.767939e-005 1.585604e-003
354 3.767939e-005 1.585604e-003
355 3.767939e-005 1.585604e-003
356 3.767939e-005 1.585604e-003
357 7.477156e-005 1.936097e-003
358 7.477156e-005 1.936097e-003
359 7.477156e-005 1.936097e-003
360 7.477156e-005 1.936097e-003
361 3.511850e-004 4.202359e-003
362 3.767939e-005 1.585604e-003
363 3.767939e-005 1.585604e-003
364 3.767939e-005 1.585604e-003
365 1.700543e-004 3.475693e-003
366 7.477156e-005 1.936097e-003
367 8.569489e-005 2.678560e-003
368 7.477156e-005 1.936097e-003
369 3.511850e-004 4.202359e-003
370 4.157784e-004 4.851244e-003
371 4.157784e-004 4.851244e-003
372 8.250772e-004 6.713078e-003
373 8.250772e-004 6.713078e-003
374 1.574364e-003 6.696963e-003
375 2.058159e-004 3.387381e-003
376 7.698226e-004 5.205288e-003
377 2.982410e-004 2.586211e-003
378 2.982410e-004 2.586211e-003
379 1.700543e-004 3.475693e-003
380 8.417916e-005 2.245972e-003
381 1.631639e-005 9.153935e-004
382 8.417916e-005 2.245972e-003
383 1.631639e-005 9.153935e-004
384 3.701293e-005 1.395398e-003
385 9.566796e-005 2.637196e-003
386 9.566796e-005 2.637196e-003
387 2.137309e-004 3.830586e-003
388 6.976419e-005 1.617688e-003
389 1.586659e-004 2.751531e-003
390 7.167334e-005 1.369803e-003
391 1.982827e-004 3.347910e-003
392 7.725738e-005 1.544276e-003
393 1.815092e-004 2.600876e-003
394 6.366335e-005 1.224322e-003
395 9.118730e-005 2.750204e-003
396 4.271812e-004 5.798466e-003
397 1.977713e-004 3.637951e-003
398 1.023955e-004 3.418718e-003
399 1.023955e-004 3.418718e-003
400 2.068539e-004 4.914551e-003
401 1.023955e-004 3.418718e-003
402 1.023955e-004 3.418718e-003
403 1.023955e-004 3.418718e-003
404 1.023955e-004 3.418718e-003
405 1.023955e-004 3.418718e-003
406 1.023955e-004 3.418718e-003
407 5.159981e-005 2.938737e-003
408 1.023955e-004 3.418718e-003
409 4.306540e-004 6.329994e-003
410 2.114604e-004 3.856268e-003
411 2.152680e-004 4.390347e-003
412 1.977713e-004 3.637951e-003
413 1.023955e-004 3.418718e-003
414 1.023955e-004 3.418718e-003
415 5.159981e-005 2.938737e-003
416 1.023955e-004 3.418718e-003
417 1.023955e-004 3.418718e-003
418 4.157784e-004 4.851244e-003
419 8.250772e-004 6.713078e-003
420 4.157784e-004 4.851244e-003
421 1.023955e-004 3.418718e-003
422 2.114604e-004 3.856268e-003
423 4.271812e-004 5.798466e-003
424 8.250772e-004 6.713078e-003
425 4.271812e-004 5.798466e-003
426 2.114604e-004 3.856268e-003
427 4.271812e-004 5.798466e-003
428 2.114604e-004 3.856268e-003
429 2.114604e-004 3.856268e-003
430 2.114604e-004 3.856268e-003
431 4.084243e-004 4.309013e-003
432 2.114604e-004 3.856268e-003
433 2.114604e-004 3.856268e-003
434 2.114604e-004 3.856268e-003
435 4.084243e-004 4.309013e-003
436 4.084243e-004 4.309013e-003
437 2.114604e-004 3.856268e-003
438 2.114604e-004 3.856268e-003
439 4.084243e-004 4.309013e-003
440 2.114604e-004 3.856268e-003
441 2.114604e-004 3.856268e-003
442 1.028423e-003 8.692333e-003
443 4.939775e-004 7.181361e-003
444 1.028423e-003 8.692333e-003
445 3.384260e-004 2.245892e-003
446 8.222265e-006 8.389100e-004
447 3.151422e-005 9.503275e-004
448 8.222265e-006 8.389100e-004
449 8.222265e-006 8.389100e-004
450 1.588086e-005 8.565142e-004
451 3.296151e-005 1.153750e-003
452 3.151422e-005 9.503275e-004
453 1.631639e-005 9.153935e-004
454 3.151422e-005 9.503275e-004
455 3.151422e-005 9.503275e-004
456 1.588086e-005 8.565142e-004
457 8.222265e-006 8.389100e-004
458 3.151422e-005 9.503275e-004
459 4.352461e-004 5.790376e-003
460 8.436347e-005 1.839463e-003
461 1.631639e-005 9.153935e-004
462 8.436347e-005 1.839463e-003
463 1.631639e-005 9.153935e-004
464 3.151422e-005 9.503275e-004
465 1.631639e-005 9.153935e-004
466 3.151422e-005 9.503275e-004
467 1.631639e-005 9.153935e-004
468 1.631639e-005 9.153935e-004
469 3.151422e-005 9.503275e-004
470 2.201098e-005 1.541198e-003
471 3.151422e-005 9.503275e-004
472 1.631639e-005 9.153935e-004
473 3.151422e-005 9.503275e-004
474 1.631639e-005 9.153935e-004
475 3.151422e-005 9.503275e-004
476 1.865180e-005 1.221899e-003
477 7.148846e-005 1.474644e-003
478 3.767939e-005 1.585604e-003
479 1.865180e-005 1.221899e-003
480 3.701293e-005 1.395398e-003
481 3.296151e-005 1.153750e-003
482 3.767939e-005 1.585604e-003
483 3.767939e-005 1.585604e-003
484 3.602494e-005 1.261833e-003
485 3.602494e-005 1.261833e-003
486 3.995270e-004 5.357433e-003
487 1.865180e-005 1.221899e-003
488 1.977713e-004 3.637951e-003
489 3.260960e-004 3.095412e-003
490 9.966222e-005 3.049214e-003
491 9.966222e-005 3.049214e-003
492 9.966222e-005 3.049214e-003
493 9.966222e-005 3.049214e-003
494 1.845267e-004 3.134079e-003
495 9.553815e-005 2.982675e-003
496 2.013323e-004 4.168099e-003
497 2.172841e-004 4.780113e-003
498 9.966222e-005 3.049214e-003
499 1.845267e-004 3.134079e-003
500 9.966222e-005 3.049214e-003
501 1.977713e-004 3.637951e-003
502 9.086514e-004 1.018107e-002
503 9.966222e-005 3.049214e-003
504 9.966222e-005 3.049214e-003
505 9.966222e-005 3.049214e-003
506 1.930011e-004 4.033681e-003
507 1.930011e-004 4.033681e-003
508 1.845267e-004 3.134079e-003
509 1.845267e-004 3.134079e-003
510 2.013323e-004 4.168099e-003
511 9.553815e-005 2.982675e-003
512 1.845267e-004 3.134079e-003
513 9.553815e-005 2.982675e-003
514 1.544050e-003 7.681461e-003
515 1.771313e-004 2.718659e-003
516 1.771313e-004 2.718659e-003
517 3.421194e-004 2.999367e-003
518 1.771313e-004 2.718659e-003
519 3.421194e-004 2.999367e-003
520 3.421194e-004 2.999367e-003
521 3.421194e-004 2.999367e-003
522 3.421194e-004 2.999367e-003
523 3.421194e-004 2.999367e-003
524 1.771313e-004 2.718659e-003
525 1.771313e-004 2.718659e-003
526 3.421194e-004 2.999367e-003
527 1.771313e-004 2.718659e-003
528 9.566796e-005 2.637196e-003
529 3.421194e-004 2.999367e-003
530 1.771313e-004 2.718659e-003
531 1.771313e-004 2.718659e-003
532 2.175793e-004 4.370796e-003
533 4.028527e-004 4.556069e-003
534 2.175793e-004 4.370796e-003
535 2.175793e-004 4.370796e-003
536 4.028527e-004 4.556069e-003
537 4.028527e-004 4.556069e-003
538 4.028527e-004 4.556069e-003
539 4.202426e-004 4.836641e-003
540 4.028527e-004 4.556069e-003
541 4.028527e-004 4.556069e-003
542 7.780880e-004 5.194487e-003
543 4.028527e-004 4.556069e-003
544 1.771313e-004 2.718659e-003
545 3.701293e-005 1.395398e-003
546 1.865180e-005 1.221899e-003
547 3.701293e-005 1.395398e-003
548 3.701293e-005 1.395398e-003
549 1.865180e-005 1.221899e-003
550 3.701293e-005 1.395398e-003
551 1.865180e-005 1.221899e-003
552 1.476333e-004 1.717213e-003
553 1.023955e-004 3.418718e-003
554 3.701293e-005 1.395398e-003
555 3.701293e-005 1.395398e-003
556 1.865180e-005 1.221899e-003
557 3.701293e-005 1.395398e-003
558 3.701293e-005 1.395398e-003
559 3.701293e-005 1.395398e-003
560 3.701293e-005 1.395398e-003
561 3.701293e-005 1.395398e-003
562 3.701293e-005 1.395398e-003
563 3.701293e-005 1.395398e-003
564 3.701293e-005 1.395398e-003
565 1.444172e-004 2.096186e-003
566 3.701293e-005 1.395398e-003
567 3.701293e-005 1.395398e-003
568 3.701293e-005 1.395398e-003
569 3.701293e-005 1.395398e-003
570 3.701293e-005 1.395398e-003
571 3.701293e-005 1.395398e-003
572 3.701293e-005 1.395398e-003
573 3.701293e-005 1.395398e-003
574 3.701293e-005 1.395398e-003
575 3.701293e-005 1.395398e-003
576 3.701293e-005 1.395398e-003
577 3.701293e-005 1.395398e-003
578 1.444172e-004 2.096186e-003
579 2.982410e-004 2.586211e-003
580 3.701293e-005 1.395398e-003
581 3.701293e-005 1.395398e-003
582 3.701293e-005 1.395398e-003
583 7.477156e-005 1.936097e-003
584 3.701293e-005 1.395398e-003
585 3.701293e-005 1.395398e-003
586 1.023955e-004 3.418718e-003
587 2.068539e-004 4.914551e-003
588 1.444172e-004 2.096186e-003
589 1.865180e-005 1.221899e-003
590 8.250772e-004 6.713078e-003
591 3.701293e-005 1.395398e-003
592 3.701293e-005 1.395398e-003
593 1.023955e-004 3.418718e-003
594 3.701293e-005 1.395398e-003
595 1.023955e-004 3.418718e-003
596 4.497947e-004 6.270417e-003
597 3.701293e-005 1.395398e-003
598 3.701293e-005 1.395398e-003
599 3.701293e-005 1.395398e-003
600 3.701293e-005 1.395398e-003
601 7.148846e-005 1.474644e-003
602 7.148846e-005 1.474644e-003
603 7.477156e-005 1.936097e-003
604 3.701293e-005 1.395398e-003
605 3.701293e-005 1.395398e-003
606 3.701293e-005 1.395398e-003
607 3.701293e-005 1.395398e-003
608 3.701293e-005 1.395398e-003
609 9.566796e-005 2.637196e-003
610 8.768236e-005 2.075182e-003
611 7.973651e-004 6.696705e-003
612 3.947065e-004 4.300909e-003
613 4.018136e-004 4.842994e-003
614 4.018136e-004 4.842994e-003
615 1.989031e-004 3.383296e-003
616 8.768236e-005 2.075182e-003
617 1.989031e-004 3.383296e-003
618 8.768236e-005 2.075182e-003
619 8.768236e-005 2.075182e-003
620 8.768236e-005 2.075182e-003
621 8.768236e-005 2.075182e-003
622 8.768236e-005 2.075182e-003
623 1.771313e-004 2.718659e-003
624 8.768236e-005 2.075182e-003
625 8.768236e-005 2.075182e-003
626 7.973651e-004 6.696705e-003
627 8.768236e-005 2.075182e-003
628 9.966222e-005 3.049214e-003
629 1.042392e-004 3.944919e-003
630 5.159981e-005 2.938737e-003
631 8.569489e-005 2.678560e-003
632 3.445896e-004 3.646930e-003
633 8.569489e-005 2.678560e-003
634 8.417916e-005 2.245972e-003
635 8.193216e-005 1.942203e-003
636 8.569489e-005 2.678560e-003
637 1.655150e-004 2.862036e-003
638 1.655150e-004 2.862036e-003
639 1.173544e-004 4.680183e-003
640 4.242013e-005 1.851380e-003
641 8.569489e-005 2.678560e-003
642 8.417916e-005 2.245972e-003
643 1.173544e-004 4.680183e-003
644 8.417916e-005 2.245972e-003
645 9.966222e-005 3.049214e-003
646 1.173544e-004 4.680183e-003
647 1.023955e-004 3.418718e-003
648 1.761233e-004 2.945439e-003
649 5.159981e-005 2.938737e-003
650 5.159981e-005 2.938737e-003
651 5.159981e-005 2.938737e-003
652 5.159981e-005 2.938737e-003
653 4.946487e-004 6.399534e-003
654 5.324631e-004 7.848516e-003
655 4.075380e-005 1.559941e-003
656 3.687468e-004 3.170179e-003
657 2.123833e-003 1.108082e-002
658 1.042392e-004 3.944919e-003
659 2.266635e-004 4.931443e-003
660 2.266635e-004 4.931443e-003
661 2.266635e-004 4.931443e-003
662 4.497947e-004 6.270417e-003
663 9.966222e-005 3.049214e-003
664 4.084243e-004 4.309013e-003
665 2.266635e-004 4.931443e-003
666 2.266635e-004 4.931443e-003
667 9.966222e-005 3.049214e-003
668 9.966222e-005 3.049214e-003
669 4.497947e-004 6.270417e-003
670 4.084243e-004 4.309013e-003
671 2.266635e-004 4.931443e-003
672 1.692009e-004 2.220209e-003
673 4.497947e-004 6.270417e-003
674 9.966222e-005 3.049214e-003
675 2.982410e-004 2.586211e-003
676 9.966222e-005 3.049214e-003
677 2.058159e-004 3.387381e-003
678 6.853023e-005 1.426915e-003
679 2.152680e-004 4.390347e-003
680 7.439636e-005 1.384070e-003
681 1.502916e-004 1.913214e-003
682 1.887227e-003 1.156781e-002
683 6.853023e-005 1.426915e-003
684 1.895874e-004 3.505910e-003
685 6.670095e-005 1.292509e-003
686 2.058159e-004 3.387381e-003
687 3.701293e-005 1.395398e-003
688 6.853023e-005 1.426915e-003
689 6.670095e-005 1.292509e-003
690 3.701293e-005 1.395398e-003
691 1.323624e-004 1.535518e-003
692 3.453421e-005 1.237781e-003
693 3.701293e-005 1.395398e-003
694 7.148846e-005 1.474644e-003
695 9.966222e-005 3.049214e-003
696 4.157784e-004 4.851244e-003
697 8.250772e-004 6.713078e-003
698 4.157784e-004 4.851244e-003
699 2.058159e-004 3.387381e-003
700 1.023955e-004 3.418718e-003
701 5.159981e-005 2.938737e-003
702 1.977713e-004 3.637951e-003
703 5.159981e-005 2.938737e-003
704 4.157784e-004 4.851244e-003
705 5.159981e-005 2.938737e-003
706 9.966222e-005 3.049214e-003
707 5.159981e-005 2.938737e-003
708 3.198733e-004 3.540572e-003
709 4.191585e-004 5.122843e-003
710 2.443228e-004 5.483206e-003
711 4.848380e-004 7.365344e-003
712 1.625875e-004 2.426203e-003
713 4.191585e-004 5.122843e-003
714 2.131795e-004 4.119382e-003
715 1.074269e-004 3.291820e-003
716 2.443228e-004 5.483206e-003
717 2.443228e-004 5.483206e-003
718 1.074269e-004 3.291820e-003
719 2.074891e-004 3.521825e-003
720 2.443228e-004 5.483206e-003
721 1.074269e-004 3.291820e-003
722 2.074891e-004 3.521825e-003
723 4.191585e-004 5.122843e-003
724 1.074269e-004 3.291820e-003
725 1.074269e-004 3.291820e-003
726 2.074891e-004 3.521825e-003
727 4.848380e-004 7.365344e-003
728 2.328798e-004 5.771812e-003
729 2.443228e-004 5.483206e-003
730 2.170181e-004 4.658198e-003
731 1.074269e-004 3.291820e-003
732 1.074269e-004 3.291820e-003
733 1.074269e-004 3.291820e-003
734 2.443228e-004 5.483206e-003
735 1.074269e-004 3.291820e-003
736 4.680907e-004 5.700541e-003
737 1.001256e-003 9.437123e-003
738 4.191585e-004 5.122843e-003
739 1.074269e-004 3.291820e-003
740 1.074269e-004 3.291820e-003
741 1.074269e-004 3.291820e-003
742 4.191585e-004 5.122843e-003
743 1.074269e-004 3.291820e-003
744 1.074269e-004 3.291820e-003
745 4.191585e-004 5.122843e-003
746 1.074269e-004 3.291820e-003
747 1.074269e-004 3.291820e-003
748 1.026603e-004 3.128110e-003
749 2.328798e-004 5.771812e-003
750 1.544134e-004 2.255606e-003
751 1.444172e-004 2.096186e-003
752 1.444172e-004 2.096186e-003
753 2.068539e-004 4.914551e-003
754 3.701293e-005 1.395398e-003
755 7.643669e-005 1.553559e-003
756 1.444172e-004 2.096186e-003
757 1.023955e-004 3.418718e-003
758 1.444172e-004 2.096186e-003
759 3.701293e-005 1.395398e-003
760 1.415242e-004 1.618647e-003
761 2.858996e-004 2.387092e-003
762 1.042392e-004 3.944919e-003
763 1.042392e-004 3.944919e-003
764 1.042392e-004 3.944919e-003
765 9.284049e-004 8.833695e-003
766 9.008565e-004 1.108729e-002
767 3.345635e-004 5.374663e-003
768 9.284049e-004 8.833695e-003
769 8.417916e-005 2.245972e-003
770 3.701293e-005 1.395398e-003
771 3.701293e-005 1.395398e-003
772 8.569489e-005 2.678560e-003
773 1.738413e-004 2.605681e-003
774 8.569489e-005 2.678560e-003
775 1.700543e-004 3.475693e-003
776 8.569489e-005 2.678560e-003
777 8.417916e-005 2.245972e-003
778 3.284506e-004 3.839786e-003
779 1.625875e-004 2.426203e-003
780 8.569489e-005 2.678560e-003
781 8.569489e-005 2.678560e-003
782 3.767939e-005 1.585604e-003
783 4.242013e-005 1.851380e-003
784 8.417916e-005 2.245972e-003
785 7.477156e-005 1.936097e-003
786 7.281896e-005 1.808715e-003
787 7.477156e-005 1.936097e-003
788 7.477156e-005 1.936097e-003
789 7.477156e-005 1.936097e-003
790 7.477156e-005 1.936097e-003
791 1.865180e-005 1.221899e-003
792 7.477156e-005 1.936097e-003
793 7.477156e-005 1.936097e-003
794 6.637783e-004 4.416446e-003
795 3.701293e-005 1.395398e-003
796 7.477156e-005 1.936097e-003
797 7.477156e-005 1.936097e-003
798 3.767939e-005 1.585604e-003
799 1.406458e-004 1.964624e-003
800 7.477156e-005 1.936097e-003
801 1.406458e-004 1.964624e-003
802 7.477156e-005 1.936097e-003
803 1.444172e-004 2.096186e-003
804 7.477156e-005 1.936097e-003
805 1.444172e-004 2.096186e-003
806 4.459361e-004 6.719009e-003
807 7.281896e-005 1.808715e-003
808 3.767939e-005 1.585604e-003
809 7.477156e-005 1.936097e-003
810 3.767939e-005 1.585604e-003
811 1.700543e-004 3.475693e-003
812 7.413014e-005 2.081501e-003
813 3.820581e-004 3.272401e-003
814 3.401328e-004 3.144239e-003
815 3.401328e-004 3.144239e-003
816 3.925361e-004 3.747320e-003
817 1.900777e-004 3.215527e-003
818 3.401328e-004 3.144239e-003
819 3.401328e-004 3.144239e-003
820 7.715745e-004 6.202876e-003
821 7.024200e-004 4.095850e-003
822 1.356686e-003 5.209005e-003
823 3.753242e-003 1.396898e-002
824 3.180446e-003 1.153709e-002
825 4.214567e-003 1.671919e-002
826 1.593405e-003 8.361560e-003
827 3.180446e-003 1.153709e-002
828 8.514045e-003 2.967619e-002
829 4.128095e-004 4.288192e-003
830 9.566796e-005 2.637196e-003
831 4.735693e-005 2.034856e-003
832 1.693537e-004 2.214136e-003
833 3.331852e-004 2.837512e-003
834 4.735693e-005 2.034856e-003
835 1.693537e-004 2.214136e-003
836 8.768236e-005 2.075182e-003
837 4.735693e-005 2.034856e-003
838 4.735693e-005 2.034856e-003
839 4.735693e-005 2.034856e-003
840 3.331852e-004 2.837512e-003
841 4.735693e-005 2.034856e-003
842 9.316966e-005 2.484799e-003
843 4.735693e-005 2.034856e-003
844 9.146732e-005 2.136249e-003
845 9.146732e-005 2.136249e-003
846 9.566796e-005 2.637196e-003
847 4.735693e-005 2.034856e-003
848 9.146732e-005 2.136249e-003
849 9.566796e-005 2.637196e-003
850 4.735693e-005 2.034856e-003
851 9.146732e-005 2.136249e-003
852 4.735693e-005 2.034856e-003
853 4.735693e-005 2.034856e-003
854 4.735693e-005 2.034856e-003
855 4.735693e-005 2.034856e-003
856 3.458113e-005 1.112901e-003
857 1.711813e-005 8.951727e-004
858 6.862334e-005 1.379296e-003
859 3.458113e-005 1.112901e-003
860 6.715778e-004 3.144348e-003
861 1.350090e-004 1.965564e-003
862 3.458113e-005 1.112901e-003
863 3.458113e-005 1.112901e-003
864 3.458113e-005 1.112901e-003
865 3.458113e-005 1.112901e-003
866 6.402770e-005 1.142347e-003
867 3.458113e-005 1.112901e-003
868 3.458113e-005 1.112901e-003
869 6.402770e-005 1.142347e-003
870 3.458113e-005 1.112901e-003
871 3.458113e-005 1.112901e-003
872 6.679157e-005 1.186940e-003
873 3.458113e-005 1.112901e-003
874 3.306273e-005 9.318233e-004
875 1.147075e-003 1.010406e-002
876 3.458113e-005 1.112901e-003
877 3.458113e-005 1.112901e-003
878 6.402770e-005 1.142347e-003
879 3.458113e-005 1.112901e-003
880 3.458113e-005 1.112901e-003
881 3.458113e-005 1.112901e-003
882 3.306273e-005 9.318233e-004
883 3.169458e-005 9.097491e-004
884 3.458113e-005 1.112901e-003
885 3.458113e-005 1.112901e-003
886 6.504736e-005 1.129920e-003
887 3.367807e-005 1.057814e-003
888 1.543333e-004 2.588753e-003
889 1.475567e-004 1.882040e-003
890 1.388663e-004 1.496533e-003
891 3.331852e-004 2.837512e-003
892 1.725056e-004 2.564135e-003
893 6.504736e-005 1.129920e-003
894 3.367807e-005 1.057814e-003
895 6.235567e-005 1.086491e-003
896 1.259676e-004 1.499393e-003
897 3.605982e-004 3.713573e-003
898 1.799521e-004 2.684279e-003
899 1.960747e-004 3.835193e-003
900 3.367807e-005 1.057814e-003
901 3.210074e-005 1.097596e-003
902 5.784870e-005 1.008362e-003
903 7.087520e-005 1.545941e-003
904 3.630365e-004 4.002155e-003
905 7.639705e-005 1.718471e-003
906 1.475567e-004 1.882040e-003
907 4.058422e-004 5.471258e-003
908 3.679032e-005 1.362515e-003
909 3.679032e-005 1.362515e-003
910 1.870004e-005 1.116404e-003
911 3.679032e-005 1.362515e-003
912 1.617642e-005 9.471231e-004
913 1.617642e-005 9.471231e-004
914 3.367807e-005 1.057814e-003
915 3.679032e-005 1.362515e-003
916 8.643550e-005 2.274391e-003
917 3.679032e-005 1.362515e-003
918 1.617642e-005 9.471231e-004
919 1.870004e-005 1.116404e-003
920 3.611811e-005 1.156441e-003
921 8.222265e-006 8.389100e-004
922 1.661018e-005 9.992418e-004
923 2.018530e-004 3.879429e-003
924 8.134482e-005 1.965319e-003
925 8.222265e-006 8.389100e-004
926 4.393404e-005 1.927908e-003
927 1.588086e-005 8.565142e-004
928 3.124387e-005 9.817575e-004
929 7.105849e-005 1.441284e-003
930 3.124387e-005 9.817575e-004
931 3.679032e-005 1.362515e-003
932 1.870004e-005 1.116404e-003
933 1.522370e-005 8.459115e-004
934 1.588086e-005 8.565142e-004
935 2.940374e-005 8.700371e-004
936 1.588086e-005 8.565142e-004
937 1.588086e-005 8.565142e-004
938 1.870004e-005 1.116404e-003
939 3.611811e-005 1.156441e-003
940 1.588086e-005 8.565142e-004
941 3.208166e-005 1.034805e-003
942 1.870004e-005 1.116404e-003
943 1.588086e-005 8.565142e-004
944 8.222265e-006 8.389100e-004
945 2.940374e-005 8.700371e-004
946 1.711813e-005 8.951727e-004
947 2.561028e-004 5.851208e-003
948 1.176113e-004 3.952447e-003
949 2.448578e-004 4.510175e-003
950 2.448578e-004 4.510175e-003
951 4.858995e-004 5.753978e-003
952 4.117447e-004 4.575807e-003
953 1.847774e-004 2.842025e-003
954 9.146732e-005 2.136249e-003
955 4.117447e-004 4.575807e-003
956 9.146732e-005 2.136249e-003
957 2.448578e-004 4.510175e-003
958 1.267744e-004 4.238746e-003
959 1.102239e-003 1.104086e-002
960 5.554478e-004 8.219358e-003
961 2.448578e-004 4.510175e-003
962 2.448578e-004 4.510175e-003
963 9.146732e-005 2.136249e-003
964 5.554478e-004 8.219358e-003
965 2.074891e-004 3.521825e-003
966 1.102239e-003 1.104086e-002
967 5.554478e-004 8.219358e-003
968 9.146732e-005 2.136249e-003
969 9.146732e-005 2.136249e-003
970 2.448578e-004 4.510175e-003
971 9.146732e-005 2.136249e-003
972 2.448578e-004 4.510175e-003
973 2.448578e-004 4.510175e-003
974 9.146732e-005 2.136249e-003
975 1.267744e-004 4.238746e-003
976 3.455494e-004 3.204767e-003
977 3.367807e-005 1.057814e-003
978 6.504736e-005 1.129920e-003
979 6.862334e-005 1.379296e-003
980 1.711813e-005 8.951727e-004
981 9.257360e-005 2.274671e-003
982 6.862334e-005 1.379296e-003
983 6.862334e-005 1.379296e-003
984 6.862334e-005 1.379296e-003
985 6.862334e-005 1.379296e-003
986 6.862334e-005 1.379296e-003
987 1.711813e-005 8.951727e-004
988 3.458113e-005 1.112901e-003
989 9.093620e-005 2.044827e-003
990 6.862334e-005 1.379296e-003
991 9.257360e-005 2.274671e-003
992 6.862334e-005 1.379296e-003
993 6.862334e-005 1.379296e-003
994 6.862334e-005 1.379296e-003
995 6.862334e-005 1.379296e-003
996 6.862334e-005 1.379296e-003
997 1.556687e-004 2.447738e-003
998 6.862334e-005 1.379296e-003
999 3.396948e-005 1.027042e-003
1000 3.396948e-005 1.027042e-003
1001 3.396948e-005 1.027042e-003
1002 3.396948e-005 1.027042e-003
1003 3.396948e-005 1.027042e-003
1004 6.862334e-005 1.379296e-003
1005 6.862334e-005 1.379296e-003
1006 6.862334e-005 1.379296e-003
1007 6.862334e-005 1.379296e-003
1008 6.862334e-005 1.379296e-003
1009 6.862334e-005 1.379296e-003
1010 6.862334e-005 1.379296e-003
1011 6.862334e-005 1.379296e-003
1012 6.862334e-005 1.379296e-003
1013 6.862334e-005 1.379296e-003
1014 6.862334e-005 1.379296e-003
1015 6.862334e-005 1.379296e-003
1016 3.396948e-005 1.027042e-003
1017 3.458113e-005 1.112901e-003
1018 6.862334e-005 1.379296e-003
1019 6.862334e-005 1.379296e-003
1020 3.458113e-005 1.112901e-003
1021 3.396948e-005 1.027042e-003
1022 1.711813e-005 8.951727e-004
1023 3.396948e-005 1.027042e-003
1024 3.306273e-005 9.318233e-004
1025 6.402770e-005 1.142347e-003
1026 2.040819e-003 1.197945e-002
1027 7.397328e-004 5.697639e-003
1028 7.397328e-004 5.697639e-003
1029 7.562063e-004 4.656795e-003
1030 1.527648e-003 7.415648e-003
1031 1.527648e-003 7.415648e-003
1032 2.673915e-004 2.219160e-003
1033 3.661777e-004 3.806357e-003
1034 7.397328e-004 5.697639e-003
1035 1.323624e-004 1.535518e-003
1036 2.733462e-004 1.842926e-003
1037 3.661777e-004 3.806357e-003
1038 1.323624e-004 1.535518e-003
1039 2.733462e-004 1.842926e-003
1040 3.661777e-004 3.806357e-003
1041 7.397328e-004 5.697639e-003
1042 5.521995e-004 2.840170e-003
1043 5.521995e-004 2.840170e-003
1044 2.867776e-004 1.819046e-003
1045 1.377464e-004 1.447420e-003
1046 5.521995e-004 2.840170e-003
1047 7.397328e-004 5.697639e-003
1048 1.478236e-003 6.898565e-003
1049 3.661777e-004 3.806357e-003
1050 4.089509e-003 1.864311e-002
1051 1.056628e-003 1.030496e-002
1052 1.661018e-005 9.992418e-004
1053 3.611811e-005 1.156441e-003
1054 4.497034e-004 4.558337e-003
1055 3.611811e-005 1.156441e-003
1056 9.668807e-005 2.391229e-003
1057 3.611811e-005 1.156441e-003
1058 3.458113e-005 1.112901e-003
1059 1.588086e-005 8.565142e-004
1060 8.222265e-006 8.389100e-004
1061 3.075411e-005 1.013386e-003
1062 3.602494e-005 1.261833e-003
1063 4.393404e-005 1.927908e-003
1064 1.176113e-004 3.952447e-003
1065 1.176113e-004 3.952447e-003
1066 3.296151e-005 1.153750e-003
1067 3.296151e-005 1.153750e-003
1068 3.296151e-005 1.153750e-003
1069 3.296151e-005 1.153750e-003
1070 2.674855e-004 6.173664e-003
1071 9.991997e-005 2.757650e-003
1072 2.274672e-005 1.879207e-003
1073 1.176113e-004 3.952447e-003
1074 1.588086e-005 8.565142e-004
1075 2.266635e-004 4.931443e-003
1076 4.393404e-005 1.927908e-003
1077 1.176113e-004 3.952447e-003
1078 3.611811e-005 1.156441e-003
1079 9.668807e-005 2.391229e-003
1080 3.075411e-005 1.013386e-003
1081 3.075411e-005 1.013386e-003
1082 3.075411e-005 1.013386e-003
1083 3.075411e-005 1.013386e-003
1084 1.661018e-005 9.992418e-004
1085 8.193216e-005 1.942203e-003
1086 1.661018e-005 9.992418e-004
1087 1.661018e-005 9.992418e-004
1088 2.051500e-004 3.174198e-003
1089 1.661018e-005 9.992418e-004
1090 1.661018e-005 9.992418e-004
1091 1.661018e-005 9.992418e-004
1092 1.020130e-003 8.328611e-003
1093 1.725951e-004 2.363059e-003
1094 1.725951e-004 2.363059e-003
1095 3.021014e-005 9.292872e-004
1096 3.021014e-005 9.292872e-004
1097 6.853023e-005 1.426915e-003
1098 1.323624e-004 1.535518e-003
1099 6.102893e-005 1.181817e-003
1100 3.021014e-005 9.292872e-004
1101 3.021014e-005 9.292872e-004
1102 3.296151e-005 1.153750e-003
1103 3.021014e-005 9.292872e-004
1104 3.960997e-004 5.755892e-003
1105 3.021014e-005 9.292872e-004
1106 6.238802e-005 1.013808e-003
1107 6.238802e-005 1.013808e-003
1108 3.021014e-005 9.292872e-004
1109 3.021014e-005 9.292872e-004
1110 5.834925e-005 9.771625e-004
1111 6.853023e-005 1.426915e-003
1112 1.323624e-004 1.535518e-003
1113 1.323624e-004 1.535518e-003
1114 6.102893e-005 1.181817e-003
1115 1.323624e-004 1.535518e-003
1116 3.021014e-005 9.292872e-004
1117 3.021014e-005 9.292872e-004
1118 6.853023e-005 1.426915e-003
1119 1.323624e-004 1.535518e-003
1120 6.561019e-005 1.099772e-003
1121 3.151422e-005 9.503275e-004
1122 3.306273e-005 9.318233e-004
1123 3.306273e-005 9.318233e-004
1124 6.561019e-005 1.099772e-003
1125 6.561019e-005 1.099772e-003
1126 3.306273e-005 9.318233e-004
1127 3.306273e-005 9.318233e-004
1128 3.306273e-005 9.318233e-004
1129 3.458113e-005 1.112901e-003
1130 3.306273e-005 9.318233e-004
1131 9.146732e-005 2.136249e-003
1132 1.150041e-003 9.331691e-003
1133 2.012972e-004 2.849736e-003
1134 3.306273e-005 9.318233e-004
1135 3.306273e-005 9.318233e-004
1136 3.306273e-005 9.318233e-004
1137 7.519514e-005 1.327718e-003
1138 6.561019e-005 1.099772e-003
1139 7.519514e-005 1.327718e-003
1140 8.069624e-004 6.468634e-003
1141 1.492184e-004 1.709687e-003
1142 7.519514e-005 1.327718e-003
1143 7.519514e-005 1.327718e-003
1144 2.012972e-004 2.849736e-003
1145 7.519514e-005 1.327718e-003
1146 2.012972e-004 2.849736e-003
1147 2.012972e-004 2.849736e-003
1148 7.519514e-005 1.327718e-003
1149 7.519514e-005 1.327718e-003
1150 3.306273e-005 9.318233e-004
1151 3.306273e-005 9.318233e-004
1152 3.306273e-005 9.318233e-004
1153 3.306273e-005 9.318233e-004
1154 6.561019e-005 1.099772e-003
1155 3.306273e-005 9.318233e-004
1156 1.756383e-004 2.239525e-003
1157 3.310536e-004 2.625127e-003
1158 1.756383e-004 2.239525e-003
1159 6.569479e-004 3.683261e-003
1160 1.270576e-004 1.437730e-003
1161 6.561019e-005 1.099772e-003
1162 2.454048e-004 1.639084e-003
1163 1.756383e-004 2.239525e-003
1164 1.270576e-004 1.437730e-003
1165 1.325422e-004 1.526221e-003
1166 3.548152e-004 3.381129e-003
1167 1.837045e-004 2.987810e-003
1168 1.325422e-004 1.526221e-003
1169 2.454048e-004 1.639084e-003
1170 2.454048e-004 1.639084e-003
1171 1.270576e-004 1.437730e-003
1172 1.756383e-004 2.239525e-003
1173 3.627167e-004 2.835487e-003
1174 2.377334e-004 5.737864e-003
1175 1.752546e-004 2.821986e-003
1176 9.550964e-003 5.876013e-002
1177 3.367807e-005 1.057814e-003
1178 1.799521e-004 2.684279e-003
1179 4.269597e-004 6.720110e-003
1180 4.082125e-004 4.765005e-003
1181 2.113508e-004 4.312494e-003
1182 4.082125e-004 4.765005e-003
1183 1.492184e-004 1.709687e-003
1184 3.384946e-004 3.197213e-003
1185 5.581284e-004 2.936253e-003
1186 3.014431e-004 2.679568e-003
1187 1.492184e-004 1.709687e-003
1188 1.492184e-004 1.709687e-003
1189 3.384946e-004 3.197213e-003
1190 6.838090e-004 5.397341e-003
1191 3.384946e-004 3.197213e-003
1192 5.581284e-004 2.936253e-003
1193 5.581284e-004 2.936253e-003
1194 5.581284e-004 2.936253e-003
1195 3.014431e-004 2.679568e-003
1196 3.014431e-004 2.679568e-003
1197 1.492184e-004 1.709687e-003
1198 3.014431e-004 2.679568e-003
1199 3.014431e-004 2.679568e-003
1200 5.581284e-004 2.936253e-003
1201 2.812558e-004 2.037286e-003
1202 3.014431e-004 2.679568e-003
1203 3.303303e-004 3.416867e-003
1204 3.014431e-004 2.679568e-003
1205 8.643550e-005 2.274391e-003
1206 1.960747e-004 3.835193e-003
1207 8.643550e-005 2.274391e-003
1208 3.570998e-004 3.598382e-003
1209 9.040505e-005 2.927531e-003
1210 8.643550e-005 2.274391e-003
1211 1.661018e-005 9.992418e-004
1212 6.504736e-005 1.129920e-003
1213 9.316966e-005 2.484799e-003
1214 1.799521e-004 2.684279e-003
1215 4.082125e-004 4.765005e-003
1216 1.475567e-004 1.882040e-003
1217 4.082125e-004 4.765005e-003
1218 7.500118e-005 1.432668e-003
1219 8.222265e-006 8.389100e-004
1220 3.767939e-005 1.585604e-003
1221 1.661018e-005 9.992418e-004
1222 3.384946e-004 3.197213e-003
1223 3.458113e-005 1.112901e-003
1224 1.661018e-005 9.992418e-004
1225 3.458113e-005 1.112901e-003
1226 3.611811e-005 1.156441e-003
1227 2.323252e-003 1.555634e-002
1228 6.402770e-005 1.142347e-003
1229 1.711813e-005 8.951727e-004
1230 6.803466e-005 1.441460e-003
1231 3.458113e-005 1.112901e-003
1232 6.803466e-005 1.441460e-003
1233 6.803466e-005 1.441460e-003
1234 6.803466e-005 1.441460e-003
1235 6.803466e-005 1.441460e-003
1236 6.803466e-005 1.441460e-003
1237 6.803466e-005 1.441460e-003
1238 6.803466e-005 1.441460e-003
1239 6.803466e-005 1.441460e-003
1240 5.930569e-004 4.336186e-003
1241 3.306273e-005 9.318233e-004
1242 6.803466e-005 1.441460e-003
1243 3.458113e-005 1.112901e-003
1244 6.803466e-005 1.441460e-003
1245 6.803466e-005 1.441460e-003
1246 6.803466e-005 1.441460e-003
1247 1.834552e-004 3.115286e-003
1248 8.058675e-004 6.160997e-003
1249 3.543338e-004 3.406016e-003
1250 3.543338e-004 3.406016e-003
1251 1.834552e-004 3.115286e-003
1252 3.543338e-004 3.406016e-003
1253 6.504736e-005 1.129920e-003
1254 7.105849e-005 1.441284e-003
1255 3.006656e-004 2.781031e-003
1256 6.870746e-005 1.321950e-003
1257 3.223082e-004 3.012327e-003
1258 1.547324e-004 2.486793e-003
1259 1.519052e-004 1.907935e-003
1260 1.900777e-004 3.215527e-003
1261 3.296151e-005 1.153750e-003
1262 2.988572e-004 2.818081e-003
1263 7.208353e-005 1.277514e-003
1264 2.623910e-004 1.793208e-003
1265 1.260330e-004 1.352562e-003
1266 1.270576e-004 1.437730e-003
1267 6.862334e-005 1.379296e-003
1268 1.298871e-004 1.231934e-003
1269 3.657999e-004 3.214231e-003
1270 3.007235e-004 2.213925e-003
1271 2.889693e-004 2.478311e-003
1272 6.862334e-005 1.379296e-003
1273 3.611811e-005 1.156441e-003
1274 2.935712e-004 2.529735e-003
1275 1.790200e-004 2.473561e-003
1276 3.552501e-004 3.125777e-003
1277 1.585458e-003 9.502697e-003
1278 8.069624e-004 6.468634e-003
1279 6.102893e-005 1.181817e-003
1280 1.839297e-004 2.834296e-003
1281 3.618618e-004 4.025439e-003
1282 2.935712e-004 2.529735e-003
1283 2.673915e-004 2.219160e-003
1284 3.073082e-004 2.559020e-003
1285 1.435486e-004 2.137355e-003
1286 3.876042e-004 4.630565e-003
1287 6.311722e-005 1.287815e-003
1288 2.657833e-004 2.259590e-003
1289 1.490254e-003 7.425623e-003
1290 3.124387e-005 9.817575e-004
1291 1.327047e-004 1.430834e-003
1292 6.452281e-005 1.087772e-003
1293 8.058675e-004 6.160997e-003
1294 6.994461e-005 1.513217e-003
1295 1.327047e-004 1.430834e-003
1296 8.436347e-005 1.839463e-003
1297 1.677755e-003 8.625974e-003
1298 1.830555e-003 1.374410e-002
1299 3.251980e-004 2.389085e-003
1300 1.490254e-003 7.425623e-003
1301 7.208353e-005 1.277514e-003
1302 7.208353e-005 1.277514e-003
1303 7.643256e-004 4.639708e-003
1304 3.957272e-004 4.012582e-003
1305 3.957272e-004 4.012582e-003
1306 3.671247e-004 3.516752e-003
1307 1.739982e-004 2.479692e-003
1308 4.028527e-004 4.556069e-003
1309 4.202426e-004 4.836641e-003
1310 1.059361e-003 9.533112e-003
1311 7.643256e-004 4.639708e-003
1312 5.554478e-004 8.219358e-003
1313 8.875323e-005 2.421146e-003
1314 1.178741e-004 1.278532e-003
1315 6.102893e-005 1.181817e-003
1316 3.260960e-004 3.095412e-003
1317 8.134482e-005 1.965319e-003
1318 3.777683e-005 1.481049e-003
1319 6.102893e-005 1.181817e-003
1320 1.688352e-004 2.827852e-003
1321 1.688352e-004 2.827852e-003
1322 5.939988e-005 1.062123e-003
1323 2.680830e-004 2.116244e-003
1324 1.631639e-005 9.153935e-004
1325 1.387992e-004 1.896283e-003
1326 7.167334e-005 1.369803e-003
1327 1.837045e-004 2.987810e-003
1328 6.102893e-005 1.181817e-003
1329 7.496494e-005 1.832449e-003
1330 6.862334e-005 1.379296e-003
1331 1.327047e-004 1.430834e-003
1332 7.176575e-004 4.960619e-003
1333 1.872415e-004 3.346317e-003
1334 7.625696e-004 7.287193e-003
1335 1.135586e-004 4.251578e-003
1336 9.933976e-005 2.749706e-003
1337 3.462352e-005 1.132327e-003
1338 1.558595e-004 2.317652e-003
1339 8.686523e-004 7.249384e-003
1340 2.102561e-004 4.348275e-003
1341 6.870746e-005 1.321950e-003
1342 3.462352e-005 1.132327e-003
1343 8.923985e-004 5.849552e-003
1344 1.447907e-004 1.992952e-003
1345 3.715650e-004 4.371784e-003
1346 2.006809e-004 4.200900e-003
1347 2.006809e-004 4.200900e-003
1348 3.829275e-004 3.605570e-003
1349 2.495443e-004 4.904850e-003
1350 1.096178e-003 9.554863e-003
1351 2.029597e-003 1.048828e-002
1352 3.798396e-004 3.348888e-003
1353 1.327047e-004 1.430834e-003
1354 1.178741e-004 1.278532e-003
1355 3.876042e-004 4.630565e-003
1356 1.327047e-004 1.430834e-003
1357 1.688352e-004 2.827852e-003
1358 3.737352e-004 4.051311e-003
1359 3.715650e-004 4.371784e-003
1360 3.296151e-005 1.153750e-003
1361 1.252508e-004 1.660668e-003
1362 1.178741e-004 1.278532e-003
1363 2.940374e-005 8.700371e-004
1364 1.631639e-005 9.153935e-004
1365 6.289521e-005 1.055968e-003
1366 3.244876e-004 2.971219e-003
1367 9.268707e-005 2.326676e-003
1368 6.870746e-005 1.321950e-003
1369 6.121634e-005 9.599769e-004
1370 1.631639e-005 9.153935e-004
1371 1.870004e-005 1.116404e-003
1372 1.711813e-005 8.951727e-004
1373 3.710865e-005 1.290351e-003
1374 1.178741e-004 1.278532e-003
1375 4.172354e-004 5.499787e-003
1376 3.208166e-005 1.034805e-003
1377 1.515134e-004 2.011388e-003
1378 1.178741e-004 1.278532e-003
1379 2.012972e-004 2.849736e-003
1380 7.396036e-004 4.212412e-003
1381 6.569479e-004 3.683261e-003
1382 1.588086e-005 8.565142e-004
1383 2.940374e-005 8.700371e-004
1384 6.989164e-004 4.598897e-003
1385 8.850883e-005 1.789927e-003
1386 1.638760e-004 1.865294e-003
1387 3.552501e-004 3.125777e-003
1388 3.552501e-004 3.125777e-003
1389 3.767939e-005 1.585604e-003
1390 3.798396e-004 3.348888e-003
1391 9.933976e-005 2.749706e-003
1392 4.430832e-004 6.957102e-003
1393 3.710865e-005 1.290351e-003
1394 3.260960e-004 3.095412e-003
1395 8.729581e-004 7.077851e-003
1396 7.300728e-005 1.704738e-003
1397 3.210074e-005 1.097596e-003
1398 4.321260e-004 4.845951e-003
1399 1.410096e-004 1.861049e-003
1400 6.102893e-005 1.181817e-003
1401 3.839849e-004 4.804407e-003
1402 6.102893e-005 1.181817e-003
1403 3.021014e-005 9.292872e-004
1404 1.200679e-004 1.577045e-003
1405 6.200083e-005 1.166325e-003
1406 1.376085e-004 2.041516e-003
1407 6.366335e-005 1.224322e-003
1408 6.484822e-005 1.521826e-003
1409 2.454048e-004 1.639084e-003
1410 2.995099e-005 9.608977e-004
1411 9.396337e-004 1.257345e-002
1412 3.806909e-004 5.206191e-003
1413 1.631639e-005 9.153935e-004
1414 8.494566e-004 9.735625e-003
1415 6.102893e-005 1.181817e-003
1416 6.870746e-005 1.321950e-003
1417 6.870746e-005 1.321950e-003
1418 3.151422e-005 9.503275e-004
1419 3.957272e-004 4.012582e-003
1420 7.925694e-004 6.802545e-003
1421 8.172301e-004 5.119734e-003
1422 1.898450e-004 3.374173e-003
1423 2.499721e-004 2.080527e-003
1424 2.610822e-004 1.981122e-003
1425 2.730724e-004 2.795158e-003
1426 3.552501e-004 3.125777e-003
1427 1.700543e-004 3.475693e-003
1428 2.940374e-005 8.700371e-004
1429 1.823518e-004 3.026751e-003
1430 1.474854e-004 2.669571e-003
1431 2.610822e-004 1.981122e-003
1432 1.410096e-004 1.861049e-003
1433 1.351745e-004 1.766905e-003
1434 8.208658e-004 8.201836e-003
1435 3.066368e-004 3.327010e-003
1436 3.066368e-004 3.327010e-003
1437 3.458113e-005 1.112901e-003
1438 3.296151e-005 1.153750e-003
1439 1.658270e-003 1.444604e-002
1440 2.875192e-004 1.715096e-003
1441 1.578435e-003 6.414833e-003
1442 6.102893e-005 1.181817e-003
1443 5.777622e-004 9.773157e-003
1444 9.715457e-004 1.118411e-002
1445 5.777622e-004 9.773157e-003
1446 9.118730e-005 2.750204e-003
1447 6.050540e-005 1.245675e-003
1448 1.474854e-004 2.669571e-003
1449 9.040505e-005 2.927531e-003
1450 2.586598e-004 2.085660e-003
1451 1.588086e-005 8.565142e-004
1452 1.314734e-004 1.440339e-003
1453 3.602494e-005 1.261833e-003
1454 7.529209e-004 4.749247e-003
1455 1.929674e-004 2.715341e-003
1456 1.790200e-004 2.473561e-003
1457 1.625875e-004 2.426203e-003
1458 8.417916e-005 2.245972e-003
1459 1.516991e-004 2.011970e-003
1460 1.929674e-004 2.715341e-003
1461 3.994573e-004 3.872265e-003
1462 2.193321e-004 4.494711e-003
1463 3.148591e-004 3.620498e-003
1464 4.247482e-004 6.661280e-003
1465 4.247482e-004 6.661280e-003
1466 1.627971e-003 1.032325e-002
1467 4.321260e-004 4.845951e-003
1468 8.428769e-004 8.987502e-003
1469 6.346439e-004 1.744625e-002
1470 5.939988e-005 1.062123e-003
1471 2.680830e-004 2.116244e-003
1472 1.558595e-004 2.317652e-003
1473 1.327047e-004 1.430834e-003
1474 7.176575e-004 4.960619e-003
1475 9.933976e-005 2.749706e-003
1476 5.173326e-005 2.646888e-003
1477 5.324631e-004 7.848516e-003
1478 5.088375e-004 7.399399e-003
1479 1.056628e-003 1.030496e-002
1480 4.311819e-004 5.970115e-003
1481 2.748213e-004 7.165383e-003
1482 9.224653e-004 9.058259e-003
1483 3.260960e-004 3.095412e-003
1484 1.325422e-004 1.526221e-003
1485 2.812558e-004 2.037286e-003
1486 5.581284e-004 2.936253e-003
1487 3.296151e-005 1.153750e-003
1488 2.454048e-004 1.639084e-003
1489 1.270576e-004 1.437730e-003
1490 1.178741e-004 1.278532e-003
1491 7.994272e-004 6.414575e-003
1492 7.519514e-005 1.327718e-003
1493 5.943521e-005 1.124931e-003
1494 9.933976e-005 2.749706e-003
1495 9.933976e-005 2.749706e-003
1496 1.617642e-005 9.471231e-004
1497 5.075249e-004 8.176753e-003
1498 4.519714e-004 6.361592e-003
1499 1.631639e-005 9.153935e-004
1500 1.348259e-004 1.870722e-003
1501 3.706065e-004 4.648808e-003
1502 7.854176e-005 1.887502e-003
1503 1.178741e-004 1.278532e-003
1504 3.829275e-004 3.605570e-003
1505 1.677755e-003 8.625974e-003
1506 1.588086e-005 8.565142e-004
1507 8.484629e-005 1.730835e-003
1508 1.490254e-003 7.425623e-003
1509 5.834925e-005 9.771625e-004
1510 1.327047e-004 1.430834e-003
1511 8.484629e-005 1.730835e-003
1512 8.222265e-006 8.389100e-004
1513 2.782681e-004 2.041190e-003
1514 1.625545e-004 1.807336e-003
1515 1.705765e-004 2.330736e-003
1516 3.132791e-004 2.364287e-003
1517 1.377464e-004 1.447420e-003
1518 6.328699e-004 3.714708e-003
1519 3.296151e-005 1.153750e-003
1520 1.586659e-004 2.751531e-003
1521 5.939988e-005 1.062123e-003
1522 1.350942e-004 1.624061e-003
1523 1.200679e-004 1.577045e-003
1524 1.877955e-004 2.433410e-003
1525 1.447907e-004 1.992952e-003
1526 1.953241e-004 3.476723e-003
1527 8.193216e-005 1.942203e-003
1528 1.323624e-004 1.535518e-003
1529 3.214213e-004 3.517184e-003
1530 6.994461e-005 1.513217e-003
1531 2.499721e-004 2.080527e-003
1532 9.093620e-005 2.044827e-003
1533 4.657928e-004 5.429570e-003
1534 9.158525e-004 6.820738e-003
1535 5.721569e-004 9.045908e-003
1536 2.140064e-003 1.596324e-002
1537 1.847774e-004 2.842025e-003
1538 1.072299e-003 1.236874e-002
1539 3.715650e-004 4.371784e-003
1540 1.817432e-003 9.748043e-003
1541 9.409699e-004 8.256848e-003
1542 4.714815e-004 6.676374e-003
1543 1.918693e-004 2.962396e-003
1544 3.543338e-004 3.406016e-003
1545 1.562008e-004 1.911300e-003
1546 1.704266e-004 2.572944e-003
1547 8.686523e-004 7.249384e-003
1548 2.040819e-003 1.197945e-002
1549 1.214787e-004 1.155640e-003
1550 1.739982e-004 2.479692e-003
1551 5.566887e-004 3.037054e-003
1552 3.169458e-005 9.097491e-004
1553 7.854176e-005 1.887502e-003
1554 6.555126e-004 4.940800e-003
1555 1.830555e-003 1.374410e-002
1556 3.303303e-004 3.416867e-003
1557 6.821766e-004 4.341053e-003
1558 1.353722e-003 6.774770e-003
1559 1.200679e-004 1.577045e-003
1560 8.823786e-005 2.384023e-003
1561 1.545225e-004 2.480736e-003
1562 7.310141e-004 6.778068e-003
1563 3.296151e-005 1.153750e-003
1564 2.680830e-004 2.116244e-003
1565 3.971241e-004 5.471328e-003
1566 1.376085e-004 2.041516e-003
1567 1.327047e-004 1.430834e-003
1568 3.296151e-005 1.153750e-003
1569 1.178741e-004 1.278532e-003
1570 1.590133e-004 2.138739e-003
1571 1.387992e-004 1.896283e-003
1572 6.102893e-005 1.181817e-003
1573 8.477999e-004 7.866048e-003
1574 8.718340e-005 2.187441e-003
1575 3.661777e-004 3.806357e-003
1576 2.074891e-004 3.521825e-003
1577 4.497947e-004 6.270417e-003
1578 1.230126e-004 5.009467e-003
1579 3.737352e-004 4.051311e-003
1580 4.393404e-005 1.927908e-003
1581 8.718340e-005 2.187441e-003
1582 1.643285e-004 2.496721e-003
1583 4.895878e-004 7.981605e-003
1584 1.700543e-004 3.475693e-003
1585 9.715457e-004 1.118411e-002
1586 9.715457e-004 1.118411e-002
1587 6.502265e-004 4.501400e-003
1588 5.624767e-004 3.658344e-003
1589 1.769715e-004 3.044746e-003
1590 1.255877e-003 5.531842e-003
1591 3.511850e-004 4.202359e-003
1592 3.148591e-004 3.620498e-003
1593 4.172354e-004 5.499787e-003
1594 2.864904e-004 2.618551e-003
1595 2.294050e-004 6.465937e-003
1596 1.388663e-004 1.496533e-003
1597 2.253474e-004 5.307898e-003
1598 7.396036e-004 4.212412e-003
1599 3.210074e-005 1.097596e-003
1600 7.858892e-004 6.067532e-003
1601 1.631639e-005 9.153935e-004
1602 3.898225e-004 4.131478e-003
1603 6.311722e-005 1.287815e-003
1604 5.784870e-005 1.008362e-003
1605 3.148591e-004 3.620498e-003
1606 1.387992e-004 1.896283e-003
1607 3.767939e-005 1.585604e-003
1608 6.050540e-005 1.245675e-003
1609 1.387992e-004 1.896283e-003
1610 3.148591e-004 3.620498e-003
1611 6.102893e-005 1.181817e-003
1612 6.102893e-005 1.181817e-003
1613 1.870004e-005 1.116404e-003
1614 7.871373e-005 1.624526e-003
1615 3.994573e-004 3.872265e-003
1616 1.789072e-004 2.821720e-003
1617 1.785582e-004 2.755482e-003
1618 3.994573e-004 3.872265e-003
1619 3.994573e-004 3.872265e-003
1620 1.410096e-004 1.861049e-003
1621 8.069624e-004 6.468634e-003
1622 6.366335e-005 1.224322e-003
1623 3.552501e-004 3.125777e-003
1624 1.614219e-004 2.261679e-003
1625 5.834925e-005 9.771625e-004
1626 3.543338e-004 3.406016e-003
1627 7.296389e-005 1.561931e-003
1628 5.834925e-005 9.771625e-004
1629 5.088375e-004 7.399399e-003
1630 5.834925e-005 9.771625e-004
1631 1.704266e-004 2.572944e-003
1632 3.552501e-004 3.125777e-003
1633 8.004550e-004 5.945754e-003
1634 1.817432e-003 9.748043e-003
1635 8.628181e-004 7.359430e-003
1636 4.419521e-003 2.195064e-002
1637 9.084670e-004 6.496828e-003
1638 1.643285e-004 2.496721e-003
1639 1.263265e-003 1.487032e-002
1640 1.176113e-004 3.952447e-003
1641 8.996534e-004 6.167732e-003
1642 8.729581e-004 7.077851e-003
1643 4.352461e-004 5.790376e-003
1644 2.084178e-003 1.489252e-002
1645 3.306273e-005 9.318233e-004
1646 3.611811e-005 1.156441e-003
1647 2.046097e-003 1.121193e-002
1648 1.790200e-004 2.473561e-003
1649 8.357571e-005 2.129233e-003
1650 3.401328e-004 3.144239e-003
1651 8.222265e-006 8.389100e-004
1652 7.024200e-004 4.095850e-003
1653 5.816689e-004 1.158779e-002
1654 4.211603e-005 1.898576e-003
1655 8.643550e-005 2.274391e-003
1656 8.017871e-005 1.867759e-003
1657 8.222265e-006 8.389100e-004
1658 3.124387e-005 9.817575e-004
1659 8.748092e-005 2.555615e-003
1660 6.050540e-005 1.245675e-003
1661 1.741316e-004 2.320231e-003
1662 1.127445e-004 3.873924e-003
1663 4.399069e-004 5.475156e-003
1664 2.177598e-004 4.052595e-003
1665 1.548608e-004 1.994822e-003
1666 1.548608e-004 1.994822e-003
1667 3.522026e-004 3.315732e-003
1668 2.995099e-005 9.608977e-004
1669 1.600372e-004 2.347993e-003
1670 1.600372e-004 2.347993e-003
1671 8.017871e-005 1.867759e-003
1672 3.765811e-004 3.536929e-003
1673 2.033901e-004 3.363738e-003
1674 3.124387e-005 9.817575e-004
1675 2.201098e-005 1.541198e-003
1676 1.588086e-005 8.565142e-004
1677 2.177598e-004 4.052595e-003
1678 4.497034e-004 4.558337e-003
1679 1.872415e-004 3.346317e-003
1680 1.989594e-004 4.591153e-003
1681 3.596052e-004 2.911081e-003
1682 9.015610e-005 2.127203e-003
1683 8.017871e-005 1.867759e-003
1684 8.017871e-005 1.867759e-003
1685 3.267875e-005 1.217848e-003
1686 4.284191e-004 5.077011e-003
1687 1.548608e-004 1.994822e-003
1688 2.940374e-005 8.700371e-004
1689 1.590133e-004 2.138739e-003
1690 1.548608e-004 1.994822e-003
1691 1.590133e-004 2.138739e-003
1692 8.919357e-004 6.387454e-003
1693 1.384898e-004 5.877152e-003
1694 3.522026e-004 3.315732e-003
1695 8.508058e-005 2.361890e-003
1696 4.211603e-005 1.898576e-003
1697 1.127445e-004 3.873924e-003
1698 2.564168e-004 5.995079e-003
1699 1.548608e-004 1.994822e-003
1700 1.548608e-004 1.994822e-003
1701 1.619728e-004 2.630107e-003
1702 1.727274e-004 2.207401e-003
1703 3.960305e-004 4.055816e-003
1704 7.871373e-005 1.624526e-003
1705 1.855267e-003 1.131905e-002
1706 1.017796e-004 3.327748e-003
1707 3.679032e-005 1.362515e-003
1708 7.105849e-005 1.441284e-003
1709 1.017796e-004 3.327748e-003
1710 1.617642e-005 9.471231e-004
1711 3.522026e-004 3.315732e-003
1712 4.075380e-005 1.559941e-003
1713 1.548608e-004 1.994822e-003
1714 1.548608e-004 1.994822e-003
1715 9.268707e-005 2.326676e-003
1716 1.127445e-004 3.873924e-003
1717 1.226688e-004 1.200078e-003
1718 9.084670e-004 6.496828e-003
1719 3.777683e-005 1.481049e-003
1720 5.005996e-005 2.284049e-003
1721 1.870004e-005 1.116404e-003
1722 2.177598e-004 4.052595e-003
1723 3.210074e-005 1.097596e-003
1724 3.210074e-005 1.097596e-003
1725 3.210074e-005 1.097596e-003
1726 1.092256e-003 1.737968e-002
1727 1.611927e-004 2.588355e-003
1728 3.602494e-005 1.261833e-003
1729 1.548608e-004 1.994822e-003
1730 8.017871e-005 1.867759e-003
1731 1.548608e-004 1.994822e-003
1732 2.234142e-004 5.746120e-003
1733 5.288869e-004 6.945570e-003
1734 2.050436e-004 3.616810e-003
1735 3.198084e-004 2.354482e-003
1736 8.017871e-005 1.867759e-003
1737 1.548608e-004 1.994822e-003
1738 1.193770e-003 1.677821e-002
1739 2.313876e-004 4.879980e-003
1740 2.313876e-004 4.879980e-003
1741 2.995099e-005 9.608977e-004
1742 2.995099e-005 9.608977e-004
1743 8.017871e-005 1.867759e-003
1744 6.803466e-005 1.441460e-003
1745 7.105849e-005 1.441284e-003
1746 1.547324e-004 2.486793e-003
1747 2.797697e-004 8.577663e-003
1748 8.017871e-005 1.867759e-003
1749 5.005996e-005 2.284049e-003
1750 8.345703e-005 2.409670e-003
1751 6.670095e-005 1.292509e-003
1752 7.871373e-005 1.624526e-003
1753 8.017871e-005 1.867759e-003
1754 4.703560e-004 5.751435e-003
1755 8.554164e-004 7.722588e-003
1756 4.005603e-004 5.071839e-003
1757 4.005603e-004 5.071839e-003
1758 7.880593e-004 7.817267e-003
1759 7.880593e-004 7.817267e-003
1760 7.880593e-004 7.817267e-003
1761 8.849226e-004 9.353296e-003
1762 7.880593e-004 7.817267e-003
1763 8.250772e-004 6.713078e-003
1764 4.157784e-004 4.851244e-003
1765 4.157784e-004 4.851244e-003
1766 1.527648e-003 7.415648e-003
1767 6.415588e-004 4.447638e-003
1768 6.415588e-004 4.447638e-003
1769 8.250772e-004 6.713078e-003
1770 8.250772e-004 6.713078e-003
1771 3.465036e-004 4.152583e-003
1772 1.746124e-004 3.121092e-003
1773 2.040819e-003 1.197945e-002
1774 3.727711e-004 4.339538e-003
1775 2.060813e-003 1.272598e-002
1776 6.415588e-004 4.447638e-003
1777 6.415588e-004 4.447638e-003
1778 6.415588e-004 4.447638e-003
1779 6.415588e-004 4.447638e-003
1780 3.260960e-004 3.095412e-003
1781 3.260960e-004 3.095412e-003
1782 8.250772e-004 6.713078e-003
1783 1.527648e-003 7.415648e-003
1784 3.666752e-004 3.780639e-003
1785 3.666752e-004 3.780639e-003
1786 8.718340e-005 2.187441e-003
1787 1.614219e-004 2.261679e-003
1788 2.027113e-003 1.224285e-002
1789 2.027113e-003 1.224285e-002
1790 3.815903e-004 3.468997e-003
1791 2.317259e-003 1.631265e-002
1792 9.815885e-004 8.912200e-003
1793 1.614219e-004 2.261679e-003
1794 1.600372e-004 2.347993e-003
1795 1.688352e-004 2.827852e-003
1796 3.465036e-004 4.152583e-003
1797 3.465036e-004 4.152583e-003
1798 3.465036e-004 4.152583e-003
1799 3.465036e-004 4.152583e-003
1800 3.542201e-004 3.366995e-003
1801 1.833964e-004 2.974336e-003
1802 1.715240e-004 2.784993e-003
1803 1.715240e-004 2.784993e-003
1804 3.321651e-004 3.921242e-003
1805 6.415588e-004 4.447638e-003
1806 6.730830e-004 4.258679e-003
1807 3.484867e-004 3.706418e-003
1808 6.558460e-004 3.668621e-003
1809 3.465036e-004 4.152583e-003
1810 3.465036e-004 4.152583e-003
1811 3.465036e-004 4.152583e-003
1812 1.794012e-004 3.768478e-003
1813 8.880601e-005 2.594856e-003
1814 3.465036e-004 4.152583e-003
1815 7.860265e-004 8.095779e-003
1816 9.118730e-005 2.750204e-003
1817 1.715240e-004 2.784993e-003
1818 3.465036e-004 4.152583e-003
1819 7.860265e-004 8.095779e-003
1820 3.960997e-004 5.755892e-003
1821 3.465036e-004 4.152583e-003
1822 1.746124e-004 3.121092e-003
1823 3.465036e-004 4.152583e-003
1824 2.050794e-004 5.316809e-003
1825 3.960997e-004 5.755892e-003
1826 3.465036e-004 4.152583e-003
1827 1.252508e-004 1.660668e-003
1828 1.847774e-004 2.842025e-003
1829 3.666752e-004 3.780639e-003
1830 7.880593e-004 7.817267e-003
1831 1.761233e-004 2.945439e-003
1832 7.880593e-004 7.817267e-003
1833 3.465036e-004 4.152583e-003
1834 3.465036e-004 4.152583e-003
1835 3.465036e-004 4.152583e-003
1836 3.232986e-004 3.269778e-003
1837 6.415588e-004 4.447638e-003
1838 3.260960e-004 3.095412e-003
1839 6.415588e-004 4.447638e-003
1840 6.415588e-004 4.447638e-003
1841 3.465036e-004 4.152583e-003
1842 3.260960e-004 3.095412e-003
1843 1.715240e-004 2.784993e-003
1844 3.465036e-004 4.152583e-003
1845 3.465036e-004 4.152583e-003
1846 1.746124e-004 3.121092e-003
1847 1.746124e-004 3.121092e-003
1848 3.465036e-004 4.152583e-003
1849 3.465036e-004 4.152583e-003
1850 8.880601e-005 2.594856e-003
1851 1.200679e-004 1.577045e-003
1852 9.040505e-005 2.927531e-003
1853 7.105849e-005 1.441284e-003
1854 3.900999e-004 4.706933e-003
1855 1.410096e-004 1.861049e-003
1856 8.849226e-004 9.353296e-003
1857 3.960997e-004 5.755892e-003
1858 2.848601e-004 2.985343e-003
1859 6.484822e-005 1.521826e-003
1860 3.321651e-004 3.921242e-003
1861 1.794012e-004 3.768478e-003
1862 1.474854e-004 2.669571e-003
1863 3.734996e-004 4.996070e-003
1864 4.080153e-004 6.943690e-003
1865 3.465036e-004 4.152583e-003
1866 6.415588e-004 4.447638e-003
1867 3.734996e-004 4.996070e-003
1868 3.465036e-004 4.152583e-003
1869 8.880601e-005 2.594856e-003
1870 3.465036e-004 4.152583e-003
1871 6.415588e-004 4.447638e-003
1872 1.717451e-003 1.069776e-002
1873 1.015171e-004 3.617841e-003
1874 1.960747e-004 3.835193e-003
1875 1.015171e-004 3.617841e-003
1876 8.643550e-005 2.274391e-003
1877 1.960747e-004 3.835193e-003
1878 1.015171e-004 3.617841e-003
1879 1.960747e-004 3.835193e-003
1880 1.960747e-004 3.835193e-003
1881 4.194078e-004 5.940633e-003
1882 8.246493e-004 7.634247e-003
1883 3.465036e-004 4.152583e-003
1884 3.734996e-004 4.996070e-003
1885 1.543333e-004 2.588753e-003
1886 1.794012e-004 3.768478e-003
1887 3.175803e-004 2.931050e-003
1888 3.465036e-004 4.152583e-003
1889 1.715240e-004 2.784993e-003
1890 1.746124e-004 3.121092e-003
1891 8.285876e-005 2.216683e-003
1892 1.799521e-004 2.684279e-003
1893 7.880593e-004 7.817267e-003
1894 7.880593e-004 7.817267e-003
1895 2.848601e-004 2.985343e-003
1896 9.040505e-005 2.927531e-003
1897 1.350090e-004 1.965564e-003
1898 6.311722e-005 1.287815e-003
1899 1.882164e-004 3.546147e-003
1900 1.794012e-004 3.768478e-003
1901 6.683129e-005 1.317252e-003
1902 3.637183e-004 3.543047e-003
1903 7.155766e-004 5.328312e-003
1904 1.761233e-004 2.945439e-003
1905 1.761233e-004 2.945439e-003
1906 9.736729e-004 8.276169e-003
1907 8.880601e-005 2.594856e-003
1908 8.880601e-005 2.594856e-003
1909 8.880601e-005 2.594856e-003
1910 1.794012e-004 3.768478e-003
1911 1.644262e-004 2.670476e-003
1912 3.175803e-004 2.931050e-003
1913 1.794012e-004 3.768478e-003
1914 1.794012e-004 3.768478e-003
1915 1.794012e-004 3.768478e-003
1916 3.321651e-004 3.921242e-003
1917 1.794012e-004 3.768478e-003
1918 3.321651e-004 3.921242e-003
1919 7.880593e-004 7.817267e-003
1920 4.280639e-004 6.438040e-003
1921 3.321651e-004 3.921242e-003
1922 6.915424e-004 5.314113e-003
1923 3.734996e-004 4.996070e-003
1924 6.415588e-004 4.447638e-003
1925 3.321651e-004 3.921242e-003
1926 3.321651e-004 3.921242e-003
1927 6.415588e-004 4.447638e-003
1928 7.535003e-004 7.570994e-003
1929 3.729928e-004 4.733693e-003
1930 6.484822e-005 1.521826e-003
1931 7.880593e-004 7.817267e-003
1932 7.880593e-004 7.817267e-003
1933 1.474854e-004 2.669571e-003
1934 2.848601e-004 2.985343e-003
1935 3.465036e-004 4.152583e-003
1936 3.465036e-004 4.152583e-003
1937 1.715240e-004 2.784993e-003
1938 3.175803e-004 2.931050e-003
1939 3.175803e-004 2.931050e-003
1940 6.415588e-004 4.447638e-003
1941 1.688352e-004 2.827852e-003
1942 3.890937e-004 4.993469e-003
1943 3.890937e-004 4.993469e-003
1944 3.465036e-004 4.152583e-003
1945 3.465036e-004 4.152583e-003
1946 1.787674e-003 1.640893e-002
1947 4.080153e-004 6.943690e-003
1948 2.848601e-004 2.985343e-003
1949 7.860265e-004 8.095779e-003
1950 1.252508e-004 1.660668e-003
1951 3.734996e-004 4.996070e-003
1952 1.794012e-004 3.768478e-003
1953 3.734996e-004 4.996070e-003
1954 1.794012e-004 3.768478e-003
1955 8.404330e-004 8.963464e-003
1956 1.623251e-003 1.076286e-002
1957 1.527648e-003 7.415648e-003
1958 7.698226e-004 5.205288e-003
1959 1.794012e-004 3.768478e-003
1960 1.794012e-004 3.768478e-003
1961 6.484822e-005 1.521826e-003
1962 1.794012e-004 3.768478e-003
1963 3.267875e-005 1.217848e-003
1964 6.484822e-005 1.521826e-003
1965 1.794012e-004 3.768478e-003
1966 1.794012e-004 3.768478e-003
1967 1.794012e-004 3.768478e-003
1968 1.794012e-004 3.768478e-003
1969 3.465036e-004 4.152583e-003
1970 4.080153e-004 6.943690e-003
1971 6.415588e-004 4.447638e-003
1972 3.321651e-004 3.921242e-003
1973 6.415588e-004 4.447638e-003
1974 6.415588e-004 4.447638e-003
1975 6.415588e-004 4.447638e-003
1976 3.175803e-004 2.931050e-003
1977 3.175803e-004 2.931050e-003
1978 3.175803e-004 2.931050e-003
1979 3.630365e-004 4.002155e-003
1980 1.960747e-004 3.835193e-003
1981 3.175803e-004 2.931050e-003
1982 5.389661e-004 9.949430e-003
1983 5.389661e-004 9.949430e-003
1984 1.069533e-003 1.313327e-002
1985 8.250772e-004 6.713078e-003
1986 3.995270e-004 5.357433e-003
1987 8.250772e-004 6.713078e-003
1988 3.995270e-004 5.357433e-003
1989 1.794012e-004 3.768478e-003
1990 7.155766e-004 5.328312e-003
1991 1.794012e-004 3.768478e-003
1992 3.465036e-004 4.152583e-003
1993 1.761233e-004 2.945439e-003
1994 1.761233e-004 2.945439e-003
1995 1.761233e-004 2.945439e-003
1996 3.465036e-004 4.152583e-003
1997 1.015171e-004 3.617841e-003
1998 2.113508e-004 4.312494e-003
1999 1.848873e-004 3.202531e-003
2000 1.516035e-004 2.306995e-003
