2 5.093724e-004 5.127613e-002
3 2.269038e-003 2.041988e-001
4 7.582046e-004 1.151793e-001
5 9.695729e-004 4.856795e-002
6 6.971760e-003 2.379273e-001
7 1.171415e-003 1.923158e-002
8 5.707873e-004 3.036976e-002
9 3.157074e-005 6.889270e-003
10 3.194473e-004 1.094866e-002
11 1.406957e-003 7.688433e-002
12 8.781064e-005 7.380445e-003
13 1.167310e-003 7.709638e-002
14 4.655400e-004 2.896611e-002
15 3.133572e-004 2.676468e-002
16 2.690652e-004 3.944637e-002
17 7.003590e-005 7.108469e-003
18 2.595695e-004 6.881976e-002
19 9.388990e-004 4.051971e-002
20 6.725291e-004 9.272683e-002
21 4.421177e-004 4.088026e-002
22 2.721445e-004 1.488091e-002
23 2.541109e-003 8.873073e-002
24 9.147320e-004 6.301767e-002
25 6.511261e-005 1.388630e-002
26 2.461598e-003 1.568848e-001
27 2.027873e-004 2.199116e-002
28 1.599201e-004 1.367554e-002
29 2.590338e-003 2.335690e-001
30 2.166985e-005 6.259262e-003
31 1.670655e-004 1.980951e-002
32 1.108720e-003 4.949314e-002
33 8.385664e-005 4.706992e-003
34 3.821281e-005 3.550157e-003
35 6.485484e-004 8.155130e-002
36 2.087366e-004 1.378025e-002
37 1.585706e-003 1.705099e-001
38 3.999318e-003 1.611392e-001
39 1.886305e-003 2.453940e-001
40 3.492821e-004 6.588240e-002
41 4.491064e-005 5.515204e-003
42 2.093215e-003 1.759703e-001
43 8.921629e-005 6.382177e-003
44 8.925661e-006 2.414156e-003
45 1.347148e-005 2.387098e-003
46 3.471231e-006 1.368447e-003
47 4.350259e-005 4.975792e-003
48 4.678650e-005 5.598171e-003
49 5.230596e-005 6.817009e-003
50 3.446888e-004 1.476830e-002
51 8.800911e-006 2.882409e-003
52 1.831065e-005 4.882660e-003
53 2.777657e-005 4.105773e-003
54 1.700499e-005 3.899975e-003
55 8.336878e-006 2.973938e-003
56 8.352329e-005 9.963134e-003
57 1.054161e-004 7.494100e-003
58 1.624667e-006 1.647144e-003
59 6.078745e-005 7.175908e-003
60 3.138012e-006 2.221412e-003
61 7.182099e-006 3.865280e-003
62 8.812654e-007 1.217905e-003
63 1.955178e-005 4.719002e-003
64 5.467531e-005 7.093745e-003
65 7.232067e-006 2.143294e-003
66 3.242793e-005 2.927187e-003
67 2.662128e-005 4.083819e-003
68 5.790549e-005 6.447496e-003
69 3.939091e-005 4.791487e-003
70 1.371856e-003 5.690374e-002
71 6.566404e-006 4.333715e-003
72 6.594684e-005 5.980677e-003
73 1.361701e-005 2.916640e-003
74 5.244468e-006 5.390640e-003
75 2.704861e-005 4.015267e-003
76 3.330849e-005 4.824923e-003
77 2.795215e-006 3.743878e-003
78 1.088404e-004 1.324700e-002
79 7.162453e-005 6.536467e-003
80 4.559302e-004 4.037851e-002
81 4.678566e-006 2.805818e-003
82 2.616356e-004 2.297500e-002
83 9.327527e-006 2.367027e-003
84 1.504063e-004 9.845870e-003
85 3.401906e-005 7.136398e-003
86 1.064528e-004 7.290518e-003
87 1.395936e-003 2.764747e-002
88 1.932776e-006 2.693705e-003
89 8.758704e-005 7.814375e-003
90 6.174083e-004 4.582333e-002
91 1.082740e-004 5.669651e-003
92 4.315605e-004 3.343481e-002
93 1.637926e-004 9.497835e-003
94 7.721352e-005 6.699452e-003
95 1.185626e-005 5.025802e-003
96 3.897886e-005 3.769755e-003
97 1.776371e-005 9.701279e-003
98 2.645980e-005 4.155784e-003
99 1.450260e-003 1.589637e-001
100 1.360950e-003 9.999006e-002
101 2.084324e-004 6.538902e-002
102 3.561563e-005 3.194200e-003
103 7.089887e-004 4.949637e-002
104 3.388857e-005 2.337385e-002
105 1.883509e-004 1.517431e-002
106 3.770415e-004 2.349019e-002
107 6.728693e-005 1.042752e-002
108 4.276268e-004 5.733667e-002
109 9.832769e-005 9.455046e-003
110 3.596947e-005 3.078228e-003
111 7.166582e-005 7.602045e-003
112 1.332535e-004 1.541893e-002
113 1.668249e-004 2.388275e-002
114 1.286908e-005 7.924036e-003
115 9.371151e-005 8.993347e-003
116 7.058431e-004 3.049916e-002
117 4.059131e-005 3.844239e-003
118 6.559581e-006 3.484792e-003
119 9.738260e-004 5.176344e-002
120 1.145320e-004 1.025068e-002
121 5.151569e-005 6.162881e-003
122 3.350075e-005 3.914544e-003
123 6.796175e-005 1.504969e-002
124 8.550049e-005 5.335476e-003
125 9.409176e-004 5.858922e-002
126 1.357690e-005 4.105585e-003
127 1.600964e-005 1.049441e-002
128 1.781097e-003 1.764599e-001
129 2.679794e-003 1.361707e-001
130 4.084231e-004 4.428829e-002
131 6.347393e-004 7.269561e-002
132 2.451227e-004 1.764278e-002
133 3.462734e-003 2.426870e-001
134 1.543624e-004 8.624192e-003
135 2.665515e-004 2.367649e-002
136 1.931429e-006 2.213361e-003
137 7.939698e-005 1.131801e-002
138 9.417690e-006 3.070890e-003
139 2.958222e-005 5.374359e-003
140 1.327455e-004 1.625201e-002
141 2.667148e-005 6.207905e-003
142 4.008344e-004 2.737611e-002
143 3.201812e-004 6.440965e-002
144 6.574153e-004 2.396002e-002
145 3.661892e-004 2.744125e-002
146 2.740119e-005 9.051976e-003
147 1.861617e-004 1.794202e-002
148 1.842435e-005 3.932336e-003
149 8.892229e-004 4.654271e-002
150 2.184049e-004 3.736033e-002
151 9.886161e-005 1.398905e-002
152 1.888473e-004 2.948706e-002
153 2.400116e-005 7.342730e-003
154 6.143233e-005 8.859090e-003
155 9.652035e-006 2.455229e-003
156 1.953465e-004 9.188136e-003
157 8.710481e-005 8.308273e-003
158 8.540163e-007 3.766441e-003
159 8.313277e-005 1.357450e-002
160 2.010323e-005 8.235418e-003
161 2.609951e-005 3.822307e-003
162 1.388001e-004 1.012729e-002
163 1.090421e-004 9.235316e-003
164 1.149556e-005 3.537886e-003
165 2.720244e-006 1.483583e-003
166 7.069427e-006 1.765034e-003
167 2.523501e-005 6.071073e-003
168 1.772753e-005 3.316094e-003
169 7.355375e-005 7.090620e-003
170 5.693710e-005 3.802296e-003
171 1.777608e-004 2.070595e-002
172 1.271936e-003 6.180595e-002
173 4.586751e-004 2.273400e-002
174 1.126709e-003 5.494940e-002
175 1.335876e-006 1.227649e-003
176 3.503876e-005 8.197853e-003
177 2.819610e-006 3.130745e-003
178 4.717290e-006 7.015209e-003
179 3.999739e-006 7.754807e-003
180 8.659567e-007 1.257297e-003
181 4.349168e-004 6.885377e-002
182 9.787229e-005 1.161818e-002
183 7.734398e-005 9.196951e-003
184 4.668375e-005 6.624176e-003
185 6.040951e-007 1.487985e-003
186 1.740719e-004 2.227610e-002
187 1.027394e-003 2.410075e-001
188 1.310734e-004 1.564944e-002
189 2.099522e-005 4.602460e-003
190 1.364564e-005 4.243071e-003
191 4.373023e-006 6.297721e-003
192 1.485224e-005 4.771701e-003
193 2.552651e-005 5.393910e-003
194 1.485224e-005 4.771701e-003
195 2.138445e-004 8.726008e-003
196 5.401499e-005 5.996668e-003
197 1.353418e-004 1.794482e-002
198 9.909507e-005 9.863441e-003
199 4.605564e-005 1.326819e-002
200 2.729124e-004 3.749842e-002
201 1.052861e-003 5.420447e-002
202 7.347602e-005 8.553726e-003
203 8.710381e-004 7.168821e-002
204 4.759881e-006 3.787792e-003
205 4.694097e-005 1.127625e-002
206 1.790519e-004 1.259367e-002
207 7.518843e-005 2.795666e-002
208 4.022302e-004 6.047113e-002
209 2.218806e-004 2.071939e-002
210 2.508100e-004 4.512213e-002
211 1.200649e-004 2.108703e-002
212 1.179531e-005 4.026386e-003
213 8.328961e-005 8.251229e-003
214 8.333570e-005 1.068921e-002
215 2.993142e-005 1.093316e-002
216 1.339647e-004 2.880026e-002
217 1.887898e-005 2.196044e-003
218 7.289852e-006 3.740534e-003
219 7.717857e-006 1.929291e-003
220 1.075287e-004 1.034581e-001
221 1.286214e-005 4.950486e-003
222 2.348022e-004 1.208229e-002
223 5.440359e-004 2.128915e-002
224 3.401504e-006 2.202248e-003
225 1.042770e-006 3.155072e-003
226 2.858812e-005 9.284138e-003
227 2.891505e-006 3.964710e-003
228 2.873720e-005 4.595336e-003
229 1.128905e-004 1.372092e-002
230 1.843301e-003 1.266678e-001
231 9.030030e-007 2.018588e-003
232 1.052667e-003 1.566798e-001
233 1.652692e-005 8.259651e-003
234 1.306705e-005 2.632874e-003
235 3.577004e-006 7.241334e-003
236 3.543697e-005 6.150051e-003
237 4.328564e-004 4.847316e-002
238 7.969817e-006 4.828179e-003
239 3.616585e-005 3.804545e-003
240 7.103570e-005 4.223242e-002
241 2.428976e-003 1.905100e-001
242 1.450917e-004 1.595690e-002
243 1.590903e-005 3.953171e-003
244 6.713699e-006 1.678143e-003
245 1.279438e-006 1.229189e-003
246 7.337363e-004 6.368770e-002
247 1.283072e-004 9.228038e-003
248 3.635421e-004 1.358237e-001
249 4.386640e-004 5.119510e-002
250 1.140908e-003 5.168102e-002
251 1.357382e-006 1.261881e-003
252 1.330862e-005 8.173565e-003
253 6.820095e-006 3.772492e-003
254 6.968385e-005 1.189957e-002
255 2.241904e-005 6.980760e-003
256 6.293827e-007 2.358528e-003
257 1.310723e-005 3.816202e-003
258 1.232641e-004 3.677637e-002
259 1.468931e-006 1.342829e-003
260 1.037692e-005 8.256096e-003
261 4.040490e-005 4.193416e-003
262 4.204079e-006 1.485788e-003
263 1.126812e-005 1.878141e-003
264 6.834286e-005 2.520406e-002
265 1.581927e-004 6.002389e-002
266 5.523034e-005 9.113153e-003
267 5.674133e-005 1.744361e-002
268 2.787041e-005 4.899384e-003
269 3.834707e-004 3.540330e-002
270 1.670050e-006 3.430352e-003
271 3.026680e-005 1.272926e-002
272 5.533756e-005 5.300945e-003
273 2.972423e-004 8.023534e-002
274 1.145154e-006 1.856659e-003
275 2.417594e-004 2.541331e-002
276 3.502056e-005 1.427576e-002
277 1.576355e-006 3.941221e-003
278 2.234954e-004 2.184208e-002
279 8.076296e-006 3.649990e-003
280 3.833878e-005 2.115809e-002
281 2.118577e-004 2.559316e-002
282 3.071896e-006 1.795914e-003
283 3.024762e-006 6.022516e-003
284 2.869378e-006 4.602148e-003
285 5.324530e-005 6.674073e-003
286 1.393546e-005 5.398611e-003
287 1.467377e-005 4.718816e-003
288 3.038207e-006 2.000520e-003
289 1.750946e-003 6.911180e-002
290 4.246737e-007 1.412204e-003
291 1.279690e-004 1.379999e-002
292 1.184017e-003 9.390398e-002
293 6.119558e-006 4.833132e-003
294 1.788600e-005 3.667270e-003
295 2.932577e-005 1.695474e-002
296 2.497085e-004 8.139511e-002
297 8.463632e-005 1.447316e-002
298 5.065667e-006 4.920090e-003
299 3.217407e-006 3.396667e-003
300 4.634797e-005 1.330179e-002
301 9.761688e-004 7.044922e-002
302 1.440888e-005 2.852127e-003
303 2.404922e-005 1.876427e-002
304 1.667922e-004 1.352726e-002
305 1.527575e-004 4.495062e-003
306 2.892778e-005 3.068713e-003
307 3.088374e-004 3.241686e-002
308 1.033836e-005 1.044856e-002
309 3.080373e-004 5.012662e-002
310 4.517381e-005 8.805682e-003
311 3.655577e-005 5.883168e-003
312 1.350110e-005 3.005774e-003
313 2.184652e-003 1.403996e-001
314 1.182268e-005 2.091669e-003
315 3.570072e-006 4.644905e-003
316 9.381570e-004 3.534938e-002
317 1.285496e-003 7.320183e-002
318 9.687858e-004 5.121468e-002
319 1.624877e-004 3.606920e-002
320 8.349798e-005 2.218715e-002
321 8.146229e-004 1.306844e-001
322 1.608436e-006 6.803296e-003
323 1.199627e-004 1.498633e-002
324 4.806743e-006 5.140370e-003
325 1.773204e-005 4.230126e-003
326 1.543844e-004 3.029555e-002
327 2.402082e-003 2.231347e-001
328 1.559879e-003 5.842638e-002
329 1.137378e-003 4.156466e-002
330 1.966571e-005 6.288268e-003
331 4.796492e-005 2.059705e-002
332 8.768062e-004 1.006121e-001
333 7.716805e-005 1.268922e-002
334 8.220493e-005 3.753537e-002
335 2.996534e-006 2.110945e-003
336 9.090945e-005 4.376537e-003
337 1.246750e-004 6.038281e-003
338 1.326219e-004 1.160568e-002
339 1.879317e-003 4.639824e-002
340 4.950354e-005 1.104352e-002
341 7.383145e-005 7.528503e-003
342 1.898242e-005 3.423693e-003
343 1.252416e-004 2.781413e-002
344 4.140353e-005 4.527699e-003
345 1.486816e-003 5.599458e-002
346 1.063476e-003 5.160361e-002
347 6.531401e-006 3.798112e-003
348 3.065262e-004 1.552181e-002
349 4.935480e-005 4.942228e-003
350 5.766144e-006 2.554921e-003
351 4.511931e-003 2.531372e-001
352 2.041721e-003 8.240334e-002
353 8.479777e-007 1.223092e-003
354 3.443177e-004 4.773747e-002
355 1.436972e-004 1.809264e-002
356 8.731388e-005 1.924963e-002
357 1.902535e-004 4.136301e-002
358 1.011608e-005 2.796178e-003
359 1.664201e-004 8.229296e-003
360 1.489019e-004 8.966875e-003
361 4.568338e-004 5.262288e-002
362 5.042067e-004 2.151567e-002
363 5.852017e-005 1.792364e-002
364 2.297529e-004 4.022622e-002
365 2.807830e-004 2.530971e-002
366 1.547379e-004 1.067213e-002
367 1.115103e-004 1.423391e-002
368 4.065818e-005 9.491572e-003
369 5.778999e-005 7.557505e-003
370 9.085553e-005 1.225920e-002
371 1.152619e-003 4.830455e-002
372 2.443453e-005 3.490124e-002
373 7.868938e-005 2.527654e-002
374 8.566496e-006 6.108417e-003
375 2.439972e-006 1.284147e-003
376 7.541086e-006 3.006924e-003
377 1.134659e-003 5.303606e-002
378 4.503940e-005 6.961251e-003
379 1.090731e-005 1.942479e-003
380 6.740015e-005 1.338182e-002
381 9.839586e-004 6.733496e-002
382 5.127695e-005 6.172443e-003
383 4.120257e-004 7.057924e-002
384 4.292521e-005 7.930977e-003
385 1.444449e-003 1.330272e-001
386 4.634780e-005 4.993384e-003
387 1.748914e-004 1.511542e-002
388 1.122232e-005 3.430585e-003
389 4.258582e-005 8.083722e-003
390 3.359006e-006 4.384403e-003
391 4.897288e-005 6.942373e-003
392 2.988836e-004 1.958091e-002
393 6.935185e-006 2.503721e-003
394 2.195990e-003 1.881892e-001
395 3.855475e-006 1.477691e-003
396 2.185263e-004 2.119369e-002
397 9.537108e-005 1.718224e-002
398 4.117892e-006 2.386157e-003
399 2.714606e-005 6.766935e-003
400 7.769044e-003 4.000862e-001
401 7.905922e-005 1.040440e-002
402 2.641617e-003 1.302275e-001
403 1.632214e-004 1.844222e-002
404 1.565568e-004 1.782971e-002
405 1.745832e-005 3.380631e-003
406 1.219076e-003 9.459164e-002
407 3.664556e-004 5.751629e-002
408 1.841581e-003 1.330766e-001
409 4.036221e-004 3.776275e-002
410 2.260682e-005 1.282731e-002
411 4.228949e-005 8.344616e-003
412 2.675318e-005 1.019183e-002
413 1.407768e-003 9.865316e-002
414 4.744994e-005 5.912127e-003
415 4.686455e-006 1.791721e-003
416 6.425158e-004 6.740520e-002
417 1.098872e-005 1.950865e-003
418 3.480312e-004 1.255565e-002
419 4.937260e-003 2.110443e-001
420 9.737130e-006 6.426419e-003
421 1.755426e-004 6.073171e-003
422 1.054170e-004 1.891888e-002
423 4.053615e-005 4.017773e-003
424 1.915737e-004 1.554292e-002
425 1.602815e-005 7.608733e-003
426 3.228241e-005 2.465091e-003
427 6.367608e-004 8.621873e-002
428 1.025199e-004 1.002211e-002
429 3.663881e-004 5.191207e-002
430 4.006425e-006 1.430820e-003
431 3.629937e-006 4.016583e-003
432 2.627558e-004 5.854874e-002
433 1.309540e-006 1.207684e-003
434 1.215750e-005 4.174525e-003
435 5.775550e-006 4.895963e-003
436 2.417422e-006 2.229805e-003
437 2.381832e-004 5.718957e-002
438 1.391150e-005 5.402372e-003
439 6.764496e-006 4.033518e-003
440 4.568031e-006 4.022509e-003
441 3.134110e-004 2.809460e-002
442 9.051687e-006 5.413548e-003
443 1.553167e-005 4.003024e-003
444 3.457218e-004 2.491794e-002
445 5.017234e-004 5.630453e-002
446 2.169891e-005 1.312198e-002
447 8.456518e-006 2.300583e-003
448 4.788976e-006 2.168983e-003
449 2.811717e-006 2.184990e-003
450 4.123677e-006 3.091215e-003
451 3.369774e-006 1.200434e-003
452 3.166860e-005 4.663313e-003
453 1.619080e-005 2.834929e-003
454 6.054341e-005 2.499392e-002
455 3.067711e-004 3.600961e-002
456 9.344659e-006 4.963045e-003
457 2.158410e-004 1.236162e-002
458 6.515832e-005 1.133524e-002
459 1.248364e-004 1.139311e-002
460 2.750563e-006 3.226081e-003
461 1.308189e-004 2.543059e-002
462 8.298939e-004 3.587513e-002
463 3.937726e-005 5.322081e-002
464 2.555392e-005 3.447544e-003
465 3.339934e-006 1.703214e-003
466 3.215954e-006 2.648802e-003
467 2.983338e-004 3.589459e-002
468 9.822578e-006 5.767070e-003
469 2.976509e-004 2.659355e-002
470 3.212671e-005 1.137284e-002
471 9.517160e-005 1.125548e-002
472 1.523031e-005 3.129703e-003
473 3.391615e-005 7.599500e-003
474 1.538058e-005 3.729739e-003
475 8.750496e-005 1.330155e-002
476 1.438965e-006 2.185743e-003
477 1.539831e-004 1.934741e-002
478 7.275199e-007 3.559633e-003
479 2.090264e-006 1.765817e-003
480 1.185832e-005 8.607142e-003
481 2.156495e-005 7.457116e-003
482 5.461754e-004 4.948005e-002
483 1.341311e-006 1.169567e-003
484 3.067645e-006 1.777612e-003
485 5.014900e-004 4.847905e-002
486 1.576656e-005 4.105391e-003
487 7.753615e-004 3.350976e-002
488 2.538807e-005 3.459738e-003
489 5.343526e-005 6.722980e-003
490 2.719387e-004 2.645156e-002
491 2.110771e-005 8.162443e-003
492 2.217665e-005 3.103379e-003
493 7.494630e-006 1.929721e-003
494 1.558834e-004 2.064973e-002
495 5.025358e-004 3.340654e-002
496 3.508894e-004 8.122466e-002
497 2.620173e-004 9.121697e-002
498 3.839593e-004 2.545468e-002
499 3.161544e-005 5.050548e-003
500 1.487354e-005 9.108469e-003
501 1.414439e-003 8.574735e-002
502 9.428662e-005 1.087017e-002
503 2.546723e-004 1.840905e-002
504 6.427067e-004 8.247526e-002
505 2.811256e-005 4.508433e-003
506 3.527008e-005 9.317672e-003
507 2.752813e-005 7.928520e-003
508 1.718006e-004 5.643642e-003
509 1.694293e-003 1.578310e-001
510 1.152627e-005 8.928781e-003
511 1.214983e-005 4.203482e-003
512 4.158335e-006 1.816491e-003
513 1.474753e-004 2.042988e-002
514 5.610408e-005 1.645664e-002
515 4.111517e-004 3.362617e-002
516 8.296005e-004 3.347456e-002
517 6.079931e-005 4.567963e-003
518 6.862499e-006 3.781372e-003
519 5.601702e-005 7.703628e-003
520 2.344184e-007 1.484543e-003
521 1.680084e-004 1.783593e-002
522 1.579002e-006 2.847506e-003
523 8.023282e-006 7.090492e-003
524 3.952481e-004 1.516491e-002
525 2.703350e-004 2.368065e-002
526 3.391644e-005 1.321212e-002
527 6.289278e-004 4.377266e-002
528 3.757385e-005 7.419328e-003
529 1.878991e-004 2.541977e-002
530 5.029604e-005 7.333532e-003
531 1.145013e-007 1.570691e-003
532 2.632711e-005 8.317101e-003
533 5.129936e-006 2.419400e-003
534 4.837139e-004 4.561706e-002
535 6.385025e-004 8.597692e-002
536 4.503109e-005 2.803809e-002
537 1.156291e-003 1.057144e-001
538 6.542103e-004 6.546683e-002
539 2.138746e-004 3.874337e-002
540 5.834008e-005 2.468052e-002
541 8.348590e-004 7.222238e-002
542 1.532187e-005 8.539527e-003
543 7.044205e-006 1.912827e-003
544 1.221955e-004 1.622751e-002
545 1.770086e-005 8.580179e-003
546 3.092113e-005 1.085519e-002
547 3.480891e-004 3.045472e-002
548 8.405819e-006 1.028004e-002
549 8.622889e-005 2.501861e-002
550 1.306856e-005 5.670109e-003
551 1.266579e-005 5.119824e-003
552 1.273633e-005 2.419049e-003
553 2.209495e-005 5.111279e-003
554 1.602139e-006 2.970573e-003
555 1.306227e-004 4.695919e-002
556 2.059002e-005 5.186722e-003
557 5.808409e-004 2.814676e-002
558 5.059612e-005 6.911610e-003
559 2.123457e-004 1.530463e-002
560 3.900029e-006 3.029054e-003
561 1.469836e-004 2.956318e-002
562 2.242578e-006 1.417865e-003
563 6.697201e-003 3.323275e-001
564 4.356325e-003 2.738929e-001
565 7.723153e-006 2.415622e-003
566 9.865473e-005 9.748576e-003
567 3.603740e-004 2.235049e-002
568 9.593645e-004 3.707358e-002
569 5.769664e-005 4.874298e-003
570 2.624148e-004 2.942015e-002
571 9.604190e-005 1.337208e-002
572 8.829732e-005 2.605688e-002
573 5.364584e-004 2.979301e-002
574 1.920994e-005 3.205710e-003
575 6.833796e-006 3.663761e-003
576 5.352909e-005 6.568665e-003
577 1.722696e-006 2.644386e-003
578 1.386871e-005 3.302129e-003
579 4.979578e-005 7.435205e-003
580 1.045173e-005 5.594436e-003
581 3.074960e-004 2.290013e-002
582 1.693202e-004 1.169060e-002
583 6.160743e-004 1.058172e-001
584 1.341967e-004 2.019202e-002
585 1.134677e-004 2.693344e-002
586 2.045512e-004 2.060090e-002
587 5.173771e-005 6.790070e-003
588 1.709748e-004 4.810421e-002
589 7.089045e-005 5.944896e-003
590 1.508895e-005 1.029879e-002
591 7.275899e-005 2.000214e-002
592 2.395593e-003 1.216668e-001
593 4.123039e-005 7.334724e-003
594 4.794099e-004 5.381359e-002
595 2.091785e-005 4.045458e-003
596 1.518217e-006 1.290672e-003
597 6.956904e-006 1.769263e-003
598 1.271245e-004 1.332476e-002
599 1.128331e-004 8.619185e-003
600 1.175286e-005 2.810697e-003
601 1.077735e-005 3.457196e-003
602 1.691209e-004 8.204863e-003
603 1.278096e-004 1.513591e-002
604 1.976590e-006 1.949832e-003
605 1.702625e-004 1.733504e-002
606 2.726307e-005 1.017839e-002
607 7.929904e-006 4.633373e-003
608 1.079713e-004 5.581815e-003
609 3.900961e-005 9.697990e-003
610 2.575169e-005 7.584595e-003
611 9.254587e-007 2.331259e-003
612 1.191224e-004 2.620718e-002
613 5.427797e-006 5.039192e-003
614 2.292901e-005 4.684198e-003
615 6.992007e-006 5.743957e-003
616 7.325489e-005 5.841609e-003
617 9.184518e-006 1.137497e-002
618 5.025717e-006 7.704843e-003
619 6.107393e-005 3.914249e-003
620 1.158947e-005 3.605331e-003
621 2.155504e-005 2.612710e-003
622 1.191503e-003 2.546641e-002
623 8.181903e-005 6.320987e-003
624 2.444346e-005 2.851586e-003
625 2.412656e-005 8.719258e-003
626 4.503750e-005 4.892251e-003
627 6.654855e-006 3.171660e-003
628 7.626644e-005 6.431095e-003
629 3.717125e-006 1.485452e-003
630 3.247221e-005 4.301942e-003
631 4.124681e-005 6.234289e-003
632 2.221444e-006 1.172318e-003
633 2.705437e-003 7.111406e-002
634 1.851281e-004 1.000692e-002
635 7.115070e-006 8.062806e-003
636 9.602281e-005 1.876100e-002
637 2.379635e-005 9.862678e-003
638 1.238199e-006 2.013481e-003
639 9.445479e-007 1.515116e-003
640 1.362905e-006 2.309244e-003
641 8.486257e-007 1.434449e-003
642 4.754694e-006 4.680847e-003
643 1.808744e-004 5.759074e-002
644 2.199526e-004 2.384524e-002
645 1.414963e-004 1.714348e-002
646 6.660912e-005 1.243601e-002
647 5.202993e-005 3.855946e-003
648 2.570830e-004 1.602358e-002
649 6.673357e-004 9.038244e-002
650 2.517426e-005 3.162223e-003
651 7.249782e-006 7.982157e-003
652 6.366775e-005 2.358740e-002
653 4.860436e-006 4.632922e-003
654 2.260775e-005 2.970743e-003
655 3.897138e-005 6.301670e-003
656 5.110564e-006 2.529118e-003
657 1.260703e-004 9.128558e-003
658 3.528275e-004 1.200117e-002
659 8.733161e-005 6.079554e-003
660 5.543592e-004 3.007008e-002
661 1.586667e-005 4.873311e-003
662 2.552170e-005 2.118051e-002
663 1.632333e-003 1.309415e-001
664 7.709761e-005 1.861487e-002
665 1.219474e-005 8.202621e-003
666 3.307936e-005 7.439067e-003
667 1.917060e-005 2.223326e-003
668 5.244432e-004 1.612439e-002
669 2.944077e-004 3.185239e-002
670 7.340880e-005 8.109826e-003
671 1.102807e-004 1.415290e-002
672 8.391830e-005 2.013586e-002
673 2.958336e-005 7.288171e-003
674 2.751199e-006 1.712571e-003
675 1.584912e-003 6.499535e-002
676 3.307313e-005 2.460536e-003
677 2.168140e-007 1.332276e-003
678 2.771427e-005 4.077235e-003
679 2.647217e-004 5.858814e-002
680 9.403103e-005 1.563120e-002
681 1.628865e-004 9.944627e-003
682 7.912737e-006 5.026260e-003
683 1.262703e-004 2.419838e-002
684 6.597538e-005 1.304456e-002
685 4.541179e-007 2.137495e-003
686 8.867925e-005 1.375093e-002
687 2.246383e-003 1.759125e-001
688 7.937705e-005 1.589272e-002
689 1.957090e-005 9.270841e-003
690 1.348456e-006 1.886481e-003
691 1.619811e-004 1.673082e-002
692 9.200434e-006 2.507408e-003
693 1.070650e-004 1.398304e-002
694 3.902031e-004 2.312359e-002
695 4.192910e-004 2.806613e-002
696 1.088568e-003 1.489504e-001
697 2.702289e-006 6.766376e-003
698 1.643965e-004 1.008733e-001
699 9.920482e-007 1.478600e-003
700 9.192125e-005 3.370339e-002
701 1.328691e-004 8.779443e-003
702 5.136299e-007 1.204362e-003
703 2.474912e-005 3.243321e-003
704 1.413465e-006 1.279330e-003
705 8.846361e-005 1.344908e-002
706 4.255455e-006 1.527693e-003
707 2.192342e-004 1.265137e-002
708 3.590757e-006 4.920938e-003
709 6.649539e-006 2.804574e-003
710 4.316960e-005 4.785478e-003
711 8.851134e-007 1.182265e-003
712 1.422939e-005 4.034570e-003
713 4.747702e-005 4.477253e-003
714 2.360083e-006 2.413345e-003
715 3.909506e-005 7.462419e-003
716 2.908807e-005 6.942872e-003
717 5.483288e-005 3.534171e-003
718 7.226802e-007 2.631624e-003
719 1.150374e-003 6.600946e-002
720 2.562441e-007 1.183682e-003
721 1.105480e-005 1.727757e-003
722 1.180862e-006 2.707914e-003
723 5.396603e-005 1.345043e-002
724 1.258262e-005 2.515413e-003
725 1.924620e-006 1.402661e-003
726 9.082285e-005 1.541582e-002
727 4.110181e-006 4.254273e-003
728 3.127985e-005 4.317234e-003
729 9.907059e-006 6.712874e-003
730 3.777814e-005 1.984130e-003
731 2.318951e-004 4.008418e-002
732 5.526018e-007 1.349381e-003
733 1.409186e-007 9.134849e-004
734 4.002259e-006 2.683250e-003
735 5.873080e-006 3.120142e-003
736 1.110645e-005 5.396155e-003
737 3.932684e-007 1.345700e-003
738 3.945679e-004 3.055617e-002
739 9.169869e-006 2.993983e-003
740 9.031579e-005 9.322371e-003
741 2.324407e-005 7.200396e-003
742 6.728241e-005 7.632944e-003
743 1.875125e-003 9.060313e-002
744 1.448366e-006 2.502732e-003
745 5.844351e-006 2.345075e-003
746 6.329169e-005 7.354503e-003
747 2.283791e-005 5.028234e-003
748 1.681602e-004 2.174335e-002
749 1.221423e-003 9.391962e-002
750 4.541619e-005 3.180189e-003
751 2.803161e-005 7.658756e-003
752 1.980758e-006 1.827945e-003
753 2.502933e-006 2.804555e-003
754 5.719095e-004 4.420124e-002
755 1.192611e-004 6.117020e-003
756 9.371926e-005 6.608269e-003
757 6.319594e-006 1.422893e-003
758 2.649659e-005 8.075025e-003
759 1.036591e-004 3.634780e-003
760 6.981273e-006 1.973918e-003
761 1.157473e-004 5.821367e-003
762 8.990778e-005 8.426165e-003
763 1.432943e-006 1.933162e-003
764 1.690645e-005 8.887720e-003
765 3.842435e-006 1.037561e-002
766 3.419340e-005 4.502382e-003
767 5.152142e-006 5.096677e-003
768 5.289634e-005 6.285562e-003
769 1.561195e-005 6.299092e-003
770 2.316437e-004 2.023020e-002
771 1.504678e-005 2.997288e-003
772 1.286516e-006 1.524404e-003
773 6.402819e-005 1.404997e-002
774 6.760057e-006 1.699009e-003
775 4.172913e-004 1.035092e-002
776 1.608702e-004 1.366305e-002
777 1.128051e-004 6.582666e-003
778 1.152943e-004 1.839426e-002
779 7.854071e-005 2.582059e-002
780 1.288561e-005 8.252128e-003
781 2.369367e-004 1.112084e-002
782 1.226760e-005 2.400331e-003
783 4.011986e-005 4.832875e-003
784 8.664247e-006 5.719932e-003
785 4.175072e-005 4.568085e-003
786 5.310869e-005 1.386230e-002
787 5.452655e-005 8.642775e-003
788 5.759534e-005 8.110119e-003
789 2.216685e-006 1.255395e-003
790 1.968616e-004 1.637063e-002
791 1.906645e-005 4.843783e-003
792 2.741031e-005 3.815877e-003
793 3.694920e-005 6.079052e-003
794 2.945463e-005 3.569957e-003
795 1.697993e-003 2.324929e-001
796 2.797919e-006 3.070179e-003
797 6.787734e-004 5.667098e-002
798 1.467155e-003 5.683447e-002
799 4.495039e-006 3.112060e-003
800 7.787711e-005 5.864122e-003
801 9.206343e-006 3.698978e-003
802 1.846395e-004 2.739069e-002
803 1.138696e-004 1.482330e-002
804 8.617692e-005 6.657705e-003
805 1.258624e-005 3.559020e-003
806 1.920789e-004 1.908322e-002
807 1.764947e-004 3.637349e-002
808 1.534002e-005 2.650554e-003
809 2.755985e-003 5.136785e-002
810 2.312373e-005 5.048861e-003
811 2.282551e-004 1.528194e-002
812 2.544003e-005 5.948465e-003
813 4.425823e-006 5.268525e-003
814 2.862678e-006 7.075225e-003
815 1.180258e-004 1.311480e-002
816 3.970812e-004 1.303464e-002
817 2.171019e-003 1.051053e-001
818 1.497377e-005 2.867176e-003
819 9.976024e-004 5.488253e-002
820 6.560738e-005 1.419842e-002
821 1.265413e-004 1.917562e-002
822 2.649626e-006 3.466388e-003
823 1.898052e-005 8.369713e-003
824 5.039504e-005 1.234963e-002
825 8.827932e-005 1.592215e-002
826 4.190564e-005 4.503428e-003
827 3.069126e-006 3.121007e-003
828 1.624964e-004 1.546819e-002
829 3.084474e-005 5.584000e-003
830 4.165295e-004 4.474182e-002
831 4.882449e-005 4.967449e-003
832 3.896129e-005 4.038464e-003
833 1.367782e-004 1.788002e-002
834 9.483190e-005 1.629374e-002
835 3.624150e-006 2.129432e-003
836 1.625232e-006 9.933695e-004
837 3.062900e-005 1.297818e-002
838 1.012557e-005 2.408814e-003
839 2.951788e-005 1.282654e-002
840 1.549698e-004 2.170361e-002
841 9.735938e-005 1.069515e-002
842 1.495322e-003 1.289172e-001
843 1.430634e-004 1.047666e-002
844 1.581905e-004 2.226186e-002
845 3.456597e-004 2.597124e-002
846 1.907648e-005 5.560473e-003
847 1.197112e-005 5.518894e-003
848 1.589343e-004 4.613782e-002
849 1.765408e-005 5.080045e-003
850 2.264466e-003 1.264552e-001
851 3.829842e-005 6.928586e-003
852 7.035901e-004 5.919427e-002
853 2.527308e-004 3.956682e-002
854 5.126189e-004 4.180222e-002
855 1.082488e-003 7.662993e-002
856 2.725051e-004 1.373836e-002
857 2.910119e-004 3.781988e-002
858 7.121524e-005 1.385847e-002
859 3.044324e-006 3.789573e-003
860 1.406057e-004 2.348214e-002
861 1.182025e-006 1.601323e-003
862 1.525614e-005 1.511363e-002
863 1.283512e-004 9.152830e-003
864 1.061874e-005 6.372411e-003
865 1.958061e-004 2.757795e-002
866 4.204914e-004 5.601043e-002
867 2.083528e-003 1.074649e-001
868 3.409435e-005 5.126000e-003
869 4.708761e-005 3.004308e-002
870 1.974989e-005 3.428586e-002
871 7.639244e-005 1.810807e-002
872 2.967484e-004 1.071608e-001
873 2.355291e-004 5.135966e-002
874 8.383333e-004 4.088932e-002
875 5.179578e-005 3.688146e-003
876 9.891950e-008 1.061046e-003
877 1.271539e-005 8.869631e-003
878 5.167692e-004 9.259385e-002
879 7.305399e-004 2.302321e-002
880 4.255460e-005 7.630162e-003
881 8.909476e-006 2.221377e-003
882 2.737724e-004 3.588524e-002
883 2.762901e-003 7.361237e-002
884 5.463792e-004 3.754105e-002
885 9.247077e-005 2.704837e-002
886 2.341164e-005 7.483122e-003
887 5.500780e-005 1.027994e-002
888 3.045618e-005 1.059364e-002
889 2.308812e-004 1.916409e-002
890 1.047193e-004 1.968200e-002
891 6.116368e-004 1.055341e-001
892 3.603128e-006 2.778818e-003
893 6.963829e-005 2.587495e-002
894 4.126072e-005 5.321450e-003
895 4.082102e-004 1.845563e-002
896 9.952955e-005 5.123884e-002
897 4.786049e-004 3.151947e-002
898 3.724283e-005 5.040169e-003
899 9.190452e-006 1.247152e-002
900 6.712721e-005 1.116700e-002
901 5.851544e-004 2.341079e-002
902 1.879981e-006 1.934797e-003
903 4.285864e-004 1.763513e-002
904 1.110411e-005 2.077520e-002
905 3.807201e-005 6.007241e-003
906 1.113563e-005 7.272034e-003
907 6.814295e-006 1.824066e-003
908 4.969086e-006 8.658029e-003
909 1.459315e-004 1.405427e-002
910 1.758341e-004 7.881998e-003
911 1.148762e-004 1.741693e-002
912 7.239483e-006 9.214148e-003
913 2.752087e-006 3.183000e-003
914 7.213342e-006 7.289487e-003
915 2.621987e-004 1.389493e-002
916 1.225879e-006 2.772782e-003
917 1.527216e-006 2.354832e-003
918 2.559420e-006 2.569292e-003
919 1.649032e-003 8.541994e-002
920 3.828500e-006 6.388077e-003
921 1.982465e-005 2.639550e-003
922 1.405700e-004 1.278359e-002
923 2.022882e-006 5.072085e-003
924 5.327532e-004 5.473788e-002
925 2.902286e-004 2.843066e-002
926 1.892210e-004 2.263704e-002
927 4.163480e-004 4.860939e-002
928 8.755889e-005 3.677823e-002
929 2.985769e-004 2.341349e-002
930 7.086197e-005 2.518745e-002
931 8.653236e-005 1.030016e-002
932 1.976679e-004 1.561162e-002
933 6.055898e-006 2.860822e-003
934 2.481492e-005 4.659878e-003
935 9.644000e-006 3.338594e-003
936 5.655764e-005 1.491970e-002
937 6.646050e-006 5.606702e-003
938 8.692102e-006 2.093597e-003
939 6.851512e-005 6.607267e-003
940 1.326662e-003 5.899870e-002
941 2.066066e-005 2.647767e-003
942 2.046175e-003 5.494151e-002
943 3.315217e-005 1.615667e-002
944 7.647622e-007 1.955330e-003
945 1.128004e-004 7.803288e-003
946 2.444305e-006 2.086957e-003
947 3.964130e-005 1.464685e-002
948 1.579365e-007 1.476565e-003
949 5.192453e-005 1.365174e-002
950 3.513270e-004 4.676184e-002
951 1.693428e-004 2.694451e-002
952 2.598456e-004 2.596806e-002
953 3.401257e-007 2.407245e-003
954 1.978714e-004 2.430074e-002
955 7.386096e-006 3.331926e-003
956 1.747867e-004 6.434388e-003
957 1.929493e-004 1.290526e-002
958 1.054675e-004 8.873305e-003
959 8.389801e-005 1.424754e-002
960 1.456732e-006 2.382507e-003
961 1.184015e-005 8.853948e-003
962 7.691326e-006 1.035453e-002
963 9.757406e-006 3.333731e-003
964 3.117234e-006 1.654323e-003
965 9.823587e-005 6.847065e-003
966 2.192930e-005 4.145248e-003
967 6.071354e-005 5.557473e-003
968 1.775808e-004 6.759658e-003
969 9.277806e-004 1.737165e-002
970 9.915265e-005 7.972136e-003
971 1.912148e-005 5.713491e-003
972 2.790641e-004 2.241392e-002
973 4.065812e-005 5.418120e-003
974 2.675546e-005 3.461821e-003
975 4.684190e-004 2.159519e-002
976 9.228187e-004 4.058572e-002
977 5.191529e-005 4.272398e-003
978 1.100682e-004 1.422266e-002
979 9.390076e-006 2.259262e-003
980 1.835983e-004 1.150037e-002
981 2.153283e-005 8.982092e-003
982 1.968467e-006 1.254919e-003
983 1.420368e-005 3.351933e-003
984 1.002858e-004 1.396576e-002
985 5.416349e-005 4.716803e-002
986 2.148860e-003 1.007284e-001
987 6.404907e-006 5.792158e-003
988 1.289482e-006 1.937674e-003
989 1.015555e-004 8.678392e-003
990 5.220263e-006 1.914517e-003
991 4.338560e-003 1.233224e-001
992 3.234787e-005 4.208759e-003
993 9.776827e-006 8.053154e-003
994 1.481334e-007 1.339642e-003
995 3.648718e-005 1.369237e-002
996 2.685004e-003 9.701359e-002
997 4.043461e-005 5.693766e-003
998 1.399176e-005 2.740885e-003
999 1.199306e-004 1.132349e-002
1000 1.481334e-007 1.339642e-003
1001 1.571530e-005 8.190097e-003
1002 4.546190e-004 4.229977e-002
1003 3.805877e-005 7.642511e-003
1004 1.700335e-004 2.772637e-002
1005 6.731732e-006 1.679945e-003
1006 1.827918e-003 6.492584e-002
1007 5.993122e-006 2.711360e-003
1008 2.150076e-005 4.647367e-003
1009 2.936835e-006 1.806424e-003
1010 8.719393e-005 7.772489e-003
1011 4.587325e-005 1.613381e-002
1012 8.126385e-004 9.228861e-002
1013 4.345074e-005 8.699057e-003
1014 7.517222e-005 5.118152e-003
1015 1.131099e-004 2.366211e-002
1016 3.017058e-005 5.408953e-003
1017 3.992053e-004 1.454072e-002
1018 5.143935e-004 5.251045e-002
1019 3.381988e-006 1.861139e-003
1020 9.015147e-006 1.073175e-002
1021 1.299569e-004 1.158375e-002
1022 9.175988e-007 1.391938e-003
1023 1.390550e-004 1.387822e-002
1024 7.269719e-005 7.152120e-003
1025 3.897502e-007 1.506598e-003
1026 7.679676e-007 1.924615e-003
1027 2.143215e-005 6.735568e-003
1028 2.665405e-004 7.496322e-002
1029 1.487970e-005 3.486628e-003
1030 1.217113e-005 2.565863e-003
1031 2.751743e-005 7.448145e-003
1032 8.845992e-004 1.023160e-001
1033 2.630388e-006 1.483993e-003
1034 5.991579e-005 1.153375e-002
1035 6.477024e-005 1.040039e-002
1036 6.671068e-004 2.599973e-002
1037 7.660192e-007 2.990903e-003
1038 5.094335e-006 2.714652e-003
1039 4.713196e-005 5.056874e-003
1040 5.562510e-006 2.817567e-003
1041 3.339350e-004 4.744965e-002
1042 4.324391e-005 4.693615e-003
1043 8.150594e-007 1.218816e-003
1044 8.618009e-006 2.592086e-003
1045 4.113195e-006 2.248353e-003
1046 9.577965e-008 1.274146e-003
1047 2.291614e-006 1.235854e-003
1048 4.458751e-006 4.251938e-003
1049 8.076237e-007 1.133523e-003
1050 3.440904e-003 1.518335e-001
1051 2.417164e-004 2.763374e-002
1052 1.007670e-005 1.937929e-003
1053 2.282610e-005 5.288265e-003
1054 4.766188e-006 1.758258e-003
1055 8.076237e-007 1.133523e-003
1056 7.627918e-005 6.749825e-003
1057 5.875832e-005 7.915349e-003
1058 2.711171e-006 1.450194e-003
1059 2.548575e-004 1.693825e-002
1060 5.803764e-006 1.369335e-003
1061 1.585139e-005 1.868762e-003
1062 5.242548e-007 1.129051e-003
1063 4.443765e-005 2.193658e-002
1064 5.322798e-004 2.085636e-002
1065 1.238366e-006 1.789641e-003
1066 1.978427e-006 1.141278e-003
1067 6.289778e-005 1.046820e-002
1068 4.551972e-006 1.570878e-003
1069 1.415576e-005 2.226717e-003
1070 1.430175e-006 1.154474e-003
1071 4.359880e-006 1.490890e-003
1072 7.438765e-006 2.368661e-003
1073 1.214346e-006 1.282526e-003
1074 3.163687e-006 1.827778e-003
1075 3.970140e-006 3.454511e-003
1076 2.200679e-005 2.984801e-003
1077 1.693898e-005 3.905181e-003
1078 1.660027e-004 8.968158e-003
1079 2.554962e-005 3.719389e-003
1080 4.362544e-004 2.530484e-002
1081 6.011239e-004 2.768681e-002
1082 5.410388e-006 2.878542e-003
1083 2.514450e-005 2.505428e-003
1084 1.361356e-006 1.168603e-003
1085 5.598053e-006 1.502545e-003
1086 3.484986e-006 2.606840e-003
1087 1.500283e-006 1.301094e-003
1088 3.487923e-005 2.754298e-003
1089 9.346879e-007 1.243711e-003
1090 1.327667e-006 1.185601e-003
1091 5.991416e-006 1.454654e-003
1092 3.948041e-006 1.595263e-003
1093 2.607109e-004 1.356885e-002
1094 1.050451e-004 8.411739e-003
1095 1.073544e-005 2.118803e-003
1096 1.248556e-004 1.344256e-002
1097 2.352592e-004 3.463869e-002
1098 1.121317e-005 7.528116e-003
1099 6.918128e-006 3.415132e-003
1100 7.687533e-007 1.103683e-003
1101 1.379297e-004 2.115713e-002
1102 2.803539e-005 1.038991e-002
1103 9.505270e-006 3.211110e-003
1104 9.851490e-005 1.879386e-002
1105 2.168969e-006 2.050126e-003
1106 6.471713e-004 2.480315e-002
1107 5.976417e-006 2.455897e-003
1108 3.127495e-005 6.356717e-003
1109 1.028112e-006 1.798606e-003
1110 3.351877e-005 7.341691e-003
1111 7.698961e-006 1.891654e-003
1112 8.205193e-007 1.775233e-003
1113 4.760435e-005 1.189987e-002
1114 1.410715e-004 8.544625e-003
1115 9.806911e-004 2.657920e-002
1116 2.649511e-007 1.963245e-003
1117 1.430951e-003 3.717055e-002
1118 1.372858e-005 4.570113e-003
1119 6.513253e-005 2.208428e-002
1120 6.174461e-004 3.276244e-002
1121 2.497642e-005 4.267677e-003
1122 4.670830e-005 1.224822e-002
1123 1.829517e-005 3.072730e-003
1124 2.902026e-005 1.251922e-002
1125 1.233468e-005 3.293410e-003
1126 1.173875e-005 6.408995e-003
1127 7.992932e-006 4.158337e-003
1128 1.815734e-004 3.599294e-002
1129 3.327184e-005 3.867213e-003
1130 4.016152e-005 1.042970e-002
1131 4.275697e-004 3.383415e-002
1132 1.320004e-004 5.697733e-003
1133 6.400427e-006 1.965168e-003
1134 1.678483e-004 9.266415e-003
1135 3.535779e-005 5.847505e-003
1136 3.666037e-004 1.389117e-002
1137 1.359764e-004 1.679257e-002
1138 4.092133e-007 1.856345e-003
1139 6.432422e-005 4.774149e-003
1140 9.162292e-007 2.136953e-003
1141 1.109522e-005 4.269617e-003
1142 2.086734e-004 1.480013e-002
1143 4.030737e-004 4.812757e-002
1144 1.613843e-005 6.232801e-003
1145 1.037464e-004 1.972599e-002
1146 1.621692e-003 6.673617e-002
1147 3.738707e-004 2.812931e-002
1148 3.352298e-006 2.352923e-003
1149 2.756402e-004 2.334241e-002
1150 2.593625e-006 2.316671e-003
1151 1.058026e-004 1.002766e-002
1152 5.248586e-004 2.929280e-002
1153 4.762389e-006 5.044621e-003
1154 1.949113e-006 1.865891e-003
1155 1.138438e-003 5.483033e-002
1156 1.887042e-005 2.308489e-003
1157 1.741434e-004 1.463308e-002
1158 1.124128e-005 3.839815e-003
1159 2.660541e-007 1.498526e-003
1160 3.804508e-006 2.503118e-003
1161 1.821774e-004 1.508384e-002
1162 5.757741e-004 5.998754e-002
1163 3.970497e-005 3.626101e-003
1164 1.252692e-004 4.034163e-002
1165 3.450055e-003 1.426774e-001
1166 1.788821e-005 4.634248e-003
1167 1.346895e-003 6.017174e-002
1168 1.009997e-004 9.368640e-003
1169 1.391366e-005 7.587875e-003
1170 8.998764e-006 5.532929e-003
1171 3.751092e-005 8.962550e-003
1172 7.352947e-004 4.854774e-002
1173 1.826488e-007 1.096786e-003
1174 1.905254e-003 7.281735e-002
1175 2.967035e-004 1.125297e-002
1176 1.890708e-006 1.735187e-003
1177 3.888548e-004 2.314166e-002
1178 5.619904e-004 6.646711e-002
1179 1.108537e-004 1.136216e-002
1180 1.917368e-005 5.883334e-003
1181 4.201478e-006 1.381111e-003
1182 1.034246e-005 7.178715e-003
1183 1.102701e-003 2.243531e-002
1184 5.578733e-005 1.336583e-002
1185 4.567676e-005 9.925478e-003
1186 2.635140e-004 1.906360e-002
1187 7.514933e-005 3.514553e-003
1188 4.395196e-006 1.838093e-003
1189 7.750332e-006 2.289095e-003
1190 1.458341e-007 1.980898e-003
1191 2.251903e-006 2.150646e-003
1192 3.397576e-004 7.973061e-002
1193 1.577249e-006 3.144697e-003
1194 1.175194e-004 1.854136e-002
1195 5.765383e-004 3.255861e-002
1196 4.716986e-006 4.724153e-003
1197 1.535179e-005 3.022243e-003
1198 6.769660e-006 1.673082e-003
1199 6.974679e-004 2.339801e-002
1200 7.157606e-004 4.458388e-002
1201 1.927500e-007 1.119882e-003
1202 6.200751e-005 6.150073e-003
1203 2.207085e-004 2.653188e-002
1204 5.122905e-005 4.086007e-003
1205 1.208667e-007 1.938224e-003
1206 6.458255e-004 4.424982e-002
1207 2.128810e-005 3.315728e-003
1208 9.851566e-006 3.422584e-003
1209 2.341737e-004 3.058513e-002
1210 2.106883e-004 9.668975e-003
1211 1.725497e-004 1.291907e-002
1212 2.146848e-005 2.732819e-003
1213 1.084199e-005 4.709283e-003
1214 3.179635e-005 3.276564e-003
1215 8.668009e-006 2.228520e-003
1216 2.309512e-006 2.167888e-003
1217 4.705860e-005 2.588405e-002
1218 3.629016e-005 4.565653e-003
1219 1.769238e-004 6.328568e-003
1220 6.247028e-005 1.755260e-002
1221 6.454977e-005 1.502490e-002
1222 4.357381e-005 2.112824e-002
1223 5.334223e-005 1.615624e-002
1224 1.465172e-005 8.035386e-003
1225 5.472900e-006 2.084175e-003
1226 2.562364e-006 1.422462e-003
1227 7.167969e-006 4.006948e-003
1228 5.532612e-005 7.079504e-003
1229 8.345192e-005 1.151870e-002
1230 6.300297e-005 6.423155e-003
1231 1.082543e-004 2.550798e-002
1232 1.148495e-005 5.388886e-003
1233 1.990539e-004 1.065842e-002
1234 2.536586e-006 7.518756e-003
1235 1.895854e-004 4.250158e-002
1236 4.643992e-006 4.442133e-003
1237 6.804167e-004 9.934486e-002
1238 7.132292e-005 1.064509e-002
1239 2.456190e-005 5.621999e-003
1240 6.366599e-006 3.023753e-003
1241 2.379043e-005 2.337846e-003
1242 9.687944e-004 1.049526e-001
1243 1.679198e-004 2.162100e-002
1244 9.195372e-006 3.069177e-003
1245 3.632241e-005 4.897855e-003
1246 1.491758e-006 1.963633e-003
1247 1.022500e-005 3.354483e-003
1248 2.933401e-004 2.424335e-002
1249 6.033203e-006 9.564974e-003
1250 5.010662e-006 6.007434e-003
1251 9.965314e-005 1.196793e-002
1252 1.974776e-005 4.317775e-003
1253 1.036113e-003 1.089053e-001
1254 8.428236e-006 5.010492e-003
1255 6.586712e-005 9.556355e-003
1256 1.794400e-005 2.124969e-003
1257 4.864026e-004 5.194414e-002
1258 2.445064e-005 4.079875e-003
1259 1.358431e-004 1.516647e-002
1260 1.173194e-003 8.520673e-002
1261 9.976565e-006 3.877685e-003
1262 1.319841e-004 9.715790e-003
1263 4.021149e-004 3.447229e-002
1264 2.245853e-004 2.491639e-002
1265 1.118794e-005 7.900222e-003
1266 7.375397e-005 2.894666e-002
1267 8.539041e-005 1.463867e-002
1268 7.104080e-006 8.785430e-003
1269 1.241733e-005 8.032222e-003
1270 2.543234e-003 1.169878e-001
1271 4.914611e-004 2.426934e-002
1272 5.542747e-007 1.249365e-003
1273 1.508143e-004 1.708902e-002
1274 2.027328e-005 1.602971e-002
1275 2.450625e-004 1.793898e-002
1276 4.919723e-004 2.526844e-002
1277 6.630997e-004 4.452275e-002
1278 5.073687e-004 4.603412e-002
1279 2.206634e-006 2.055868e-003
1280 3.728472e-004 5.510575e-002
1281 1.845061e-005 3.989126e-003
1282 2.075524e-004 9.826523e-003
1283 1.091351e-004 1.634039e-002
1284 3.378292e-005 3.215195e-003
1285 3.115475e-004 2.286029e-002
1286 4.895376e-006 3.123775e-003
1287 6.721168e-005 8.734718e-003
1288 1.058284e-004 1.088586e-002
1289 5.293503e-005 8.123489e-003
1290 6.268497e-005 2.277857e-002
1291 5.904349e-005 4.823311e-003
1292 7.707620e-004 1.315776e-001
1293 4.206395e-006 3.201685e-003
1294 1.833422e-005 4.732200e-003
1295 5.026557e-006 2.939528e-003
1296 4.674163e-005 1.175872e-002
1297 2.090334e-004 3.969935e-002
1298 2.185750e-005 9.168547e-003
1299 2.077780e-005 3.045498e-003
1300 5.567187e-006 2.532913e-003
1301 2.587790e-006 2.919092e-003
1302 4.764287e-004 2.533315e-002
1303 1.566988e-005 6.350499e-003
1304 3.558874e-005 5.546834e-003
1305 8.623226e-005 1.455988e-002
1306 3.292305e-005 4.063740e-003
1307 1.285954e-005 4.177598e-003
1308 1.769914e-006 2.376903e-003
1309 1.079033e-004 2.944515e-002
1310 1.577614e-006 1.406812e-003
1311 1.470340e-003 1.031356e-001
1312 3.615179e-004 5.727478e-002
1313 2.587121e-006 1.641997e-003
1314 2.196388e-005 4.787480e-003
1315 1.438869e-005 2.439311e-003
1316 7.722559e-006 1.870428e-003
1317 1.629084e-006 1.330757e-003
1318 7.472494e-005 2.771406e-002
1319 8.743245e-004 7.711366e-002
1320 8.574082e-006 3.416081e-003
1321 5.338341e-005 1.137344e-002
1322 3.516498e-007 1.126743e-003
1323 3.136518e-006 1.804945e-003
1324 2.499338e-004 1.435807e-002
1325 1.294593e-005 9.024740e-003
1326 1.309739e-005 4.189939e-003
1327 1.716187e-004 1.658881e-002
1328 1.222320e-005 2.295050e-003
1329 7.048763e-005 6.517698e-003
1330 1.734432e-005 6.859544e-003
1331 3.551264e-006 2.008745e-003
1332 1.020443e-006 1.386412e-003
1333 1.014854e-004 5.266401e-003
1334 7.523134e-005 7.304750e-003
1335 5.921878e-005 1.091151e-002
1336 1.156291e-005 3.128740e-003
1337 5.090669e-005 4.405057e-003
1338 4.698313e-005 3.814213e-003
1339 1.699662e-004 1.272354e-002
1340 5.623172e-005 5.040531e-003
1341 2.683835e-003 7.059554e-002
1342 1.803600e-005 2.018893e-003
1343 7.524374e-006 1.921550e-003
1344 2.814982e-006 3.125547e-003
1345 1.676070e-005 1.222062e-002
1346 5.354909e-005 7.085292e-003
1347 7.569968e-007 1.327411e-003
1348 2.700746e-005 6.603234e-003
1349 3.038349e-004 7.961514e-002
1350 1.070520e-004 6.965141e-003
1351 2.767897e-005 4.707332e-003
1352 3.974459e-005 7.222578e-003
1353 4.353687e-005 8.656036e-003
1354 9.434100e-006 4.443143e-003
1355 4.256053e-005 6.015449e-003
1356 1.885777e-004 1.192036e-002
1357 1.876135e-005 5.682228e-003
1358 1.652409e-005 3.903856e-003
1359 3.292333e-006 1.975608e-003
1360 1.659723e-005 3.659393e-003
1361 3.820436e-005 5.143482e-003
1362 1.917421e-004 8.133108e-003
1363 1.687023e-005 4.690900e-003
1364 5.595024e-004 1.911963e-002
1365 2.261802e-006 4.123669e-003
1366 4.849271e-006 3.789004e-003
1367 4.039505e-006 1.627620e-003
1368 1.167038e-004 2.898875e-002
1369 2.531417e-007 2.451225e-003
1370 8.456731e-007 1.557121e-003
1371 8.302314e-005 1.165497e-002
1372 6.100952e-006 3.860294e-003
1373 2.169323e-005 3.292887e-003
1374 1.127094e-005 3.158702e-003
1375 3.666934e-005 5.907645e-003
1376 2.716934e-003 2.344477e-001
1377 4.364901e-005 7.210600e-003
1378 2.323034e-006 1.337037e-003
1379 2.911104e-005 2.303146e-003
1380 7.835269e-004 7.559691e-002
1381 2.903746e-006 2.991822e-003
1382 9.845403e-007 1.185464e-003
1383 1.748534e-004 1.483791e-002
1384 9.218576e-006 4.162221e-003
1385 9.218576e-006 4.162221e-003
1386 1.533178e-005 4.597016e-003
1387 1.343932e-005 4.609916e-003
1388 3.702242e-005 3.027921e-003
1389 7.759631e-006 2.712511e-003
1390 2.101701e-005 2.272584e-003
1391 3.873647e-005 5.829426e-003
1392 1.065653e-005 1.682085e-003
1393 1.330272e-005 7.392371e-003
1394 3.629264e-005 5.743570e-003
1395 1.928613e-004 2.782114e-002
1396 9.155419e-005 1.834662e-002
1397 3.770572e-006 2.673999e-003
1398 1.032988e-004 1.474552e-002
1399 8.233948e-005 1.576175e-002
1400 1.198717e-005 4.030225e-003
1401 3.942997e-004 4.197278e-002
1402 1.639331e-005 3.280266e-003
1403 1.983760e-005 4.076454e-003
1404 2.994265e-006 2.024408e-003
1405 3.029832e-006 3.747480e-003
1406 4.240467e-005 8.620078e-003
1407 8.931727e-006 2.480097e-003
1408 1.076009e-003 9.601665e-002
1409 1.946724e-004 4.064226e-002
1410 6.228324e-005 9.507062e-003
1411 1.058103e-004 5.870151e-003
1412 7.996136e-006 4.147781e-003
1413 1.888628e-007 1.139204e-003
1414 4.958827e-006 2.311859e-003
1415 5.559600e-005 4.026545e-003
1416 6.167870e-006 2.862457e-003
1417 1.836462e-005 2.117992e-003
1418 1.338469e-005 4.211877e-003
1419 2.303271e-005 3.607013e-003
1420 8.469653e-005 8.944848e-003
1421 9.577241e-005 7.631840e-003
1422 2.401044e-004 1.142829e-002
1423 1.096862e-005 3.502692e-003
1424 4.301290e-005 4.497382e-003
1425 4.301290e-005 4.497382e-003
1426 4.301290e-005 4.497382e-003
1427 2.584925e-005 3.536687e-003
1428 3.350792e-005 5.098085e-003
1429 1.311463e-004 6.945227e-003
1430 7.456480e-004 2.925248e-002
1431 1.469705e-004 2.295284e-002
1432 5.678681e-005 1.599207e-002
1433 4.857978e-005 6.178369e-003
1434 8.514401e-006 2.662952e-003
1435 8.913400e-006 2.720203e-003
1436 1.090990e-005 3.540222e-003
1437 5.084016e-006 1.992575e-003
1438 7.523184e-005 6.780351e-003
1439 1.801795e-003 8.446194e-002
1440 3.469711e-006 2.624061e-003
1441 3.044271e-006 1.664223e-003
1442 2.067527e-005 4.581696e-003
1443 5.100077e-006 3.814531e-003
1444 2.395965e-005 3.526148e-003
1445 3.445282e-005 6.083912e-003
1446 2.280944e-005 2.820248e-003
1447 4.128073e-003 1.611706e-001
1448 5.295767e-006 1.867924e-003
1449 4.364766e-006 2.901630e-003
1450 9.045976e-005 7.626331e-003
1451 8.317068e-005 1.067412e-002
1452 3.337007e-004 2.957517e-002
1453 5.080132e-007 2.938383e-003
1454 2.267994e-005 3.062677e-003
1455 4.543370e-005 4.907590e-003
1456 6.630577e-006 1.532612e-003
1457 2.191220e-006 1.914568e-003
1458 3.281166e-006 2.164619e-003
1459 3.895602e-005 4.175405e-003
1460 7.978909e-005 1.126752e-002
1461 7.191197e-006 1.652948e-003
1462 6.939820e-006 1.528482e-003
1463 1.045462e-006 1.390778e-003
1464 5.573653e-006 1.913682e-003
1465 2.381601e-006 1.356591e-003
1466 9.832905e-005 1.591991e-002
1467 6.905455e-005 5.657394e-003
1468 5.375665e-005 5.640485e-003
1469 2.234406e-005 7.890719e-003
1470 2.038604e-006 3.663289e-003
1471 3.232374e-005 7.243579e-003
1472 1.492991e-005 5.734421e-003
1473 1.169327e-005 3.255070e-003
1474 9.518122e-005 1.513846e-002
1475 1.062825e-006 1.725028e-003
1476 8.586978e-005 1.469296e-002
1477 2.950721e-007 1.739975e-003
1478 4.851531e-005 1.179357e-002
1479 9.596567e-006 9.042974e-003
1480 2.008650e-004 3.664068e-002
1481 5.255153e-005 2.406914e-002
1482 2.099324e-005 1.035602e-002
1483 2.716118e-005 3.035051e-003
1484 1.290114e-004 4.350742e-002
1485 6.772641e-005 2.067312e-002
1486 3.825283e-004 3.339061e-002
1487 2.261213e-006 1.907915e-003
1488 2.831820e-004 1.481768e-002
1489 1.711591e-006 1.355043e-003
1490 7.720210e-006 2.973816e-003
1491 8.854818e-005 3.610439e-002
1492 1.067920e-005 6.430848e-003
1493 6.617581e-005 9.949756e-003
1494 4.133832e-006 2.827786e-003
1495 3.823050e-005 5.493376e-003
1496 1.176789e-005 3.736230e-003
1497 4.793589e-004 5.733650e-002
1498 6.462445e-006 4.875565e-003
1499 4.503684e-006 2.838334e-003
1500 2.729562e-005 3.848949e-003
1501 4.547989e-006 4.696494e-003
1502 4.793689e-004 2.619757e-002
1503 4.980492e-004 5.070613e-002
1504 7.863566e-005 8.739962e-003
1505 2.240469e-005 5.026585e-003
1506 2.954754e-005 3.983458e-003
1507 1.208864e-004 7.208498e-003
1508 7.250285e-004 5.242223e-002
1509 2.687850e-005 3.792081e-003
1510 3.314277e-005 6.343643e-003
1511 3.204254e-005 4.439880e-003
1512 3.551466e-005 6.259612e-003
1513 2.128636e-005 6.028163e-003
1514 1.468727e-005 5.915361e-003
1515 1.174055e-003 6.020953e-002
1516 2.082083e-005 1.003729e-002
1517 4.923374e-004 4.190063e-002
1518 1.015514e-005 4.724677e-003
1519 1.988081e-005 8.931772e-003
1520 1.129345e-006 1.703823e-003
1521 1.565575e-005 6.809526e-003
1522 1.262024e-004 1.175594e-002
1523 5.456620e-005 7.160973e-003
1524 1.076190e-004 1.265586e-002
1525 1.140133e-004 1.693164e-002
1526 2.218558e-005 1.101347e-002
1527 3.309052e-005 1.077945e-002
1528 6.823380e-005 7.939742e-003
1529 2.331897e-005 4.616679e-003
1530 4.410676e-005 1.311262e-002
1531 7.397790e-005 7.966550e-003
1532 1.428200e-005 4.245322e-003
1533 2.854448e-005 5.437191e-003
1534 1.742178e-005 6.843861e-003
1535 2.753836e-006 1.466746e-003
1536 5.470617e-006 2.453851e-003
1537 1.167139e-005 3.286547e-003
1538 7.572925e-006 3.657571e-003
1539 7.203306e-006 1.886079e-003
1540 1.030078e-004 1.010747e-002
1541 2.112234e-003 8.981534e-002
1542 2.957416e-004 5.119823e-002
1543 1.027088e-003 8.355079e-002
1544 2.822937e-005 6.826082e-003
1545 2.051227e-004 1.713638e-002
1546 1.143238e-004 5.083277e-003
1547 1.244376e-003 5.426032e-002
1548 1.813282e-004 1.016820e-002
1549 1.072384e-005 3.291208e-003
1550 1.732549e-006 4.354655e-003
1551 4.089869e-005 4.000532e-003
1552 7.543331e-004 5.499848e-002
1553 3.410527e-003 1.975606e-001
1554 1.601567e-005 7.904072e-003
1555 5.563230e-004 4.831232e-002
1556 6.809512e-005 1.043139e-002
1557 3.263897e-004 4.610136e-002
1558 3.451583e-004 1.623665e-002
1559 4.256022e-005 9.142466e-003
1560 3.352609e-004 2.580654e-002
1561 4.150417e-004 5.148237e-002
1562 1.917113e-005 5.978725e-003
1563 1.530188e-005 9.224588e-003
1564 5.747188e-004 4.192965e-002
1565 2.937756e-005 1.237268e-002
1566 2.006210e-006 5.046766e-003
1567 5.712332e-003 2.072607e-001
1568 3.748336e-005 1.315668e-002
1569 2.126581e-005 4.317111e-003
1570 3.352738e-003 7.020289e-002
1571 4.492200e-006 1.817255e-003
1572 4.061697e-005 3.521586e-003
1573 1.160320e-003 9.666536e-002
1574 5.415301e-005 8.106050e-003
1575 2.137022e-005 1.689547e-002
1576 1.946219e-004 2.325197e-002
1577 1.522078e-003 7.313041e-002
1578 5.890435e-004 1.610061e-002
1579 1.094530e-005 4.015550e-003
1580 3.244999e-003 1.553620e-001
1581 1.335166e-004 9.909875e-003
1582 1.858714e-006 2.970473e-003
1583 2.124226e-004 3.077832e-002
1584 1.175163e-004 1.025554e-002
1585 6.189924e-004 6.240006e-002
1586 4.364915e-005 7.425041e-003
1587 8.048611e-006 2.034340e-003
1588 1.466233e-004 8.132803e-003
1589 6.159515e-007 2.899365e-003
1590 1.856920e-005 3.004317e-003
1591 3.655325e-006 4.221894e-003
1592 1.601626e-005 3.300070e-003
1593 6.023588e-006 2.790259e-003
1594 2.154153e-005 8.881725e-003
1595 3.303099e-005 3.668255e-003
1596 4.681894e-005 2.461260e-002
1597 2.969801e-005 6.515685e-003
1598 2.281266e-005 4.044901e-003
1599 9.177051e-004 8.521794e-002
1600 3.011416e-005 8.677389e-003
1601 8.813088e-006 3.131071e-003
1602 2.511331e-003 2.180122e-001
1603 3.453264e-006 7.292306e-003
1604 2.300377e-005 3.955259e-003
1605 4.382992e-005 2.270739e-003
1606 1.186317e-003 1.218817e-001
1607 2.401596e-004 1.659606e-002
1608 5.931906e-006 4.368472e-003
1609 2.285228e-004 2.516879e-002
1610 3.856564e-003 1.720788e-001
1611 2.158874e-005 1.022973e-002
1612 4.405956e-006 3.507774e-003
1613 5.134699e-008 1.203695e-003
1614 9.656921e-005 1.039897e-002
1615 4.272036e-004 8.719471e-002
1616 4.159573e-006 2.535581e-003
1617 7.601538e-007 3.359581e-003
1618 1.140499e-005 1.613593e-003
1619 6.037800e-004 2.787272e-002
1620 2.159679e-004 4.827379e-002
1621 1.531561e-004 9.526020e-002
1622 1.338288e-004 1.170942e-002
1623 1.302136e-004 4.095964e-002
1624 2.253958e-003 5.599413e-002
1625 8.637655e-006 4.139633e-003
1626 1.250495e-004 3.570681e-002
1627 5.602503e-005 1.233739e-002
1628 2.715382e-004 2.725678e-002
1629 8.412496e-004 6.096007e-002
1630 7.500968e-004 7.027412e-002
1631 4.205640e-004 4.132036e-002
1632 2.703862e-004 3.460148e-002
1633 4.189921e-006 2.998586e-003
1634 2.354707e-005 6.117280e-003
1635 5.160672e-007 1.126055e-003
1636 5.890958e-006 2.799388e-003
1637 2.997187e-006 1.602008e-003
1638 1.189277e-005 2.881961e-003
1639 6.634097e-007 1.818673e-003
1640 4.123538e-004 2.690995e-002
1641 2.988963e-004 2.251647e-002
1642 2.640122e-003 8.641276e-002
1643 1.145255e-004 2.078960e-002
1644 9.893320e-006 7.617903e-003
1645 9.984827e-006 4.151764e-003
1646 6.983980e-003 2.956472e-001
1647 8.359454e-005 9.447614e-003
1648 6.625499e-006 3.036948e-003
1649 8.818847e-004 9.232284e-002
1650 3.827763e-004 2.552146e-002
1651 4.515590e-006 3.717670e-003
1652 1.674435e-004 3.977407e-002
1653 4.903640e-004 6.055921e-002
1654 4.965961e-005 1.834797e-002
1655 6.080324e-004 4.811745e-002
1656 6.656035e-005 1.430667e-002
1657 3.591456e-005 9.624401e-003
1658 6.521654e-006 4.270174e-003
1659 4.960164e-005 1.051188e-002
1660 6.000616e-005 7.176054e-003
1661 3.246828e-004 8.444086e-003
1662 3.459125e-005 4.772240e-003
1663 5.043477e-004 4.147522e-002
1664 2.542629e-005 6.635516e-003
1665 3.854621e-005 4.912401e-003
1666 3.798412e-004 2.444217e-002
1667 1.186729e-004 2.656286e-002
1668 3.461629e-008 8.844235e-004
1669 1.392590e-005 1.033608e-002
1670 1.502991e-005 2.408095e-003
1671 1.013210e-004 1.155881e-002
1672 1.253324e-003 6.524619e-002
1673 5.876883e-005 1.216110e-002
1674 1.206965e-005 8.770736e-003
1675 5.645958e-005 7.311358e-003
1676 1.576368e-006 2.604462e-003
1677 6.867972e-006 6.823079e-003
1678 1.515725e-006 3.444958e-003
1679 1.494625e-006 1.385477e-003
1680 1.417345e-004 1.082125e-002
1681 1.295137e-004 1.654019e-002
1682 4.837965e-005 1.182449e-002
1683 5.856858e-006 1.530855e-003
1684 1.235835e-005 2.522488e-003
1685 5.461066e-005 1.034568e-002
1686 2.942918e-004 1.288208e-002
1687 1.353107e-004 2.393706e-002
1688 6.770946e-005 1.089531e-002
1689 3.692237e-004 1.963763e-002
1690 4.252625e-006 1.440539e-003
1691 2.034270e-006 1.626239e-003
1692 2.472422e-005 4.778503e-003
1693 1.389442e-004 1.277661e-002
1694 2.394458e-004 2.889853e-002
1695 9.316638e-006 1.750719e-003
1696 5.071535e-004 1.093128e-001
1697 5.123024e-005 6.875924e-003
1698 4.485067e-004 5.132258e-002
1699 1.732427e-003 1.285783e-001
1700 7.089021e-006 3.894931e-003
1701 2.029127e-004 2.970756e-002
1702 7.610390e-004 5.605915e-002
1703 4.120541e-004 4.225674e-002
1704 3.733232e-006 1.407381e-003
1705 7.306609e-006 1.775766e-003
1706 6.649453e-006 1.910496e-003
1707 3.837248e-004 2.891279e-002
1708 9.841447e-006 7.817550e-003
1709 3.077127e-005 9.710952e-003
1710 7.837659e-006 1.081872e-002
1711 2.641964e-004 1.959221e-002
1712 3.032180e-004 2.485682e-002
1713 1.479024e-005 6.636502e-003
1714 1.594149e-004 1.690303e-002
1715 1.030096e-005 5.664943e-003
1716 9.239203e-006 4.186045e-003
1717 1.069879e-004 1.509797e-002
1718 1.482621e-005 1.054196e-002
1719 1.938989e-005 7.048302e-003
1720 3.697089e-005 8.167730e-003
1721 1.210839e-004 2.763756e-002
1722 3.788076e-005 7.520486e-003
1723 6.974802e-004 8.913849e-002
1724 1.015227e-005 2.430299e-003
1725 6.153287e-005 1.060779e-002
1726 5.741833e-004 3.640081e-002
1727 1.610071e-004 1.454027e-002
1728 8.581793e-005 1.499609e-002
1729 2.982851e-006 3.309387e-003
1730 3.888675e-004 3.351516e-002
1731 1.480193e-005 5.216501e-003
1732 2.257295e-006 1.825013e-003
1733 4.785897e-008 1.010220e-003
1734 2.623077e-004 1.763768e-002
1735 1.724339e-004 1.472405e-002
1736 5.390917e-007 1.136577e-003
1737 4.996828e-005 9.535639e-003
1738 1.192436e-005 2.105594e-003
1739 5.902516e-005 9.447263e-003
1740 1.391057e-004 4.649678e-002
1741 2.794960e-006 4.297849e-003
1742 1.070595e-003 4.452081e-002
1743 1.779176e-004 2.378288e-002
1744 3.019920e-004 1.600991e-002
1745 2.415700e-005 7.477011e-003
1746 1.546305e-005 2.257993e-003
1747 4.596151e-006 6.357830e-003
1748 1.994383e-003 1.735015e-001
1749 1.895843e-005 7.908881e-003
1750 2.168350e-005 7.298625e-003
1751 7.469453e-006 5.821864e-003
1752 1.663744e-006 1.958926e-003
1753 3.604911e-004 2.364951e-002
1754 4.272130e-006 4.935956e-003
1755 6.802194e-005 5.034445e-003
1756 5.610140e-006 1.686245e-002
1757 1.445084e-005 1.326740e-002
1758 2.208531e-004 9.010520e-003
1759 1.868187e-005 4.077149e-003
1760 2.306290e-003 9.745742e-002
1761 1.596314e-005 6.751660e-003
1762 9.288197e-006 3.160750e-003
1763 1.104935e-005 1.082074e-002
1764 2.395162e-005 6.201557e-003
1765 5.403148e-005 1.567429e-002
1766 9.919732e-006 3.378855e-003
1767 2.722071e-005 4.615370e-003
1768 6.758408e-005 1.973116e-002
1769 2.616782e-004 1.273976e-002
1770 2.551076e-005 7.563296e-003
1771 3.484422e-005 8.055059e-003
1772 2.350861e-003 1.126562e-001
1773 1.057135e-003 8.679314e-002
1774 4.458119e-006 2.727457e-003
1775 4.863439e-006 2.604374e-003
1776 7.183999e-005 1.833683e-002
1777 7.862344e-005 5.151966e-003
1778 4.116994e-005 5.752664e-003
1779 8.848329e-005 1.234165e-002
1780 1.774198e-006 2.730673e-003
1781 9.177067e-007 1.286256e-003
1782 2.425026e-006 3.069992e-003
1783 8.277965e-006 6.354785e-003
1784 1.590451e-004 1.715844e-002
1785 1.605731e-005 3.033082e-003
1786 1.060244e-004 2.592199e-002
1787 4.448561e-004 2.725581e-002
1788 4.959831e-006 4.289096e-003
1789 6.905746e-005 2.785702e-002
1790 1.516202e-005 1.706392e-003
1791 3.664187e-005 3.657866e-003
1792 2.300655e-005 3.190723e-003
1793 4.997145e-006 9.107160e-003
1794 4.105028e-005 1.495087e-002
1795 3.260392e-005 1.970103e-003
1796 1.082077e-003 8.554321e-002
1797 8.746161e-005 1.479743e-002
1798 2.686302e-005 5.786619e-003
1799 7.460355e-006 2.147691e-003
1800 1.704922e-004 3.512209e-002
1801 2.323663e-005 2.539123e-003
1802 5.077190e-005 1.304309e-002
1803 2.973548e-006 1.913636e-003
1804 1.941780e-006 1.933162e-003
1805 9.361171e-007 1.097708e-002
1806 2.984440e-005 4.553091e-003
1807 4.331519e-006 1.387050e-003
1808 1.612003e-003 2.178223e-001
1809 4.651192e-005 7.304682e-003
1810 3.503520e-004 2.165764e-002
1811 3.857114e-005 6.926005e-003
1812 4.842056e-005 5.366608e-003
1813 2.850056e-005 7.888487e-003
1814 2.367050e-005 2.305487e-003
1815 6.670750e-005 1.872364e-002
1816 1.570511e-004 1.679528e-002
1817 1.068498e-005 2.954324e-003
1818 4.738561e-006 4.418443e-003
1819 2.212433e-007 2.077629e-003
1820 2.996004e-006 1.527404e-003
1821 1.656536e-006 3.345529e-003
1822 6.432235e-004 2.040949e-002
1823 3.772727e-004 3.134361e-002
1824 2.800345e-004 3.533366e-002
1825 7.028718e-004 4.342138e-002
1826 7.232982e-004 3.440261e-002
1827 1.768215e-004 1.477876e-002
1828 8.995751e-005 9.815792e-003
1829 2.602376e-005 7.591696e-003
1830 2.509698e-006 2.802706e-003
1831 5.083916e-006 1.606317e-003
1832 4.966219e-005 1.292542e-002
1833 5.702261e-005 4.657485e-003
1834 3.956719e-006 3.299685e-003
1835 5.924462e-006 3.366266e-003
1836 4.614045e-004 3.254853e-002
1837 1.038053e-003 4.655151e-002
1838 3.240027e-005 3.373496e-003
1839 1.899449e-004 2.514156e-002
1840 4.424600e-004 1.802996e-002
1841 1.722135e-004 2.418181e-002
1842 6.203545e-006 6.431524e-003
1843 3.744741e-005 5.876875e-003
1844 6.642077e-006 2.608492e-003
1845 2.175863e-004 1.244158e-002
1846 1.391678e-006 3.446594e-003
1847 2.514994e-004 3.556812e-002
1848 1.880462e-006 2.151492e-003
1849 3.396359e-005 1.303913e-002
1850 1.476495e-005 1.408474e-002
1851 4.578926e-005 3.398086e-002
1852 2.342996e-005 1.319725e-002
1853 2.692971e-004 1.435068e-002
1854 2.342019e-004 6.313559e-002
1855 7.486843e-005 2.715915e-002
1856 1.426246e-006 2.224930e-003
1857 2.282725e-006 4.402674e-003
1858 2.246224e-005 2.878045e-003
1859 6.670572e-006 2.974667e-003
1860 1.280620e-004 1.255292e-002
1861 4.811702e-006 7.136690e-003
1862 1.553282e-003 7.323010e-002
1863 9.053593e-006 2.675494e-003
1864 2.909595e-006 1.940631e-003
1865 1.665216e-005 1.000783e-002
1866 8.933823e-005 1.948028e-002
1867 1.580450e-006 2.574670e-003
1868 1.662317e-005 3.135910e-003
1869 6.025617e-004 8.349694e-002
1870 1.219458e-005 4.211911e-003
1871 1.774341e-005 1.017877e-002
1872 4.553230e-006 7.063888e-003
1873 2.902590e-006 1.757391e-003
1874 8.172461e-007 1.925504e-003
1875 3.667918e-004 2.887560e-002
1876 6.571148e-006 2.230138e-003
1877 1.933113e-005 2.482996e-003
1878 1.674313e-005 6.227658e-003
1879 3.378919e-005 1.043238e-002
1880 1.546667e-004 7.430972e-003
1881 2.875009e-004 4.108382e-002
1882 2.216210e-005 2.720364e-003
1883 3.768752e-005 9.561071e-003
1884 1.269248e-004 4.914516e-003
1885 1.230365e-005 5.128448e-003
1886 1.735633e-005 4.760323e-003
1887 1.316322e-004 8.368933e-003
1888 4.060538e-006 2.664672e-003
1889 1.319933e-006 1.173579e-003
1890 4.743436e-005 7.665949e-003
1891 1.743845e-004 7.094392e-002
1892 3.298176e-005 8.942560e-003
1893 2.577029e-004 1.878094e-002
1894 2.783951e-003 1.501235e-001
1895 5.874977e-005 2.945124e-002
1896 4.320227e-004 2.026315e-002
1897 8.209428e-006 3.696504e-003
1898 1.954953e-004 3.521421e-002
1899 4.659379e-005 6.632888e-003
1900 2.061066e-004 1.068019e-002
1901 1.206317e-005 2.480456e-003
1902 4.714006e-006 1.637806e-003
1903 2.511069e-005 7.368101e-003
1904 5.882177e-005 4.787729e-003
1905 2.290446e-005 2.583865e-003
1906 1.348132e-005 4.263045e-003
1907 8.069305e-006 3.647326e-003
1908 2.816224e-006 1.487277e-003
1909 1.667522e-005 3.330612e-003
1910 1.613124e-004 2.454242e-002
1911 1.902856e-004 8.012362e-003
1912 1.023530e-004 1.519973e-002
1913 5.491314e-004 8.254094e-003
1914 1.718297e-005 3.339868e-003
1915 1.681584e-005 7.383579e-003
1916 1.269643e-003 1.116187e-001
1917 1.558134e-003 1.661587e-001
1918 1.009866e-004 2.297503e-002
1919 2.859564e-005 9.296870e-003
1920 2.658435e-005 3.179316e-003
1921 9.621911e-007 1.310136e-003
1922 2.959637e-005 2.370625e-003
1923 1.203321e-005 1.768916e-003
1924 5.160004e-006 2.098797e-003
1925 5.035604e-006 1.759652e-003
1926 5.735154e-004 2.532190e-002
1927 3.940455e-005 8.716447e-003
1928 3.821010e-006 1.615971e-003
1929 4.571413e-005 4.691208e-003
1930 9.203546e-005 1.359759e-002
1931 7.431526e-005 9.241575e-003
1932 3.478634e-004 2.160547e-002
1933 8.728286e-005 1.099630e-002
1934 2.363483e-004 3.928134e-002
1935 7.597511e-005 1.193490e-002
1936 9.928330e-005 9.196405e-003
1937 1.161353e-005 3.475625e-003
1938 7.771670e-006 1.760767e-003
1939 1.651859e-003 7.322699e-002
1940 5.384278e-005 1.953788e-002
1941 6.952544e-005 8.109288e-003
1942 2.909759e-004 4.597317e-002
1943 1.496016e-004 2.223933e-002
1944 1.184293e-004 2.007088e-002
1945 6.327693e-005 1.151235e-002
1946 7.203507e-006 4.105159e-003
1947 2.131188e-005 1.952878e-003
1948 3.068439e-006 1.626677e-003
1949 1.770403e-004 7.064865e-002
1950 1.301764e-004 1.103952e-002
1951 2.124846e-004 3.078749e-002
1952 7.349621e-006 6.065009e-003
1953 1.090196e-004 1.525979e-002
1954 5.088306e-004 2.215577e-002
1955 8.435344e-005 5.168452e-003
1956 1.765143e-004 1.600184e-002
1957 2.594568e-005 5.565652e-003
1958 1.679387e-004 1.063700e-002
1959 1.144147e-004 2.121792e-002
1960 1.889650e-004 1.234850e-002
1961 4.307603e-004 2.572398e-002
1962 1.012423e-004 1.857172e-002
1963 3.618846e-004 2.469495e-002
1964 1.050406e-005 3.237186e-003
1965 7.198428e-005 1.100656e-002
1966 1.159680e-005 6.141086e-003
1967 1.336155e-004 4.247783e-002
1968 2.011247e-006 1.847359e-003
1969 1.040051e-004 1.533771e-002
1970 2.561396e-004 1.750773e-002
1971 1.544461e-003 6.597627e-002
1972 1.732807e-005 3.857694e-003
1973 5.954773e-004 3.627245e-002
1974 7.274389e-006 3.940674e-003
1975 5.611693e-004 5.368751e-002
1976 1.608814e-004 3.242129e-002
1977 2.921965e-005 4.634881e-003
1978 3.702370e-006 3.864811e-003
1979 7.363855e-005 3.008589e-002
1980 2.987296e-005 1.761990e-003
1981 1.941197e-004 1.704345e-002
1982 8.196056e-006 2.331244e-003
1983 1.226221e-006 2.003670e-003
1984 1.673581e-004 2.071618e-002
1985 7.590181e-005 5.207704e-003
1986 6.961141e-006 3.715870e-003
1987 5.332389e-004 2.781301e-002
1988 2.287383e-004 2.596091e-002
1989 2.348342e-006 1.273357e-003
1990 5.658576e-006 2.984570e-003
1991 5.833508e-006 4.807515e-003
1992 7.712796e-004 5.819766e-002
1993 5.212727e-007 1.150993e-003
1994 5.815015e-007 1.219721e-003
1995 3.656218e-004 2.735444e-002
1996 1.395739e-005 3.349057e-003
1997 4.453320e-006 1.729050e-003
1998 2.056845e-005 3.895120e-003
1999 8.670183e-005 6.059383e-003
2000 2.164283e-006 2.376193e-003
2001 5.717298e-006 2.584551e-003
