1 1.298927e-003 3.018210e-002
2 1.026882e-005 1.763293e-002
3 1.097523e-005 1.995823e-003
4 3.138781e-006 1.726709e-003
5 3.817177e-006 2.281753e-003
6 2.219491e-003 8.086297e-002
7 3.435196e-005 8.596691e-003
8 6.434983e-005 3.636009e-002
9 1.118958e-007 2.378843e-003
10 4.287941e-004 5.210842e-002
11 2.075118e-005 4.722996e-003
12 3.718496e-007 1.208634e-003
13 7.442114e-004 7.092483e-002
14 6.523592e-006 7.435474e-003
15 2.359277e-006 2.859882e-003
16 1.219209e-004 1.228633e-002
17 3.893417e-006 1.543351e-003
18 5.024867e-004 3.921279e-002
19 1.603996e-005 6.652037e-003
20 1.898442e-007 1.020699e-003
21 3.043119e-003 8.975129e-002
22 1.498306e-005 2.517265e-003
23 1.813813e-004 1.991882e-002
24 9.858796e-004 7.446723e-002
25 2.247462e-004 6.406902e-002
26 6.769803e-006 2.781345e-003
27 4.185362e-005 5.377124e-003
28 1.406593e-005 2.761628e-003
29 2.376284e-003 1.134961e-001
30 3.070688e-003 2.539526e-001
31 1.198501e-003 1.358184e-001
32 6.905213e-005 4.120810e-003
33 4.289063e-007 1.189338e-003
34 1.862645e-006 1.094692e-003
35 2.708243e-006 2.823719e-003
36 2.761819e-003 9.178666e-002
37 3.319320e-004 3.151886e-002
38 3.002734e-005 7.117843e-003
39 1.417677e-006 1.854604e-003
40 7.250717e-006 3.293481e-003
41 1.479837e-004 1.026304e-002
42 3.167418e-006 4.836695e-003
43 1.894202e-003 9.994187e-002
44 1.733485e-004 9.255528e-003
45 2.826677e-004 1.633063e-002
46 3.177588e-005 6.514787e-003
47 1.732198e-003 1.193485e-001
48 4.207782e-004 3.647972e-002
49 1.730919e-005 5.511446e-003
50 1.295441e-003 1.210177e-001
51 1.028435e-004 9.408902e-003
52 1.808736e-004 1.532424e-002
53 3.084881e-005 2.855258e-003
54 7.207336e-005 7.361381e-003
55 1.463160e-005 4.187727e-003
56 1.333666e-005 5.016420e-003
57 5.531163e-005 1.139408e-002
58 3.874031e-004 2.134629e-002
59 1.919941e-004 1.665629e-002
60 1.432109e-006 1.367412e-003
61 4.819422e-003 2.374174e-001
62 1.713350e-004 2.957551e-002
63 4.131675e-006 1.647442e-003
64 3.103902e-006 4.044562e-003
65 3.830073e-004 1.842058e-002
66 1.425289e-005 2.793967e-003
67 3.440297e-005 6.573545e-003
68 1.361776e-005 6.484155e-003
69 6.103964e-007 1.389809e-003
70 3.095855e-006 1.276748e-003
71 1.256266e-003 7.992600e-002
72 1.056445e-004 9.125681e-003
73 5.763786e-006 3.814832e-003
74 1.000172e-003 1.076677e-001
75 2.026393e-005 2.741103e-003
76 2.132990e-006 2.413706e-003
77 2.942506e-004 2.325307e-002
78 1.758962e-003 1.545976e-001
79 2.607191e-004 2.045543e-002
80 3.032867e-006 1.520838e-003
81 1.164164e-006 1.292866e-003
82 1.591449e-005 2.359581e-003
83 7.658716e-005 7.150100e-003
84 1.171917e-006 1.735871e-003
85 1.874275e-004 1.480825e-002
86 1.215654e-005 4.707980e-003
87 5.303989e-006 2.342460e-003
88 1.034425e-006 1.651248e-003
89 6.228677e-005 1.475237e-002
90 1.012675e-003 6.444299e-002
91 2.921157e-004 4.015007e-002
92 1.431734e-003 1.173442e-001
93 8.666060e-005 8.115642e-003
94 9.771293e-006 3.356950e-003
95 1.943956e-003 1.919704e-001
96 3.259557e-005 3.201977e-003
97 3.606979e-004 2.593576e-002
98 1.705947e-005 2.573830e-003
99 1.683037e-005 2.247909e-003
100 3.504052e-003 9.855410e-002
101 6.568043e-006 3.737794e-003
102 2.169160e-005 1.330332e-002
103 3.709719e-004 3.706639e-002
104 3.063534e-004 1.824506e-002
105 4.419292e-004 2.151011e-002
106 1.575154e-005 8.283714e-003
107 2.314956e-006 2.755643e-003
108 6.282503e-005 1.543533e-002
109 8.674585e-006 4.780167e-003
110 7.626412e-005 8.889913e-003
111 2.107436e-003 1.437633e-001
112 3.106130e-004 3.064986e-002
113 1.657685e-003 1.086552e-001
114 2.181933e-003 1.024208e-001
115 1.039364e-003 3.409408e-002
116 1.128397e-003 3.955622e-002
117 6.792854e-004 2.958302e-002
118 7.327583e-004 2.799644e-002
119 8.984241e-007 4.521347e-003
120 1.140211e-006 3.611491e-003
121 2.864957e-005 1.064714e-002
122 3.887842e-006 1.625734e-003
123 1.833495e-005 4.871949e-003
124 5.705633e-005 7.586571e-003
125 2.941442e-006 3.939773e-003
126 1.005101e-005 5.521121e-003
127 1.253059e-005 9.219846e-003
128 2.485282e-005 7.189479e-003
129 7.919523e-006 4.201269e-003
130 4.577597e-006 3.691877e-003
131 4.467033e-006 5.712091e-003
132 7.372991e-006 4.166546e-003
133 2.901977e-005 7.244030e-003
134 6.798160e-005 1.688630e-002
135 1.264106e-005 4.194864e-003
136 1.029909e-005 3.502638e-003
137 6.878286e-005 1.014010e-002
138 1.236363e-005 8.982898e-003
139 1.867262e-005 7.691133e-003
140 3.310764e-006 5.026272e-003
141 1.507583e-006 2.975982e-003
142 2.509535e-006 2.971906e-003
143 1.573466e-005 6.366866e-003
144 1.282117e-005 8.182307e-003
145 1.431932e-006 4.641266e-003
146 1.427444e-005 5.673331e-003
147 2.386347e-005 5.560046e-003
148 7.146536e-006 7.757682e-003
149 7.609487e-006 3.852424e-003
150 2.926670e-006 3.920270e-003
151 4.546811e-005 8.403686e-003
152 2.998465e-005 5.006458e-003
153 1.557430e-006 2.884794e-003
154 7.266197e-006 3.612868e-003
155 2.173318e-006 2.957074e-003
156 1.026219e-005 3.371663e-003
157 1.219541e-005 3.788346e-003
158 1.803290e-005 3.558545e-003
159 1.803052e-005 4.978818e-003
160 2.766467e-006 4.631212e-003
161 8.807724e-007 3.074526e-003
162 2.394524e-007 2.989637e-003
163 5.836426e-007 3.039389e-003
164 3.868749e-007 1.630232e-003
165 6.521287e-007 1.666518e-003
166 4.247807e-007 1.648062e-003
167 5.394184e-007 2.925761e-003
168 2.515758e-006 3.174640e-003
169 1.964132e-005 5.366001e-003
170 2.759917e-007 1.630849e-003
171 4.589539e-006 3.275265e-003
172 6.733105e-007 3.196577e-003
173 1.687444e-007 1.612803e-003
174 9.207712e-007 3.057917e-003
175 6.048945e-007 3.066918e-003
176 6.030324e-007 2.979522e-003
177 4.305381e-007 1.645216e-003
178 1.981850e-006 2.188545e-003
179 1.052302e-007 1.609915e-003
180 6.048945e-007 3.066918e-003
181 4.582009e-007 2.111898e-003
182 1.060557e-006 3.373109e-003
183 8.747642e-008 1.195079e-003
184 1.629867e-007 1.610560e-003
185 1.523686e-007 1.228537e-003
186 3.451017e-007 2.152588e-003
187 2.954522e-007 1.895892e-003
188 1.550524e-007 1.589838e-003
189 8.055294e-008 1.132358e-003
190 1.356715e-007 1.205379e-003
191 4.120308e-005 1.120762e-002
192 5.768609e-006 3.148675e-003
193 1.394313e-004 9.863525e-003
194 9.815320e-005 1.206650e-002
195 1.032257e-005 4.647113e-003
196 3.312665e-005 6.972339e-003
197 5.149208e-005 7.668938e-003
198 1.105034e-005 4.743220e-003
199 6.238572e-005 1.035253e-002
200 3.423809e-005 7.219521e-003
201 4.694860e-005 6.866730e-003
202 5.016276e-005 1.463441e-002
203 5.519030e-006 3.157140e-003
204 1.472660e-005 3.802888e-003
205 3.056448e-005 6.078146e-003
206 9.137377e-006 3.264889e-003
207 4.995281e-005 7.267061e-003
208 3.935007e-006 3.313398e-003
209 3.056448e-005 6.078146e-003
210 1.472660e-005 3.802888e-003
211 4.616400e-006 2.205633e-003
212 9.055752e-005 8.665113e-003
213 6.976881e-006 2.189559e-003
214 9.171827e-006 3.693537e-003
215 2.451738e-005 3.566273e-003
216 2.350982e-005 3.635244e-003
217 6.534862e-006 1.819375e-003
218 1.083047e-004 1.642941e-002
219 7.823374e-005 7.854640e-003
220 5.840410e-006 3.169700e-003
221 9.669459e-006 3.306070e-003
222 3.892396e-005 5.540307e-003
223 2.541631e-005 8.682537e-003
224 2.499972e-006 2.988380e-003
225 5.897574e-006 4.991326e-003
226 7.142218e-006 3.406407e-003
227 8.207043e-006 3.792263e-003
228 8.273788e-006 4.443214e-003
229 4.854743e-005 9.431386e-003
230 1.675862e-005 6.360748e-003
231 1.451158e-005 5.664835e-003
232 5.614550e-006 4.734771e-003
233 9.064534e-006 5.620076e-003
234 8.048656e-006 4.576431e-003
235 2.038326e-006 4.430271e-003
236 1.207068e-005 4.281333e-003
237 1.069102e-006 3.331443e-003
238 8.802215e-006 5.104205e-003
239 1.145626e-006 3.493274e-003
240 2.577036e-006 2.879608e-003
241 4.524632e-006 3.734617e-003
242 7.805697e-006 4.253802e-003
243 1.006938e-006 3.113414e-003
244 3.474660e-006 4.372300e-003
245 1.152135e-005 4.152133e-003
246 4.359522e-006 3.687680e-003
247 8.048656e-006 4.576431e-003
248 1.400708e-006 2.593124e-003
249 2.326250e-005 5.943459e-003
250 7.584289e-006 3.779305e-003
251 2.355754e-006 2.708800e-003
252 2.276975e-005 5.748066e-003
253 1.074968e-006 3.279359e-003
254 2.225788e-006 4.737193e-003
255 9.932955e-006 6.023584e-003
256 9.002768e-007 2.663872e-003
257 2.572063e-006 3.344742e-003
258 1.384654e-005 3.324823e-003
259 3.543056e-005 4.026743e-003
260 7.456138e-005 7.055731e-003
261 2.348077e-005 3.723891e-003
262 2.279371e-005 3.585107e-003
263 2.331443e-005 3.983303e-003
264 1.409655e-004 9.822511e-003
265 4.347837e-005 5.095289e-003
266 7.523448e-005 8.608729e-003
267 3.317032e-004 2.694269e-002
268 1.657398e-004 1.327520e-002
269 2.919421e-004 1.764863e-002
270 1.502721e-005 3.640535e-003
271 3.543056e-005 4.026743e-003
272 2.797924e-005 5.579378e-003
273 1.502721e-005 3.640535e-003
274 2.389191e-005 4.501747e-003
275 5.091693e-005 6.710835e-003
276 2.814066e-004 1.809602e-002
277 8.868182e-006 3.013167e-003
278 7.572611e-006 2.353284e-003
279 9.004627e-005 9.049750e-003
280 1.759816e-005 4.950018e-003
281 5.007920e-005 6.692115e-003
282 5.624072e-005 9.662441e-003
283 1.886558e-005 2.635791e-003
284 3.543056e-005 4.026743e-003
285 7.264601e-005 6.479206e-003
286 6.560044e-005 6.411799e-003
287 2.270509e-005 3.440636e-003
288 5.725289e-005 9.011208e-003
289 8.537322e-005 1.073068e-002
290 1.344942e-004 1.100525e-002
291 2.367337e-005 3.688863e-003
292 3.865843e-005 4.204943e-003
293 8.774270e-005 1.109763e-002
294 1.112592e-004 7.729742e-003
295 5.469545e-005 1.504856e-002
296 6.762542e-004 4.696611e-002
297 1.505337e-003 4.930524e-002
298 1.349754e-004 1.362031e-002
299 1.267593e-005 3.200704e-003
300 3.740230e-006 4.334076e-003
301 5.904860e-005 1.369076e-002
302 3.943398e-006 4.829934e-003
303 1.247119e-006 2.983871e-003
304 1.138210e-006 2.248452e-003
305 1.136000e-007 2.644452e-003
306 2.743762e-007 2.671931e-003
307 1.136000e-007 2.644452e-003
308 1.775407e-007 2.572615e-003
309 1.892207e-005 3.701356e-003
310 7.969963e-007 3.200800e-003
311 2.690009e-007 2.646339e-003
312 1.075871e-006 2.135999e-003
313 1.071419e-007 2.539181e-003
314 1.117252e-007 2.543199e-003
315 1.769327e-007 2.672520e-003
316 7.584968e-007 2.800214e-003
317 9.265030e-008 1.926972e-003
318 2.319192e-007 1.937372e-003
319 1.057903e-006 2.046849e-003
320 7.054189e-008 2.505045e-003
321 5.019290e-008 1.423959e-003
322 2.125279e-004 3.709890e-002
323 2.850620e-004 2.951249e-002
324 1.158927e-005 8.963805e-003
325 4.170194e-005 8.680672e-003
326 1.613090e-005 3.095779e-003
327 1.993989e-004 1.584755e-002
328 3.829418e-005 8.339377e-003
329 8.752099e-004 5.229629e-002
330 1.153724e-003 4.382847e-002
331 9.361634e-005 1.998056e-002
332 8.128927e-004 7.257899e-002
333 7.829551e-006 4.239202e-003
334 1.116021e-004 1.062098e-002
335 5.165265e-005 6.678546e-003
336 7.367498e-005 1.064203e-002
337 3.951298e-004 2.845797e-002
338 7.076765e-005 1.360520e-002
339 1.235246e-003 4.295575e-002
340 1.379360e-005 3.305664e-003
341 7.616924e-006 2.695832e-003
342 4.869119e-005 7.493548e-003
343 1.110649e-004 1.502343e-002
344 1.317645e-005 3.209887e-003
345 1.971825e-005 5.386438e-003
346 4.398372e-006 2.304151e-003
347 3.141674e-006 2.752098e-003
348 3.020423e-005 6.471633e-003
349 3.083201e-005 5.734314e-003
350 5.477626e-006 3.143911e-003
351 5.168097e-006 2.701536e-003
352 4.424633e-006 2.197606e-003
353 1.553707e-005 3.499627e-003
354 9.384483e-006 3.307027e-003
355 9.749086e-006 3.502105e-003
356 1.155532e-006 2.274768e-003
357 2.875899e-005 5.405981e-003
358 8.502812e-005 8.571929e-003
359 2.766058e-005 4.598964e-003
360 1.691093e-005 5.082008e-003
361 2.039099e-004 2.124458e-002
362 1.730420e-006 2.357450e-003
363 5.589384e-006 3.200576e-003
364 4.424633e-006 2.197606e-003
365 9.753732e-005 1.177604e-002
366 2.491250e-005 4.009944e-003
367 3.081562e-005 6.635673e-003
368 3.083201e-005 5.734314e-003
369 5.186415e-004 3.096268e-002
370 4.767219e-005 1.192786e-002
371 5.572923e-005 1.632614e-002
372 5.015948e-003 2.871404e-001
373 1.458607e-003 1.131375e-001
374 1.738560e-003 1.537937e-001
375 1.403349e-004 1.865769e-002
376 9.831942e-004 5.348667e-002
377 1.973010e-005 8.078261e-003
378 3.618477e-005 1.056616e-002
379 1.470160e-005 6.792061e-003
380 3.220607e-005 5.849740e-003
381 4.098755e-006 1.634500e-003
382 3.181603e-005 7.711528e-003
383 2.578383e-006 1.596057e-003
384 2.350391e-005 3.654735e-003
385 4.554145e-006 4.443316e-003
386 1.923417e-005 5.129754e-003
387 2.771814e-005 1.071582e-002
388 3.332218e-006 2.663122e-003
389 1.728301e-005 5.044049e-003
390 7.541900e-006 4.362019e-003
391 7.135011e-005 1.935997e-002
392 3.498905e-005 6.864989e-003
393 7.360569e-005 9.443168e-003
394 8.536677e-006 2.719697e-003
395 3.398939e-005 6.538116e-003
396 1.464697e-004 2.215993e-002
397 6.803009e-005 9.588104e-003
398 1.566017e-004 1.074051e-002
399 4.681638e-005 6.030672e-003
400 1.674792e-004 1.148439e-002
401 4.874868e-005 6.247125e-003
402 3.133432e-005 6.092668e-003
403 5.215229e-005 6.246518e-003
404 1.455143e-004 8.447976e-003
405 9.353264e-005 7.986924e-003
406 5.215229e-005 6.246518e-003
407 1.002319e-005 4.246133e-003
408 4.960853e-005 5.698740e-003
409 2.290316e-004 2.666715e-002
410 1.092695e-004 1.212763e-002
411 1.098525e-004 1.291971e-002
412 2.006449e-004 1.706113e-002
413 4.758495e-005 5.699786e-003
414 8.894218e-005 6.879498e-003
415 1.689541e-005 4.708098e-003
416 2.049290e-005 5.951590e-003
417 5.937196e-005 7.749517e-003
418 2.430113e-004 3.182214e-002
419 4.483097e-004 5.106773e-002
420 1.563377e-004 2.679877e-002
421 2.469635e-004 1.037904e-002
422 3.416543e-004 1.607630e-002
423 4.261765e-004 3.444611e-002
424 2.168391e-003 1.011770e-001
425 3.782901e-004 2.565278e-002
426 5.589654e-004 2.189823e-002
427 1.076758e-003 4.992972e-002
428 3.162076e-004 1.897384e-002
429 2.109631e-004 1.803724e-002
430 3.257896e-004 1.864744e-002
431 2.487824e-004 2.966205e-002
432 1.929331e-004 1.349113e-002
433 7.859079e-005 1.227625e-002
434 3.257896e-004 1.864744e-002
435 3.835153e-004 2.786644e-002
436 9.270921e-005 1.941917e-002
437 2.064986e-004 1.787057e-002
438 2.049428e-004 1.697984e-002
439 1.104710e-003 6.532320e-002
440 7.479866e-005 1.212241e-002
441 4.799991e-005 1.167950e-002
442 2.470789e-004 4.071608e-002
443 1.948151e-005 2.101893e-002
444 8.127906e-004 9.299440e-002
445 7.703786e-004 5.655808e-002
446 6.132928e-008 9.117097e-004
447 1.380148e-007 1.217619e-003
448 1.378903e-008 9.079412e-004
449 3.739117e-008 9.089316e-004
450 4.662723e-008 9.915131e-004
451 1.562927e-006 1.701038e-003
452 1.443102e-007 1.218949e-003
453 5.198345e-007 1.100778e-003
454 2.326422e-007 1.231577e-003
455 3.497291e-007 1.223176e-003
456 6.900488e-008 1.029179e-003
457 4.206115e-008 9.235355e-004
458 2.213170e-007 1.219120e-003
459 1.259283e-005 1.327082e-002
460 3.924115e-007 2.580509e-003
461 4.225684e-008 1.052459e-003
462 1.675555e-006 2.842244e-003
463 2.041895e-007 1.105208e-003
464 3.713196e-007 1.299775e-003
465 1.271535e-007 1.145513e-003
466 1.497311e-007 1.371509e-003
467 4.553561e-008 1.079869e-003
468 4.133791e-008 1.090124e-003
469 3.713196e-007 1.299775e-003
470 1.617870e-007 1.738020e-003
471 5.494905e-008 1.213901e-003
472 3.153292e-007 1.105799e-003
473 2.404458e-007 1.299080e-003
474 3.955071e-008 1.046281e-003
475 2.404458e-007 1.299080e-003
476 1.951271e-007 1.404784e-003
477 7.339457e-006 2.708922e-003
478 8.887321e-006 3.593522e-003
479 7.910142e-007 1.515722e-003
480 7.671081e-007 2.031165e-003
481 1.786466e-006 1.817837e-003
482 4.208666e-007 2.096325e-003
483 1.645722e-007 2.055532e-003
484 4.128694e-006 1.942699e-003
485 3.831270e-007 1.740893e-003
486 4.224053e-005 1.062384e-002
487 1.991021e-007 1.476459e-003
488 2.518250e-005 8.197486e-003
489 1.350438e-003 5.946743e-002
490 1.269014e-005 5.346886e-003
491 2.457276e-005 7.042603e-003
492 1.209476e-005 5.277991e-003
493 1.272568e-005 5.801960e-003
494 5.777431e-006 6.346631e-003
495 3.182149e-006 4.828191e-003
496 7.554840e-005 1.196305e-002
497 3.386771e-004 2.372504e-002
498 3.291218e-005 6.041360e-003
499 1.488818e-005 7.447171e-003
500 7.674287e-006 4.935787e-003
501 1.679324e-005 7.707967e-003
502 8.640101e-004 6.268196e-002
503 1.927490e-005 5.375704e-003
504 2.333794e-005 6.612581e-003
505 1.817749e-005 5.043277e-003
506 5.496140e-005 1.446151e-002
507 1.095881e-004 1.459103e-002
508 5.673164e-005 7.803078e-003
509 3.379045e-005 7.505697e-003
510 4.075245e-005 9.169776e-003
511 7.675831e-006 5.511971e-003
512 1.390185e-005 7.087950e-003
513 2.890835e-005 5.923675e-003
514 2.555948e-003 1.132824e-001
515 9.807121e-006 6.353367e-003
516 9.807121e-006 6.353367e-003
517 4.569420e-005 1.032155e-002
518 1.558611e-005 6.122597e-003
519 9.278474e-005 1.477792e-002
520 5.242116e-005 1.452946e-002
521 9.278474e-005 1.477792e-002
522 9.278474e-005 1.477792e-002
523 1.432872e-004 1.504629e-002
524 4.902768e-005 1.060176e-002
525 1.649168e-005 6.612317e-003
526 9.278474e-005 1.477792e-002
527 2.979079e-005 7.841807e-003
528 1.038606e-005 5.454009e-003
529 5.753929e-005 1.289445e-002
530 3.392765e-006 4.805857e-003
531 9.807121e-006 6.353367e-003
532 6.022319e-005 1.405401e-002
533 1.363310e-005 1.132541e-002
534 2.176111e-005 1.008923e-002
535 3.385506e-005 1.024053e-002
536 1.237383e-004 2.600962e-002
537 4.861425e-005 2.071975e-002
538 1.363310e-005 1.132541e-002
539 7.067843e-005 1.699127e-002
540 4.163748e-005 1.826747e-002
541 6.375875e-005 1.864359e-002
542 9.018639e-004 5.443448e-002
543 6.268337e-005 1.542401e-002
544 1.501747e-005 6.441957e-003
545 2.284487e-005 3.796341e-003
546 1.195562e-005 2.828044e-003
547 1.925356e-006 2.397003e-003
548 3.153939e-006 2.713153e-003
549 8.269887e-007 1.541442e-003
550 1.290056e-005 3.503024e-003
551 7.247849e-006 2.237230e-003
552 2.323017e-005 1.093692e-002
553 6.395799e-005 1.030840e-002
554 3.528851e-005 4.160352e-003
555 6.147429e-005 5.462227e-003
556 1.058125e-005 2.064518e-003
557 8.567327e-006 2.947813e-003
558 2.310901e-005 3.939759e-003
559 1.982037e-006 2.400127e-003
560 1.349669e-005 2.986459e-003
561 7.907243e-006 2.572136e-003
562 7.907243e-006 2.572136e-003
563 6.510174e-006 4.167071e-003
564 8.006899e-006 2.559724e-003
565 3.110686e-005 8.289647e-003
566 2.084737e-005 2.884280e-003
567 6.625023e-005 6.439906e-003
568 4.015390e-005 5.578867e-003
569 1.022015e-004 7.517985e-003
570 4.326611e-005 6.863652e-003
571 2.236253e-005 3.954283e-003
572 3.861517e-005 5.787325e-003
573 2.064901e-005 3.594381e-003
574 4.096179e-005 5.620947e-003
575 2.174212e-005 4.409505e-003
576 4.045197e-005 5.684443e-003
577 3.617868e-005 5.546717e-003
578 1.275546e-005 7.078853e-003
579 3.739871e-004 4.882502e-002
580 6.731167e-005 7.164475e-003
581 5.242273e-006 2.721614e-003
582 4.234341e-005 6.498710e-003
583 2.684551e-005 5.756096e-003
584 3.409876e-005 4.317898e-003
585 4.234341e-005 6.498710e-003
586 3.736210e-005 8.542421e-003
587 1.132081e-005 1.028946e-002
588 1.974207e-005 5.821526e-003
589 6.400149e-006 2.057216e-003
590 1.187601e-003 7.857031e-002
591 1.053918e-004 7.676342e-003
592 1.513887e-005 3.646868e-003
593 1.721959e-005 1.359970e-002
594 2.506317e-005 4.417909e-003
595 8.530641e-006 6.241380e-003
596 2.553549e-003 1.652493e-001
597 2.745598e-007 1.902837e-003
598 1.712731e-006 1.875799e-003
599 6.502576e-007 1.904381e-003
600 1.097888e-006 1.993906e-003
601 5.241045e-006 2.623141e-003
602 1.923194e-006 2.467011e-003
603 2.217895e-006 3.145172e-003
604 4.240017e-007 1.903877e-003
605 1.695464e-006 1.997082e-003
606 6.521787e-007 1.905367e-003
607 2.527402e-007 1.768869e-003
608 7.158799e-007 1.993055e-003
609 4.654180e-005 8.344732e-003
610 6.203174e-006 3.793543e-003
611 1.032322e-003 5.131148e-002
612 1.989366e-004 1.731492e-002
613 1.119602e-004 1.274718e-002
614 1.306863e-004 1.935884e-002
615 2.393955e-005 8.722485e-003
616 1.597635e-006 3.230395e-003
617 4.035739e-005 1.006334e-002
618 4.098755e-006 4.073337e-003
619 7.448967e-006 4.629096e-003
620 7.957730e-006 5.163093e-003
621 4.296873e-004 2.204729e-002
622 1.233700e-005 5.390705e-003
623 1.406548e-005 6.864802e-003
624 2.137788e-005 5.575565e-003
625 1.190051e-005 4.093851e-003
626 2.357240e-003 5.625197e-002
627 1.885642e-005 4.326214e-003
628 3.017183e-005 1.135487e-002
629 1.318590e-004 1.404917e-002
630 1.867391e-004 1.365529e-002
631 1.371135e-004 8.832403e-003
632 2.182302e-004 1.981330e-002
633 1.773873e-005 5.535167e-003
634 4.949959e-006 4.408135e-003
635 8.240726e-006 4.541565e-003
636 2.065605e-005 5.399063e-003
637 6.257558e-005 9.195829e-003
638 2.088845e-005 7.695644e-003
639 7.249806e-005 1.217241e-002
640 1.688273e-005 4.160471e-003
641 7.301893e-006 5.100079e-003
642 1.970014e-005 6.239336e-003
643 2.375944e-004 2.287125e-002
644 3.041130e-005 5.235835e-003
645 4.577444e-005 1.025529e-002
646 8.809162e-005 1.607259e-002
647 1.013846e-005 6.880778e-003
648 1.213344e-004 1.664654e-002
649 6.138518e-005 8.085801e-003
650 1.352276e-005 5.231888e-003
651 1.515995e-005 5.988416e-003
652 2.369958e-005 6.669659e-003
653 1.764060e-003 1.489803e-001
654 2.500973e-004 5.374763e-002
655 1.040024e-006 2.773056e-003
656 8.978352e-005 1.406596e-002
657 1.050643e-003 1.554618e-001
658 9.447889e-005 1.369508e-002
659 4.599464e-005 1.136626e-002
660 2.854660e-005 1.059948e-002
661 2.296701e-004 1.796293e-002
662 7.335786e-004 4.357717e-002
663 6.533454e-005 9.378105e-003
664 4.673104e-005 1.129367e-002
665 5.408823e-005 1.184259e-002
666 9.447852e-005 1.895528e-002
667 4.154148e-005 9.215390e-003
668 1.428446e-005 6.043309e-003
669 8.327910e-005 1.663969e-002
670 1.149775e-004 1.358101e-002
671 1.440624e-004 2.038861e-002
672 1.465261e-005 6.520560e-003
673 1.281609e-003 8.136048e-002
674 1.312763e-005 5.744442e-003
675 5.170009e-004 4.242123e-002
676 6.886248e-005 1.202908e-002
677 1.314614e-004 2.391288e-002
678 3.389110e-005 7.179570e-003
679 3.709583e-004 4.038169e-002
680 3.800133e-006 3.267421e-003
681 4.566007e-005 7.173991e-003
682 2.862956e-003 1.615651e-001
683 5.340250e-005 1.046641e-002
684 3.354624e-004 3.218209e-002
685 4.068781e-005 6.137874e-003
686 1.144976e-003 6.797789e-002
687 2.549975e-005 4.000398e-003
688 3.162505e-005 7.340211e-003
689 4.785753e-005 7.669849e-003
690 7.504486e-005 6.109512e-003
691 6.469134e-005 1.273463e-002
692 7.412485e-005 8.563135e-003
693 3.050559e-005 6.091739e-003
694 7.966865e-006 3.148045e-003
695 3.608075e-005 6.802217e-003
696 3.944800e-004 3.081224e-002
697 3.033632e-004 5.113110e-002
698 4.486685e-004 5.419787e-002
699 4.993249e-005 1.433576e-002
700 1.139196e-004 1.256022e-002
701 3.723454e-005 7.635371e-003
702 6.654127e-005 9.336094e-003
703 3.122864e-005 5.862927e-003
704 9.148523e-005 1.817094e-002
705 3.056265e-005 5.641768e-003
706 5.799088e-005 8.028433e-003
707 2.899218e-005 5.060368e-003
708 2.804801e-003 2.037516e-001
709 5.715603e-005 1.818716e-002
710 1.058918e-004 2.067602e-002
711 1.265435e-004 3.372410e-002
712 2.430214e-004 1.660545e-002
713 6.101000e-005 1.992762e-002
714 2.828948e-005 1.095838e-002
715 5.487103e-006 5.999507e-003
716 2.134605e-005 1.327284e-002
717 1.017546e-004 2.098679e-002
718 1.568512e-005 7.904660e-003
719 1.105224e-005 9.161800e-003
720 2.316670e-005 1.524615e-002
721 6.508635e-005 9.289637e-003
722 7.507273e-005 1.443035e-002
723 2.181052e-004 2.162606e-002
724 8.999986e-006 6.368493e-003
725 5.669015e-006 6.401135e-003
726 1.738298e-005 9.464251e-003
727 9.504434e-004 5.889600e-002
728 1.677044e-005 1.089833e-002
729 6.142853e-005 9.332767e-003
730 4.765786e-005 1.187472e-002
731 7.371504e-006 4.879053e-003
732 1.248077e-005 4.975223e-003
733 1.586049e-005 6.404124e-003
734 4.623944e-005 9.687888e-003
735 1.399134e-005 5.987785e-003
736 3.690926e-005 1.538220e-002
737 4.892433e-004 3.748123e-002
738 1.345197e-004 1.978117e-002
739 1.392451e-005 6.440486e-003
740 1.499864e-005 7.238347e-003
741 1.831808e-005 5.315085e-003
742 4.658685e-005 1.111583e-002
743 2.515017e-005 7.865761e-003
744 4.061886e-005 8.896591e-003
745 5.027140e-005 1.583970e-002
746 1.489774e-005 6.722372e-003
747 1.489774e-005 6.722372e-003
748 3.247660e-006 5.678549e-003
749 1.406992e-004 2.024824e-002
750 2.467420e-004 2.044352e-002
751 1.342420e-005 7.322344e-003
752 5.315058e-005 8.552816e-003
753 1.096424e-003 8.442463e-002
754 1.681348e-004 8.113568e-003
755 1.328851e-004 1.217893e-002
756 2.319656e-005 9.694769e-003
757 7.413727e-004 2.392504e-002
758 6.097451e-006 4.608042e-003
759 6.434693e-005 6.540522e-003
760 6.446107e-004 3.507131e-002
761 3.479129e-004 4.514986e-002
762 2.029534e-005 6.901349e-003
763 2.029534e-005 6.901349e-003
764 2.177340e-005 7.090284e-003
765 9.149794e-004 1.467085e-001
766 9.052908e-004 1.697970e-001
767 1.964894e-004 4.054286e-002
768 4.440185e-004 6.757985e-002
769 3.150018e-005 8.160579e-003
770 1.387637e-005 4.295218e-003
771 8.760429e-006 4.011942e-003
772 3.603155e-006 4.236501e-003
773 3.298224e-004 2.083549e-002
774 5.894960e-006 4.660004e-003
775 3.195636e-005 8.842478e-003
776 4.328607e-006 5.018018e-003
777 1.992400e-005 8.196824e-003
778 9.242100e-005 1.213702e-002
779 9.094473e-006 7.214883e-003
780 5.894960e-006 4.660004e-003
781 7.529970e-006 5.075199e-003
782 1.019222e-006 2.213880e-003
783 8.377794e-006 3.310995e-003
784 3.342056e-005 1.036252e-002
785 4.357366e-005 6.128384e-003
786 4.055330e-005 4.658211e-003
787 2.777738e-005 5.809023e-003
788 6.983844e-005 7.938527e-003
789 4.279838e-005 6.049675e-003
790 8.222887e-004 3.031546e-002
791 2.842436e-005 2.890690e-003
792 6.979695e-005 7.271025e-003
793 3.032444e-005 6.321440e-003
794 1.438984e-003 1.122130e-001
795 8.095051e-005 4.205093e-003
796 3.005960e-005 3.326254e-003
797 7.863983e-004 2.386614e-002
798 3.658951e-005 4.819329e-003
799 2.946724e-004 1.265886e-002
800 9.686622e-005 7.324563e-003
801 4.152282e-005 6.019553e-003
802 1.311813e-004 5.978304e-003
803 5.478887e-004 3.251611e-002
804 6.066379e-005 5.972922e-003
805 1.918668e-004 9.459554e-003
806 4.005229e-004 7.924692e-002
807 1.844463e-004 1.014334e-002
808 3.953257e-005 4.433572e-003
809 1.182653e-004 1.229848e-002
810 2.351792e-006 2.202345e-003
811 4.568384e-005 9.038369e-003
812 1.264823e-005 3.489321e-003
813 9.940906e-005 1.909848e-002
814 5.946592e-005 1.011754e-002
815 9.468541e-005 1.085199e-002
816 5.068363e-004 1.500313e-002
817 3.623689e-004 1.795210e-002
818 2.300965e-005 8.994224e-003
819 3.934987e-005 9.186228e-003
820 2.211765e-004 2.310013e-002
821 1.445052e-004 2.388059e-002
822 6.017028e-005 2.756103e-002
823 2.655074e-004 7.786705e-002
824 1.773933e-003 1.973518e-001
825 1.212877e-003 1.405831e-001
826 8.824572e-004 1.049738e-001
827 5.019926e-004 6.265064e-002
828 2.099281e-003 2.514430e-001
829 7.024437e-004 1.024963e-001
830 2.459881e-005 5.740504e-003
831 2.116198e-005 4.159987e-003
832 9.613709e-006 4.684403e-003
833 4.762638e-005 9.190787e-003
834 3.200521e-005 4.179294e-003
835 2.434482e-005 6.056371e-003
836 1.961392e-005 3.848641e-003
837 6.513637e-005 7.138578e-003
838 3.017544e-005 4.394323e-003
839 1.271152e-005 4.287977e-003
840 5.277249e-005 1.311494e-002
841 5.142814e-005 4.947575e-003
842 2.819444e-005 7.468254e-003
843 6.392871e-005 8.051500e-003
844 1.818384e-004 1.322538e-002
845 2.707561e-004 1.260335e-002
846 3.139276e-004 1.863322e-002
847 5.142814e-005 4.947575e-003
848 1.625104e-004 9.635603e-003
849 3.059073e-004 1.635636e-002
850 3.421242e-005 4.988530e-003
851 8.893130e-004 4.540741e-002
852 3.584500e-005 5.699445e-003
853 9.088868e-005 6.841622e-003
854 5.243178e-005 4.773248e-003
855 9.061193e-005 6.611655e-003
856 2.640087e-007 1.458361e-003
857 1.734719e-006 1.234961e-003
858 1.332263e-006 1.962105e-003
859 2.829645e-007 1.480247e-003
860 2.198031e-004 2.509208e-002
861 1.457528e-005 5.067127e-003
862 7.279882e-007 1.491072e-003
863 6.713627e-007 1.406594e-003
864 1.578357e-007 1.380232e-003
865 4.224393e-007 1.420137e-003
866 8.083782e-007 1.879758e-003
867 1.029615e-006 1.407229e-003
868 2.340989e-007 1.341911e-003
869 4.342383e-007 1.567248e-003
870 4.462091e-007 1.477374e-003
871 1.564979e-007 1.385207e-003
872 3.534023e-007 1.846909e-003
873 2.725170e-007 1.391839e-003
874 1.195165e-006 1.336499e-003
875 8.222818e-005 2.975736e-002
876 4.252182e-007 1.422466e-003
877 6.184422e-007 1.388859e-003
878 8.240402e-007 1.755268e-003
879 1.434873e-007 1.338982e-003
880 2.232318e-007 1.339465e-003
881 1.576814e-007 1.384895e-003
882 2.177108e-006 1.629871e-003
883 4.211812e-006 1.387463e-003
884 4.045149e-007 1.381856e-003
885 1.026770e-006 1.425622e-003
886 2.527072e-005 2.764033e-003
887 6.734387e-005 3.132441e-003
888 1.040373e-004 8.125050e-003
889 3.324506e-004 1.599503e-002
890 2.738722e-004 9.960885e-003
891 1.033551e-003 2.774478e-002
892 2.568413e-003 3.763645e-002
893 5.412092e-005 4.509278e-003
894 2.586407e-005 2.828783e-003
895 6.675708e-005 4.530401e-003
896 8.901369e-005 8.200547e-003
897 6.124554e-004 2.692794e-002
898 2.011848e-004 1.028363e-002
899 8.663509e-004 4.189992e-002
900 6.751068e-005 4.038201e-003
901 2.554016e-005 3.215301e-003
902 8.579528e-005 5.945191e-003
903 2.214832e-005 5.551562e-003
904 5.528225e-004 6.453432e-002
905 2.582165e-004 1.152599e-002
906 3.263344e-004 2.787830e-002
907 1.531647e-003 1.343354e-001
908 8.624868e-006 2.310261e-003
909 1.417239e-005 2.614893e-003
910 1.733104e-006 1.508818e-003
911 5.800695e-005 2.925513e-003
912 2.118519e-005 2.562184e-003
913 9.433030e-006 1.429347e-003
914 4.041631e-005 3.797019e-003
915 8.726664e-006 2.331841e-003
916 2.012063e-004 2.089669e-002
917 2.181383e-006 1.995744e-003
918 4.452928e-006 1.657411e-003
919 5.471492e-007 1.363781e-003
920 7.548152e-006 1.894321e-003
921 4.355367e-007 1.046972e-003
922 8.882347e-007 1.361481e-003
923 5.655566e-005 1.663546e-002
924 4.134831e-005 7.551091e-003
925 7.234075e-007 1.017347e-003
926 2.105019e-005 5.320730e-003
927 1.468466e-006 1.237962e-003
928 3.097479e-005 2.262173e-003
929 6.317063e-005 3.429325e-003
930 1.812047e-005 1.882709e-003
931 9.750246e-006 2.875879e-003
932 7.398434e-007 1.451083e-003
933 2.547134e-006 1.347155e-003
934 8.819846e-006 3.041278e-003
935 1.211973e-006 1.504865e-003
936 3.923623e-007 1.136358e-003
937 4.702915e-006 1.847657e-003
938 1.155990e-006 1.630519e-003
939 5.742660e-006 1.967123e-003
940 1.005343e-005 1.678633e-003
941 8.876278e-006 3.037423e-003
942 1.859802e-006 1.507568e-003
943 4.100922e-006 1.307040e-003
944 1.808174e-005 2.035009e-003
945 8.504658e-006 2.028052e-003
946 3.042405e-005 2.999167e-003
947 1.436330e-004 2.732744e-002
948 1.359653e-005 6.525995e-003
949 5.365709e-005 9.520186e-003
950 1.927119e-005 7.361916e-003
951 5.525975e-005 1.469742e-002
952 1.045991e-004 1.002383e-002
953 2.709769e-005 7.957211e-003
954 3.796797e-006 2.941869e-003
955 3.479938e-004 2.203092e-002
956 3.782369e-006 2.950340e-003
957 1.151915e-005 7.812015e-003
958 1.741800e-005 6.297091e-003
959 1.344369e-004 3.494677e-002
960 5.905891e-005 1.735078e-002
961 2.582582e-005 7.630597e-003
962 3.502989e-005 1.116165e-002
963 7.618363e-006 3.588621e-003
964 2.332250e-004 2.627758e-002
965 4.863698e-006 5.261137e-003
966 1.078547e-003 7.137973e-002
967 3.463141e-004 3.144748e-002
968 1.607324e-005 3.568219e-003
969 4.303605e-005 6.080019e-003
970 8.941773e-005 1.511292e-002
971 2.400145e-006 2.824334e-003
972 6.036593e-006 6.693897e-003
973 2.952731e-005 8.397627e-003
974 4.711113e-006 3.146053e-003
975 1.618082e-005 6.055414e-003
976 6.142264e-004 2.962582e-002
977 6.778387e-005 4.123933e-003
978 2.782947e-005 3.441790e-003
979 3.927812e-006 2.610131e-003
980 6.344690e-007 1.201320e-003
981 1.143092e-005 3.531828e-003
982 2.859844e-005 4.263821e-003
983 8.709231e-006 2.344671e-003
984 1.769698e-005 3.655180e-003
985 1.038991e-005 2.898552e-003
986 1.606689e-005 2.934374e-003
987 2.406875e-006 1.174824e-003
988 5.180451e-006 1.939560e-003
989 2.594498e-005 5.143947e-003
990 1.094064e-005 2.907988e-003
991 2.257977e-005 4.708045e-003
992 3.125309e-006 2.021297e-003
993 3.406130e-006 2.152565e-003
994 2.046151e-006 2.048483e-003
995 8.161822e-006 2.168041e-003
996 4.039145e-006 2.700285e-003
997 7.545671e-005 6.343759e-003
998 1.110110e-005 2.926714e-003
999 1.650821e-005 2.592458e-003
1000 2.821338e-006 1.459313e-003
1001 2.821338e-006 1.459313e-003
1002 2.784539e-005 3.532108e-003
1003 4.714944e-006 1.577197e-003
1004 1.732625e-005 3.177636e-003
1005 3.777966e-006 2.536354e-003
1006 3.438495e-005 3.100603e-003
1007 6.313636e-006 2.745886e-003
1008 8.495085e-006 2.197917e-003
1009 1.597513e-005 3.069814e-003
1010 5.770806e-006 2.485743e-003
1011 1.026838e-005 3.004594e-003
1012 6.130499e-006 2.809046e-003
1013 7.847618e-007 2.000625e-003
1014 1.008542e-005 2.820789e-003
1015 1.382704e-006 2.072987e-003
1016 2.601339e-006 1.450775e-003
1017 1.700010e-006 1.489189e-003
1018 2.242238e-006 2.401234e-003
1019 1.771208e-005 3.727803e-003
1020 1.088814e-006 1.597317e-003
1021 1.485282e-005 2.248583e-003
1022 8.418859e-007 1.101364e-003
1023 4.495943e-006 1.613719e-003
1024 1.572020e-006 1.361011e-003
1025 3.083996e-006 2.061641e-003
1026 1.092608e-003 2.283567e-001
1027 6.878565e-004 3.487026e-002
1028 6.795427e-004 3.604782e-002
1029 2.621508e-004 2.471157e-002
1030 6.427686e-004 6.620207e-002
1031 1.536647e-003 1.121272e-001
1032 2.259086e-005 5.802099e-003
1033 5.342321e-005 1.310900e-002
1034 5.043079e-004 5.054961e-002
1035 8.875779e-006 3.307508e-003
1036 2.358265e-005 7.932461e-003
1037 8.543579e-005 1.640881e-002
1038 2.290127e-006 2.713920e-003
1039 3.770148e-005 9.249178e-003
1040 2.438641e-005 7.623700e-003
1041 4.209782e-005 2.317269e-002
1042 2.339682e-005 9.550516e-003
1043 9.805517e-005 1.169885e-002
1044 6.844048e-005 1.441300e-002
1045 3.230325e-005 6.587368e-003
1046 1.761208e-004 1.669690e-002
1047 3.946009e-004 2.718464e-002
1048 1.699529e-004 3.139429e-002
1049 1.612491e-005 7.458411e-003
1050 4.954795e-004 7.974433e-002
1051 1.762752e-004 5.514039e-002
1052 5.187043e-007 1.206664e-003
1053 6.555608e-007 1.774078e-003
1054 6.487717e-005 1.812543e-002
1055 3.648816e-007 1.532164e-003
1056 5.060664e-006 4.452412e-003
1057 2.836757e-006 2.019459e-003
1058 1.942787e-006 1.956415e-003
1059 4.012559e-007 1.023741e-003
1060 4.041635e-007 9.495333e-004
1061 7.787439e-006 2.359298e-003
1062 2.658777e-006 1.705273e-003
1063 1.063862e-005 3.268225e-003
1064 3.222761e-004 1.394048e-002
1065 7.219526e-005 9.402161e-003
1066 9.706660e-007 1.560551e-003
1067 2.242053e-007 1.436654e-003
1068 2.136038e-007 1.461103e-003
1069 6.671726e-007 1.604811e-003
1070 2.576326e-005 1.275795e-002
1071 8.443168e-006 4.693604e-003
1072 5.742849e-006 2.546278e-003
1073 1.310856e-004 1.005556e-002
1074 6.105859e-007 1.027961e-003
1075 8.153189e-005 1.287615e-002
1076 2.495261e-005 3.174099e-003
1077 6.767220e-005 8.053201e-003
1078 1.777411e-006 1.584460e-003
1079 8.652293e-006 5.083631e-003
1080 1.525470e-006 1.534427e-003
1081 6.457416e-007 1.451310e-003
1082 1.544515e-006 1.458538e-003
1083 4.711788e-006 1.717901e-003
1084 3.569716e-007 1.220192e-003
1085 4.177196e-006 3.873061e-003
1086 5.572611e-007 1.224656e-003
1087 1.392426e-006 1.341527e-003
1088 2.124729e-006 4.642328e-003
1089 3.391125e-007 1.225936e-003
1090 2.029188e-007 1.191565e-003
1091 3.569716e-007 1.220192e-003
1092 2.743045e-003 1.912021e-001
1093 4.904172e-005 1.756585e-002
1094 4.673468e-005 1.260756e-002
1095 2.897626e-006 1.497847e-003
1096 6.722060e-007 1.437789e-003
1097 2.812910e-005 3.899448e-003
1098 2.850766e-005 4.917053e-003
1099 4.107321e-006 2.995821e-003
1100 8.860700e-006 2.157679e-003
1101 1.447720e-005 2.473283e-003
1102 9.263423e-006 2.385977e-003
1103 8.194705e-006 2.052120e-003
1104 2.145032e-004 2.176591e-002
1105 1.102557e-006 1.478563e-003
1106 2.276929e-006 2.148136e-003
1107 3.908768e-006 2.917047e-003
1108 2.039603e-006 1.590667e-003
1109 3.241875e-006 1.905729e-003
1110 9.763931e-006 4.253485e-003
1111 6.581708e-006 3.492954e-003
1112 1.448499e-004 1.205216e-002
1113 4.751360e-005 7.932535e-003
1114 1.429948e-006 1.929604e-003
1115 5.478900e-005 1.064292e-002
1116 7.577568e-007 1.448113e-003
1117 6.865805e-007 1.556462e-003
1118 1.711231e-005 4.231166e-003
1119 5.192259e-005 1.010305e-002
1120 1.580588e-005 3.213418e-003
1121 3.830841e-005 3.937846e-003
1122 2.083308e-005 2.817214e-003
1123 7.821829e-006 1.935478e-003
1124 9.769528e-006 2.750058e-003
1125 2.327797e-005 2.511990e-003
1126 2.334710e-005 3.197461e-003
1127 1.391554e-005 2.373279e-003
1128 2.234493e-005 2.508884e-003
1129 1.974821e-005 2.183362e-003
1130 2.357056e-005 3.180652e-003
1131 6.751629e-004 1.410725e-002
1132 7.842506e-004 7.940553e-002
1133 6.332757e-004 2.649983e-002
1134 1.591759e-004 5.223355e-003
1135 1.820104e-005 1.675231e-003
1136 5.160571e-005 2.230294e-003
1137 4.355975e-005 3.551209e-003
1138 3.959274e-005 3.693272e-003
1139 4.955647e-005 4.080168e-003
1140 1.655779e-003 9.469112e-002
1141 1.688328e-004 9.930363e-003
1142 7.414831e-005 4.332624e-003
1143 4.755795e-005 4.284070e-003
1144 3.829582e-004 2.256798e-002
1145 8.721772e-005 6.664967e-003
1146 6.616869e-004 3.338777e-002
1147 4.184001e-004 2.666754e-002
1148 1.346900e-004 6.890734e-003
1149 1.263245e-004 5.295930e-003
1150 9.998407e-005 5.119432e-003
1151 9.905404e-005 4.381841e-003
1152 6.366669e-005 4.081677e-003
1153 3.809200e-005 3.178306e-003
1154 6.644984e-005 4.534418e-003
1155 5.436287e-005 2.842021e-003
1156 1.193624e-004 1.290674e-002
1157 4.026411e-004 2.325526e-002
1158 8.817302e-005 1.063625e-002
1159 1.234692e-003 5.427825e-002
1160 7.828321e-005 5.448728e-003
1161 5.019803e-005 4.701135e-003
1162 2.984715e-004 1.693187e-002
1163 8.036817e-004 2.954494e-002
1164 1.253293e-004 6.722440e-003
1165 4.901457e-005 4.653348e-003
1166 2.714673e-004 2.285704e-002
1167 2.812624e-004 1.161570e-002
1168 8.166244e-005 5.710361e-003
1169 2.984715e-004 1.693187e-002
1170 1.877579e-004 1.510942e-002
1171 7.828321e-005 5.448728e-003
1172 2.086007e-004 1.202245e-002
1173 1.108736e-003 4.922040e-002
1174 2.664610e-004 3.980179e-002
1175 1.422278e-004 2.083800e-002
1176 5.253991e-003 4.649200e-001
1177 5.060772e-006 2.975433e-003
1178 1.450326e-004 1.436497e-002
1179 7.636496e-005 1.817504e-002
1180 9.714420e-005 1.574575e-002
1181 9.120184e-005 1.127670e-002
1182 1.476097e-004 1.555792e-002
1183 8.964298e-005 1.268241e-002
1184 2.315532e-004 3.175341e-002
1185 7.853328e-004 4.301077e-002
1186 9.546218e-005 1.164653e-002
1187 2.979721e-005 6.041770e-003
1188 3.493810e-005 8.398493e-003
1189 1.103594e-004 1.486090e-002
1190 3.773737e-004 3.929988e-002
1191 4.248166e-005 1.047647e-002
1192 4.433122e-004 2.468852e-002
1193 7.751190e-005 2.094799e-002
1194 5.520253e-004 3.952657e-002
1195 1.753170e-004 1.821966e-002
1196 2.751757e-004 1.800447e-002
1197 1.404994e-004 1.103151e-002
1198 1.711813e-004 1.927032e-002
1199 2.486183e-004 1.717498e-002
1200 4.624601e-004 2.542331e-002
1201 1.076135e-004 1.860958e-002
1202 2.575223e-005 1.142505e-002
1203 1.930305e-004 2.460807e-002
1204 4.398980e-004 2.947150e-002
1205 1.091275e-005 4.348709e-003
1206 8.108936e-005 1.264729e-002
1207 4.808911e-006 3.487371e-003
1208 2.643890e-004 2.349269e-002
1209 1.858575e-005 7.402850e-003
1210 6.288408e-005 6.877278e-003
1211 1.434193e-005 3.087349e-003
1212 1.522968e-005 2.859626e-003
1213 3.841016e-005 6.405803e-003
1214 4.028218e-005 7.133811e-003
1215 2.348890e-004 2.537095e-002
1216 2.730256e-006 4.131576e-003
1217 1.372246e-003 6.081414e-002
1218 2.170058e-005 5.403871e-003
1219 9.107234e-007 1.120542e-003
1220 6.404540e-006 3.143060e-003
1221 1.082537e-005 2.335182e-003
1222 1.464848e-003 5.374699e-002
1223 3.233767e-006 1.942229e-003
1224 4.252138e-006 1.778307e-003
1225 4.903754e-004 1.843175e-002
1226 1.196434e-006 2.233042e-003
1227 1.090149e-003 1.049557e-001
1228 2.701666e-005 3.683568e-003
1229 2.537611e-006 1.175113e-003
1230 8.881057e-006 2.253817e-003
1231 2.798736e-006 1.456749e-003
1232 1.965308e-006 1.964632e-003
1233 3.218032e-006 2.147877e-003
1234 1.015543e-005 2.853537e-003
1235 5.805455e-006 2.380591e-003
1236 9.309478e-006 2.443871e-003
1237 5.457512e-006 2.269909e-003
1238 1.551038e-005 2.706105e-003
1239 3.261934e-006 2.167588e-003
1240 3.603639e-003 1.970452e-001
1241 2.268370e-005 3.863591e-003
1242 5.227708e-006 2.345310e-003
1243 1.414348e-005 2.547795e-003
1244 5.065447e-006 2.171887e-003
1245 9.145723e-006 2.395449e-003
1246 8.685140e-006 2.229444e-003
1247 3.328182e-005 9.407726e-003
1248 9.060170e-005 2.372780e-002
1249 9.916328e-006 9.320012e-003
1250 3.867643e-005 1.148494e-002
1251 3.957884e-005 1.274234e-002
1252 6.488800e-005 1.419018e-002
1253 3.958896e-005 1.189352e-002
1254 4.888938e-005 6.542486e-003
1255 2.265363e-003 8.026581e-002
1256 1.661342e-005 4.598213e-003
1257 3.014772e-003 1.486300e-001
1258 3.886375e-004 2.236140e-002
1259 7.202991e-004 5.165678e-002
1260 5.122285e-005 1.123543e-002
1261 1.926695e-006 1.742941e-003
1262 3.041009e-004 1.932976e-002
1263 1.042387e-005 3.355125e-003
1264 1.588121e-004 2.386133e-002
1265 1.467964e-006 2.777255e-003
1266 1.877804e-005 5.694677e-003
1267 1.622580e-007 1.918735e-003
1268 1.622421e-005 4.486516e-003
1269 3.536578e-004 2.813811e-002
1270 1.611319e-004 1.428967e-002
1271 2.256196e-005 7.185224e-003
1272 5.021046e-006 2.873976e-003
1273 2.220265e-005 2.806617e-003
1274 6.974483e-005 1.452299e-002
1275 3.040156e-004 2.263348e-002
1276 2.569777e-004 3.237469e-002
1277 3.491135e-004 4.964741e-002
1278 7.033511e-004 3.697215e-002
1279 2.123277e-005 3.535114e-003
1280 9.231904e-006 6.932847e-003
1281 4.693296e-006 8.083846e-003
1282 7.793456e-005 1.167682e-002
1283 2.109893e-005 8.863380e-003
1284 3.443809e-004 3.280678e-002
1285 5.507324e-005 8.234634e-003
1286 1.879422e-004 2.049337e-002
1287 9.337301e-005 4.132767e-003
1288 8.187588e-004 5.356152e-002
1289 4.202285e-004 9.987576e-002
1290 6.777263e-006 1.647887e-003
1291 7.276794e-005 1.058210e-002
1292 5.346440e-005 4.316127e-003
1293 1.035863e-003 4.682146e-002
1294 2.179684e-006 2.251356e-003
1295 1.141603e-004 6.088769e-003
1296 1.786809e-004 7.510568e-003
1297 1.323620e-003 6.608564e-002
1298 5.223825e-004 4.632025e-002
1299 8.681356e-005 6.887476e-003
1300 1.962118e-003 7.980146e-002
1301 7.571526e-006 2.453649e-003
1302 1.449700e-005 2.790320e-003
1303 3.520420e-005 1.215376e-002
1304 1.043180e-004 1.746537e-002
1305 7.816798e-005 9.923005e-003
1306 6.863531e-005 9.287132e-003
1307 1.599170e-004 8.276527e-003
1308 1.080990e-005 9.165069e-003
1309 5.563260e-004 1.810597e-002
1310 9.339756e-004 5.298331e-002
1311 2.750979e-004 2.239340e-002
1312 2.281735e-003 1.090384e-001
1313 6.310974e-006 3.383873e-003
1314 1.244905e-004 8.781950e-003
1315 9.483058e-005 5.168374e-003
1316 4.997310e-006 4.921229e-003
1317 5.910339e-006 3.331816e-003
1318 1.607645e-006 1.868168e-003
1319 7.224490e-006 2.395982e-003
1320 3.749268e-006 4.257260e-003
1321 5.967835e-006 3.921214e-003
1322 2.329086e-006 1.508789e-003
1323 9.139101e-005 1.038386e-002
1324 5.184643e-006 1.949790e-003
1325 3.410418e-005 5.561422e-003
1326 7.717140e-005 5.010975e-003
1327 5.922229e-005 6.478979e-003
1328 3.383297e-005 3.177119e-003
1329 9.790051e-007 2.750521e-003
1330 1.636062e-004 5.801613e-003
1331 2.346275e-003 2.859083e-002
1332 1.279688e-003 5.280705e-002
1333 4.386654e-005 1.360942e-002
1334 6.217328e-005 1.857164e-002
1335 8.861269e-006 7.247397e-003
1336 8.271275e-006 6.288995e-003
1337 3.085451e-005 2.990077e-003
1338 3.029364e-005 5.812623e-003
1339 1.308761e-004 2.132227e-002
1340 2.419512e-005 8.745924e-003
1341 9.189651e-005 4.582491e-003
1342 8.873400e-007 1.578928e-003
1343 3.266382e-004 4.701169e-002
1344 6.062324e-006 4.749399e-003
1345 4.033594e-004 6.246027e-002
1346 3.289810e-005 1.857903e-002
1347 8.035097e-005 2.453765e-002
1348 4.741008e-005 1.433250e-002
1349 3.623651e-005 1.080989e-002
1350 2.883728e-004 6.280825e-002
1351 7.947594e-004 1.130679e-001
1352 9.117538e-004 2.995819e-002
1353 5.779175e-007 3.217297e-003
1354 3.563241e-006 2.796017e-003
1355 1.117038e-004 2.474218e-002
1356 1.307765e-006 4.297263e-003
1357 2.274956e-005 4.849431e-003
1358 6.045208e-004 2.550131e-002
1359 3.490439e-005 1.931760e-002
1360 6.023371e-006 1.674522e-003
1361 1.725603e-004 7.131600e-003
1362 1.985185e-005 2.586508e-003
1363 6.566537e-007 1.334545e-003
1364 1.357840e-006 1.194902e-003
1365 4.914199e-006 1.833404e-003
1366 1.494854e-005 6.552698e-003
1367 2.288828e-004 1.406752e-002
1368 5.370669e-006 2.729911e-003
1369 9.206913e-006 2.053135e-003
1370 3.042773e-007 1.088247e-003
1371 1.721708e-006 1.521714e-003
1372 1.159192e-006 1.062844e-003
1373 1.924655e-006 1.939438e-003
1374 5.636926e-006 3.049797e-003
1375 1.543124e-004 3.785854e-002
1376 2.585559e-005 2.127350e-003
1377 7.498448e-005 6.078690e-003
1378 4.719098e-005 8.007496e-003
1379 8.460627e-005 1.425760e-002
1380 1.009794e-004 2.476335e-002
1381 1.226289e-004 2.021296e-002
1382 6.705839e-006 1.909396e-003
1383 2.650439e-005 2.300438e-003
1384 6.974682e-004 5.026573e-002
1385 9.197177e-005 1.045832e-002
1386 3.178154e-004 2.528688e-002
1387 1.030456e-003 4.837807e-002
1388 1.647055e-003 6.085659e-002
1389 1.910946e-005 4.781449e-003
1390 3.732129e-004 2.974070e-002
1391 7.922569e-005 6.252083e-003
1392 5.297064e-005 1.451822e-002
1393 7.880468e-006 2.653445e-003
1394 9.635195e-005 7.820900e-003
1395 4.092286e-004 2.087162e-002
1396 3.482573e-005 3.790548e-003
1397 2.710393e-005 2.097314e-003
1398 1.661998e-003 3.802808e-002
1399 2.953302e-005 5.761192e-003
1400 8.466236e-005 3.052227e-003
1401 3.096893e-004 1.776925e-002
1402 1.971730e-005 2.613762e-003
1403 3.262159e-006 1.990070e-003
1404 2.454818e-004 2.358927e-002
1405 3.362211e-006 1.882968e-003
1406 2.004823e-005 5.188762e-003
1407 9.682995e-006 2.281301e-003
1408 5.459077e-006 2.228914e-003
1409 1.294417e-005 6.802838e-003
1410 1.350902e-004 8.896459e-003
1411 1.299849e-003 1.140274e-001
1412 4.771967e-004 3.884538e-002
1413 7.532494e-006 2.005761e-003
1414 1.742727e-003 6.389853e-002
1415 5.316048e-006 2.927548e-003
1416 2.188310e-005 3.267954e-003
1417 7.428965e-006 2.261187e-003
1418 1.430814e-005 2.921446e-003
1419 3.478303e-004 2.158075e-002
1420 3.970720e-004 3.650958e-002
1421 6.959496e-004 5.671283e-002
1422 3.727108e-005 8.364398e-003
1423 1.033503e-003 7.022028e-002
1424 3.470971e-005 8.502997e-003
1425 3.470744e-003 1.159205e-001
1426 1.489410e-003 5.781858e-002
1427 1.237564e-004 2.191733e-002
1428 2.730764e-005 1.852807e-003
1429 2.441236e-005 7.166261e-003
1430 3.739553e-004 1.977122e-002
1431 2.650273e-004 2.559481e-002
1432 8.910544e-005 9.589779e-003
1433 2.149057e-005 7.071429e-003
1434 1.896923e-004 2.869291e-002
1435 1.940251e-004 2.299800e-002
1436 1.572612e-003 8.715315e-002
1437 3.777344e-005 3.087121e-003
1438 3.916851e-005 2.979334e-003
1439 3.538722e-003 2.382309e-001
1440 1.427346e-004 1.917126e-002
1441 9.491946e-004 1.094209e-001
1442 3.718671e-006 2.105478e-003
1443 1.034021e-004 2.276096e-002
1444 2.881000e-004 2.860128e-002
1445 2.611454e-004 2.313231e-002
1446 1.337056e-005 5.363207e-003
1447 2.102780e-005 3.363316e-003
1448 3.072836e-005 7.580142e-003
1449 1.337736e-004 1.312263e-002
1450 5.979181e-004 1.854694e-002
1451 5.767433e-006 1.615072e-003
1452 7.762760e-005 1.063819e-002
1453 1.973621e-006 1.650633e-003
1454 1.954953e-005 1.131003e-002
1455 4.454102e-006 4.295969e-003
1456 1.969964e-005 5.327192e-003
1457 2.657900e-005 4.573191e-003
1458 5.224774e-007 2.831801e-003
1459 2.380800e-005 4.133588e-003
1460 4.680728e-006 4.305382e-003
1461 4.235079e-006 7.185146e-003
1462 1.402712e-005 7.355369e-003
1463 1.520320e-004 1.415195e-002
1464 2.191650e-003 1.472291e-001
1465 1.025395e-003 5.216852e-002
1466 1.254837e-003 9.621463e-002
1467 1.598126e-004 1.913221e-002
1468 1.349834e-003 7.641148e-002
1469 1.137219e-003 9.890496e-002
1470 6.279320e-005 6.320161e-003
1471 8.339770e-005 1.056598e-002
1472 4.314536e-004 2.547441e-002
1473 8.718050e-006 2.771727e-003
1474 1.141461e-005 1.198031e-002
1475 1.039336e-005 4.179828e-003
1476 1.078773e-005 3.665803e-003
1477 1.236972e-003 3.406789e-002
1478 4.230052e-005 1.836663e-002
1479 3.048774e-004 3.168646e-002
1480 2.462159e-004 3.183509e-002
1481 2.168466e-004 1.757891e-002
1482 4.890067e-004 3.433932e-002
1483 5.646755e-006 6.021695e-003
1484 1.018305e-005 4.773260e-003
1485 4.550590e-006 4.575416e-003
1486 5.638225e-004 3.218770e-002
1487 4.257133e-005 3.398174e-003
1488 9.247879e-005 7.184656e-003
1489 9.264350e-006 2.865440e-003
1490 1.100034e-005 3.606705e-003
1491 5.746281e-004 5.761720e-002
1492 8.739106e-005 6.211730e-003
1493 1.316338e-005 2.377327e-003
1494 4.424098e-005 9.719991e-003
1495 4.803514e-004 3.105603e-002
1496 2.468606e-005 1.773714e-003
1497 4.324315e-004 2.616279e-002
1498 1.723846e-003 8.414534e-002
1499 3.977227e-005 2.607137e-003
1500 7.326394e-005 6.702850e-003
1501 3.956529e-004 2.667239e-002
1502 3.340532e-004 2.414433e-002
1503 1.237532e-004 1.013901e-002
1504 1.491014e-003 1.012882e-001
1505 1.467470e-004 5.386543e-002
1506 5.753779e-006 1.467668e-003
1507 3.962889e-004 2.533378e-002
1508 6.030536e-003 2.854980e-001
1509 1.217255e-005 2.742716e-003
1510 3.906133e-006 3.123342e-003
1511 1.456112e-004 1.416387e-002
1512 7.042090e-007 1.016150e-003
1513 9.451386e-005 1.080473e-002
1514 1.843538e-005 4.535486e-003
1515 2.862527e-005 6.796268e-003
1516 4.011111e-004 3.005631e-002
1517 7.055389e-005 6.538571e-003
1518 2.379283e-004 5.229632e-002
1519 1.472137e-006 1.745462e-003
1520 2.998543e-004 1.468461e-002
1521 3.229695e-006 2.120555e-003
1522 6.687314e-006 3.952262e-003
1523 1.134867e-005 4.031504e-003
1524 1.273008e-003 3.259573e-002
1525 1.075672e-004 9.979781e-003
1526 1.327948e-004 1.371940e-002
1527 9.198218e-005 9.520424e-003
1528 1.437104e-005 5.553436e-003
1529 4.700359e-005 1.040279e-002
1530 8.290535e-005 5.349748e-003
1531 4.275744e-004 3.976324e-002
1532 2.584533e-005 6.826816e-003
1533 1.019422e-003 4.248220e-002
1534 1.443032e-003 7.736862e-002
1535 2.386551e-003 1.702720e-001
1536 2.088690e-003 1.326659e-001
1537 5.898824e-005 6.786384e-003
1538 4.889070e-004 1.579745e-001
1539 4.928017e-005 1.383299e-002
1540 9.332456e-005 4.462957e-002
1541 2.637135e-003 1.103750e-001
1542 5.932296e-003 1.366086e-001
1543 9.219865e-006 5.132209e-003
1544 4.384864e-005 1.312759e-002
1545 2.484436e-006 3.579069e-003
1546 2.050466e-004 8.919099e-003
1547 2.248035e-004 1.777111e-002
1548 8.473419e-005 3.799624e-002
1549 5.459283e-006 2.539683e-003
1550 4.443040e-004 1.135077e-002
1551 1.592381e-004 1.208632e-002
1552 2.262401e-006 1.243020e-003
1553 7.933371e-006 2.921195e-003
1554 7.350510e-004 5.648106e-002
1555 1.858745e-004 8.421061e-002
1556 2.604095e-004 1.872452e-002
1557 1.209750e-003 4.285831e-002
1558 2.345413e-003 1.325810e-001
1559 2.557038e-004 9.649300e-003
1560 1.425160e-005 3.715698e-003
1561 1.255690e-004 9.033288e-003
1562 1.683713e-005 1.188743e-002
1563 2.630437e-005 2.366559e-003
1564 1.173762e-005 6.691557e-003
1565 1.137130e-004 2.511783e-002
1566 8.454310e-005 9.316166e-003
1567 1.658049e-005 3.586162e-003
1568 1.340580e-005 2.260495e-003
1569 2.145835e-004 8.220421e-003
1570 2.930895e-004 2.040211e-002
1571 4.123479e-004 1.895744e-002
1572 1.632651e-006 1.875790e-003
1573 7.110175e-004 4.303257e-002
1574 2.093890e-005 3.973860e-003
1575 8.555814e-005 1.271456e-002
1576 5.785749e-005 1.222224e-002
1577 1.360357e-003 6.499998e-002
1578 8.962481e-006 6.301105e-003
1579 8.746271e-005 1.334006e-002
1580 5.763430e-007 2.483410e-003
1581 7.056580e-006 3.424611e-003
1582 2.740774e-005 5.083429e-003
1583 2.477614e-004 2.621667e-002
1584 1.917070e-005 5.675231e-003
1585 1.074047e-003 1.034437e-001
1586 8.376045e-004 1.230984e-001
1587 9.921568e-004 6.548273e-002
1588 4.009561e-004 2.261669e-002
1589 1.180443e-003 4.091411e-002
1590 1.139428e-003 1.027774e-001
1591 5.067677e-004 2.781233e-002
1592 2.900690e-004 1.645071e-002
1593 7.446888e-004 2.843343e-002
1594 4.686114e-004 1.774018e-002
1595 4.081635e-005 1.032921e-002
1596 1.433789e-004 1.242728e-002
1597 1.165146e-004 1.144254e-002
1598 7.343044e-004 3.133058e-002
1599 1.912294e-005 2.154987e-003
1600 7.907583e-004 4.616470e-002
1601 2.114936e-006 1.224714e-003
1602 1.332332e-003 4.616577e-002
1603 4.569621e-006 2.036994e-003
1604 5.568194e-006 2.416999e-003
1605 5.432287e-005 1.230610e-002
1606 3.168930e-007 2.934030e-003
1607 7.094927e-007 1.928573e-003
1608 1.018831e-006 1.822785e-003
1609 2.705131e-005 5.189038e-003
1610 1.646698e-004 1.831898e-002
1611 2.501724e-007 1.877443e-003
1612 5.066194e-006 2.109915e-003
1613 1.989118e-006 2.146587e-003
1614 2.924991e-006 4.706745e-003
1615 5.431862e-004 5.852671e-002
1616 8.274065e-005 2.519841e-002
1617 4.269191e-004 1.773302e-002
1618 1.693264e-004 2.505229e-002
1619 3.180477e-003 1.530100e-001
1620 3.185712e-005 8.492643e-003
1621 7.458757e-004 5.262311e-002
1622 8.158922e-006 3.127952e-003
1623 1.503638e-004 3.609469e-002
1624 1.658434e-005 4.958264e-003
1625 2.525936e-006 1.637213e-003
1626 3.748355e-005 7.873047e-003
1627 2.515834e-005 4.124967e-003
1628 2.655824e-006 1.951612e-003
1629 4.079740e-004 2.248555e-002
1630 3.631798e-006 1.653391e-003
1631 3.448978e-005 6.165314e-003
1632 3.820833e-005 9.223366e-003
1633 1.100915e-004 1.895036e-002
1634 4.624404e-003 1.639540e-001
1635 1.545084e-004 2.784245e-002
1636 6.796003e-003 3.784839e-001
1637 1.199936e-003 5.434476e-002
1638 1.563025e-004 1.143369e-002
1639 2.304861e-003 1.571497e-001
1640 1.404235e-003 3.761649e-002
1641 1.858647e-003 1.333516e-001
1642 3.179394e-004 3.258136e-002
1643 1.312666e-004 1.683822e-002
1644 3.947554e-004 5.152910e-002
1645 1.981509e-006 1.540556e-003
1646 3.014256e-005 3.171833e-003
1647 2.414434e-003 1.013244e-001
1648 3.339045e-005 4.939269e-003
1649 1.783616e-004 7.643527e-003
1650 2.326470e-003 5.932314e-002
1651 9.484906e-006 1.184550e-003
1652 3.514289e-003 1.167872e-001
1653 1.486142e-003 7.761539e-002
1654 3.567467e-006 2.613226e-003
1655 2.216305e-005 4.537102e-003
1656 1.903673e-006 3.591827e-003
1657 1.352598e-006 1.227222e-003
1658 9.118951e-006 2.634768e-003
1659 6.784075e-006 4.536985e-003
1660 4.171893e-007 1.997851e-003
1661 2.963946e-004 2.537661e-002
1662 1.088921e-005 7.899372e-003
1663 3.889750e-005 1.405292e-002
1664 2.750247e-006 6.761358e-003
1665 9.147520e-005 6.893363e-003
1666 7.786264e-005 1.603581e-002
1667 1.822343e-004 2.950485e-002
1668 7.594472e-006 1.837103e-003
1669 3.478628e-006 4.368519e-003
1670 4.133408e-005 7.895543e-003
1671 5.462004e-006 4.008640e-003
1672 2.830233e-005 2.772929e-002
1673 3.494187e-005 1.193261e-002
1674 5.261207e-006 2.410212e-003
1675 4.484284e-005 3.726499e-003
1676 1.490128e-006 1.325141e-003
1677 7.616971e-005 9.291861e-003
1678 1.450563e-003 8.424411e-002
1679 4.227232e-005 9.609580e-003
1680 4.625053e-005 9.152921e-003
1681 1.398308e-004 1.265916e-002
1682 2.227354e-005 5.245193e-003
1683 6.715326e-005 1.127132e-002
1684 3.259047e-005 4.987154e-003
1685 1.994511e-006 2.174408e-003
1686 2.121963e-005 1.144033e-002
1687 1.839331e-005 4.608730e-003
1688 6.021674e-007 1.142335e-003
1689 2.347155e-004 2.921510e-002
1690 2.832735e-005 8.933415e-003
1691 5.200762e-004 3.025559e-002
1692 1.285672e-003 1.403476e-001
1693 9.252572e-004 4.618802e-002
1694 1.763127e-004 4.410762e-002
1695 3.511266e-005 6.362743e-003
1696 5.787933e-006 2.645986e-003
1697 6.955612e-006 5.937611e-003
1698 8.224439e-004 2.802849e-002
1699 1.247578e-004 1.228542e-002
1700 3.679944e-005 5.633203e-003
1701 2.119437e-005 6.869505e-003
1702 5.961954e-006 5.780738e-003
1703 3.587889e-005 1.112593e-002
1704 2.081424e-005 5.981057e-003
1705 1.024171e-003 7.071696e-002
1706 1.842801e-004 1.464384e-002
1707 1.051798e-005 2.630728e-003
1708 3.679301e-007 2.055709e-003
1709 2.295466e-006 5.349878e-003
1710 1.530379e-006 1.388091e-003
1711 5.663542e-006 1.036687e-002
1712 1.206141e-005 4.029652e-003
1713 2.109340e-006 4.268402e-003
1714 3.389033e-006 5.645973e-003
1715 2.228370e-006 4.105759e-003
1716 2.897460e-006 5.990385e-003
1717 3.720253e-007 2.186447e-003
1718 2.196453e-005 1.644315e-002
1719 4.489106e-007 1.975799e-003
1720 1.364381e-005 4.085638e-003
1721 1.105718e-006 1.509240e-003
1722 3.173420e-005 9.528351e-003
1723 7.877985e-008 1.298791e-003
1724 2.192011e-007 1.406929e-003
1725 1.773685e-006 1.828533e-003
1726 4.084257e-005 3.361629e-002
1727 1.011335e-005 9.949768e-003
1728 2.277037e-006 2.482584e-003
1729 1.499997e-005 6.867851e-003
1730 4.606464e-006 4.202188e-003
1731 2.054788e-006 3.096353e-003
1732 6.915518e-005 1.662335e-002
1733 8.679876e-004 1.176403e-001
1734 5.277560e-004 8.906215e-002
1735 5.754132e-004 4.393260e-002
1736 1.436976e-005 7.290150e-003
1737 1.024438e-005 6.527678e-003
1738 5.861125e-004 8.529732e-002
1739 2.326864e-004 1.413105e-002
1740 8.525568e-005 1.086873e-002
1741 2.960601e-007 1.323593e-003
1742 3.056250e-006 1.508199e-003
1743 8.135557e-006 3.856360e-003
1744 7.920755e-007 2.034260e-003
1745 5.491680e-007 2.176488e-003
1746 2.542497e-005 6.280986e-003
1747 2.680860e-005 1.944534e-002
1748 2.269495e-005 5.585855e-003
1749 1.391885e-005 5.148123e-003
1750 3.184206e-005 6.582496e-003
1751 1.150324e-005 3.598715e-003
1752 6.435659e-005 6.432418e-003
1753 8.224930e-004 4.469790e-002
1754 9.989094e-004 7.145070e-002
1755 2.187688e-004 5.856986e-002
1756 6.510755e-005 1.634652e-002
1757 3.580434e-004 4.383796e-002
1758 2.853239e-003 1.678329e-001
1759 1.006035e-003 9.063610e-002
1760 8.917732e-004 6.558872e-002
1761 2.826139e-003 1.698705e-001
1762 3.463634e-003 1.414417e-001
1763 1.005487e-003 9.417843e-002
1764 4.124061e-005 1.867299e-002
1765 1.083291e-004 2.562475e-002
1766 4.249220e-004 1.051055e-001
1767 1.386291e-004 1.817356e-002
1768 2.387874e-004 2.493207e-002
1769 6.158720e-004 7.066267e-002
1770 1.450706e-004 4.607567e-002
1771 7.606865e-004 4.564197e-002
1772 1.318826e-006 4.321064e-003
1773 6.149334e-003 2.699515e-001
1774 3.295687e-003 9.411743e-002
1775 6.523913e-003 3.718457e-001
1776 3.265884e-004 2.534852e-002
1777 3.675936e-004 2.858480e-002
1778 4.662469e-003 1.182248e-001
1779 5.832868e-004 3.734842e-002
1780 3.439755e-004 2.177304e-002
1781 3.135118e-004 1.684613e-002
1782 9.732337e-005 1.997601e-002
1783 2.092735e-003 9.980900e-002
1784 3.040822e-004 3.731450e-002
1785 8.950014e-004 5.665161e-002
1786 2.002086e-005 4.894982e-003
1787 8.598946e-005 7.841308e-003
1788 2.325909e-003 1.082287e-001
1789 5.961971e-004 7.705629e-002
1790 6.294775e-005 1.222133e-002
1791 7.472179e-004 1.109759e-001
1792 4.366625e-004 3.906292e-002
1793 1.972340e-004 3.138073e-002
1794 2.395163e-004 1.266169e-002
1795 1.223442e-004 1.890625e-002
1796 3.367194e-004 6.660455e-002
1797 5.239775e-004 7.118640e-002
1798 1.097701e-004 3.858758e-002
1799 2.015255e-005 1.384120e-002
1800 5.000438e-004 7.418512e-002
1801 1.218694e-004 1.583212e-002
1802 2.539296e-004 4.298225e-002
1803 2.494090e-004 3.858661e-002
1804 1.482750e-003 5.300976e-002
1805 3.807175e-004 3.086155e-002
1806 4.447188e-004 4.446312e-002
1807 1.288393e-004 1.696537e-002
1808 1.094341e-003 9.330263e-002
1809 5.726702e-005 1.897509e-002
1810 7.104769e-006 8.875740e-003
1811 1.283801e-005 9.885831e-003
1812 1.281355e-004 1.300225e-002
1813 3.174397e-005 5.846794e-003
1814 8.261178e-005 1.879704e-002
1815 4.189063e-004 4.011932e-002
1816 1.706408e-004 1.302516e-002
1817 4.853325e-004 3.770597e-002
1818 1.103052e-004 3.826611e-002
1819 9.507941e-004 7.967814e-002
1820 2.978750e-004 3.049142e-002
1821 1.039304e-004 1.317004e-002
1822 7.802852e-005 1.530392e-002
1823 4.108266e-004 3.789304e-002
1824 1.452071e-004 1.866447e-002
1825 2.094921e-003 1.026088e-001
1826 1.682295e-004 2.584586e-002
1827 8.600438e-005 9.309631e-003
1828 1.187384e-004 1.250188e-002
1829 8.291525e-005 1.262528e-002
1830 2.451738e-003 1.741293e-001
1831 3.810610e-005 7.004285e-003
1832 1.698959e-004 2.605840e-002
1833 1.232973e-005 1.048465e-002
1834 7.514690e-005 1.052091e-002
1835 1.123740e-005 8.323946e-003
1836 2.041461e-006 5.089815e-003
1837 3.088642e-004 2.239066e-002
1838 1.276510e-004 1.901955e-002
1839 3.756736e-004 3.684303e-002
1840 2.793745e-004 3.689480e-002
1841 1.092150e-004 2.567173e-002
1842 7.769030e-005 1.691182e-002
1843 7.025231e-005 1.153468e-002
1844 9.287203e-005 1.639063e-002
1845 1.324678e-005 1.148664e-002
1846 1.070825e-005 6.723531e-003
1847 1.225219e-005 8.285713e-003
1848 1.335339e-005 1.121442e-002
1849 4.113795e-005 1.188778e-002
1850 6.536629e-005 7.959339e-003
1851 2.166474e-005 4.435957e-003
1852 3.964812e-006 4.112880e-003
1853 2.286667e-005 3.425077e-003
1854 3.194170e-004 1.783387e-002
1855 1.692418e-004 1.419459e-002
1856 6.680159e-004 3.353100e-002
1857 5.253230e-004 2.409245e-002
1858 3.096463e-004 2.110936e-002
1859 1.499750e-005 4.164410e-003
1860 3.339003e-004 2.390649e-002
1861 1.572632e-005 7.347784e-003
1862 1.241837e-005 7.022143e-003
1863 6.733069e-005 2.066943e-002
1864 6.185545e-004 4.111686e-002
1865 1.642512e-004 3.624451e-002
1866 1.544631e-004 2.679260e-002
1867 1.756180e-005 8.522000e-003
1868 1.150972e-005 9.496335e-003
1869 1.641469e-005 6.089731e-003
1870 8.382180e-005 1.293930e-002
1871 7.821643e-004 5.051546e-002
1872 1.146764e-003 7.299559e-002
1873 5.239847e-005 1.164860e-002
1874 4.748054e-004 4.534762e-002
1875 1.581771e-004 2.632234e-002
1876 9.376961e-006 5.417167e-003
1877 5.657659e-005 1.236916e-002
1878 6.176020e-006 6.275571e-003
1879 7.195481e-005 1.990633e-002
1880 3.222837e-005 1.086837e-002
1881 1.547166e-003 9.328803e-002
1882 2.742465e-004 4.169019e-002
1883 2.433536e-004 3.413664e-002
1884 5.269205e-004 2.447737e-002
1885 2.259463e-004 1.238697e-002
1886 2.339838e-004 2.550252e-002
1887 1.105298e-005 7.567241e-003
1888 3.699303e-005 1.495555e-002
1889 1.147575e-005 7.713169e-003
1890 2.140894e-006 5.413249e-003
1891 1.303869e-005 4.978208e-003
1892 9.396668e-006 5.568434e-003
1893 1.292261e-005 2.156160e-002
1894 2.746175e-004 3.037776e-002
1895 8.080271e-005 1.426122e-002
1896 8.659153e-006 4.795301e-003
1897 2.614796e-006 3.564387e-003
1898 2.133825e-005 3.248073e-003
1899 1.354275e-004 1.282399e-002
1900 8.203973e-005 1.521388e-002
1901 6.733390e-007 1.726113e-003
1902 2.625619e-004 2.992091e-002
1903 6.910349e-004 1.106466e-001
1904 7.465718e-005 1.249326e-002
1905 1.206930e-004 1.416914e-002
1906 1.378648e-003 1.686963e-001
1907 1.632386e-005 6.839666e-003
1908 2.534927e-005 6.868509e-003
1909 4.967067e-006 5.210697e-003
1910 1.335503e-004 1.519203e-002
1911 3.298016e-005 1.120035e-002
1912 2.925398e-004 2.794275e-002
1913 3.243780e-004 5.340080e-002
1914 4.353911e-004 2.928893e-002
1915 1.797186e-003 1.189550e-001
1916 9.704455e-004 4.828615e-002
1917 6.732213e-004 4.626377e-002
1918 2.781441e-004 2.888577e-002
1919 1.072595e-003 9.400074e-002
1920 3.666137e-004 3.997679e-002
1921 2.417468e-004 2.268514e-002
1922 2.027380e-003 7.980205e-002
1923 3.059491e-004 3.621572e-002
1924 1.360489e-003 9.565400e-002
1925 8.819505e-004 3.993256e-002
1926 1.793407e-004 1.707293e-002
1927 5.324571e-004 2.808833e-002
1928 3.281672e-003 1.116015e-001
1929 3.882094e-004 2.998457e-002
1930 1.703831e-005 4.791523e-003
1931 1.752449e-004 3.171325e-002
1932 5.328505e-005 2.498155e-002
1933 6.323727e-005 9.718200e-003
1934 9.539353e-006 6.974905e-003
1935 2.739364e-004 3.223053e-002
1936 3.347627e-005 1.246074e-002
1937 2.037260e-004 1.288143e-002
1938 2.140670e-004 1.950186e-002
1939 2.740305e-004 2.553300e-002
1940 7.870498e-004 7.085192e-002
1941 5.432515e-005 6.423076e-003
1942 7.109053e-004 5.274048e-002
1943 1.047699e-003 5.556862e-002
1944 2.583334e-004 2.378709e-002
1945 4.002451e-005 8.827059e-003
1946 4.177767e-004 7.607587e-002
1947 2.212542e-005 1.568526e-002
1948 7.309877e-005 1.643163e-002
1949 7.643528e-004 6.728440e-002
1950 1.224671e-004 1.136242e-002
1951 4.101911e-004 3.659054e-002
1952 5.263537e-004 4.139958e-002
1953 6.022781e-005 1.721680e-002
1954 6.816450e-005 8.614202e-003
1955 2.319097e-003 1.712063e-001
1956 1.025828e-003 1.412418e-001
1957 1.657416e-003 1.909499e-001
1958 1.202118e-003 9.293018e-002
1959 6.114424e-006 7.105144e-003
1960 2.347152e-005 7.570224e-003
1961 9.573141e-007 2.919280e-003
1962 1.255631e-005 5.768284e-003
1963 1.895942e-006 2.026720e-003
1964 4.055869e-006 3.377018e-003
1965 1.921561e-004 1.341866e-002
1966 3.059934e-005 9.722532e-003
1967 5.781569e-004 3.763912e-002
1968 4.142090e-005 8.452106e-003
1969 3.869239e-005 1.558277e-002
1970 3.489045e-006 9.032312e-003
1971 6.209097e-005 1.961867e-002
1972 8.850813e-006 6.928398e-003
1973 6.871931e-004 4.921328e-002
1974 3.485005e-004 2.475187e-002
1975 4.755839e-005 1.577030e-002
1976 1.434767e-004 1.779417e-002
1977 4.094249e-004 4.249603e-002
1978 1.980818e-004 1.960957e-002
1979 1.456549e-004 1.902243e-002
1980 4.942884e-005 9.560532e-003
1981 3.067468e-005 1.043414e-002
1982 2.126925e-004 5.130878e-002
1983 2.399431e-003 1.464288e-001
1984 2.167927e-004 6.583227e-002
1985 4.555544e-004 9.143705e-002
1986 2.215926e-004 4.075701e-002
1987 1.256362e-003 1.825105e-001
1988 7.473112e-005 2.667482e-002
1989 1.120247e-004 4.029195e-002
1990 1.296333e-003 8.061706e-002
1991 4.649579e-005 1.159481e-002
1992 1.272933e-004 1.860704e-002
1993 2.857060e-004 2.585145e-002
1994 2.339885e-004 1.690066e-002
1995 6.480553e-005 1.604149e-002
1996 1.938505e-005 9.578957e-003
1997 3.499583e-004 3.556416e-002
1998 7.372941e-004 5.972180e-002
1999 1.104380e-003 7.304410e-002
2000 4.305986e-004 2.226521e-002
