2 3.762361e-004 3.347176e-002
3 1.751759e-003 9.110581e-002
4 1.990492e-003 6.299351e-002
5 5.308626e-004 2.102906e-002
6 8.607467e-004 7.885097e-002
7 1.569786e-004 6.862183e-003
8 2.361518e-004 1.275737e-002
9 4.810870e-005 4.992340e-003
10 6.963184e-005 4.479926e-003
11 1.108231e-003 3.310863e-002
12 1.382228e-004 4.717349e-003
13 1.152876e-003 2.253480e-002
14 2.038762e-004 1.417076e-002
15 1.065499e-004 2.138327e-002
16 4.271529e-004 1.446405e-002
17 6.044965e-005 3.231990e-003
18 2.151896e-004 6.079145e-002
19 3.417293e-004 1.632431e-002
20 1.746754e-003 3.153319e-002
21 5.795039e-004 2.006710e-002
22 5.412269e-005 6.077048e-003
23 6.029627e-004 2.205656e-002
24 1.138227e-003 2.853988e-002
25 1.554897e-004 1.070780e-002
26 2.127093e-003 8.059973e-002
27 9.852575e-005 4.151443e-003
28 8.445594e-005 9.645044e-003
29 2.936449e-003 5.398448e-002
30 7.714527e-005 3.414678e-003
31 2.045956e-004 1.230747e-002
32 4.611972e-004 1.668229e-002
33 2.261712e-005 2.512097e-003
34 1.177239e-005 2.270226e-003
35 1.444812e-003 3.755867e-002
36 1.754273e-004 5.399563e-003
37 2.164392e-003 8.090579e-002
38 2.306196e-003 5.035165e-002
39 5.210906e-003 8.691967e-002
40 1.142775e-003 4.074140e-002
41 6.488901e-005 3.348877e-003
42 2.946011e-003 8.169076e-002
43 1.233554e-004 3.994515e-003
44 1.054682e-005 1.920320e-003
45 1.040509e-005 1.909565e-003
46 7.513488e-006 1.138089e-003
47 1.482140e-005 3.961220e-003
48 4.095358e-005 3.500299e-003
49 1.232807e-004 4.259239e-003
50 1.363020e-004 5.851124e-003
51 7.078047e-006 2.515005e-003
52 3.889535e-005 3.393745e-003
53 2.516844e-005 3.312448e-003
54 1.452171e-005 3.094088e-003
55 7.683329e-006 2.541855e-003
56 4.870638e-005 5.746349e-003
57 4.014486e-005 3.544874e-003
58 1.399991e-006 1.594842e-003
59 5.238113e-005 5.218988e-003
60 4.288672e-006 2.102176e-003
61 1.483502e-005 3.420261e-003
62 1.863350e-006 1.167750e-003
63 2.845071e-005 3.999089e-003
64 3.186039e-005 5.577543e-003
65 6.593455e-006 1.825860e-003
66 7.400194e-006 2.249194e-003
67 2.048788e-005 3.005279e-003
68 2.929434e-005 4.286297e-003
69 3.623081e-005 3.037562e-003
70 4.701540e-004 1.482169e-002
71 9.020150e-006 4.102276e-003
72 5.997887e-005 3.361256e-003
73 1.249267e-005 2.377154e-003
74 1.675271e-005 4.897823e-003
75 3.383003e-005 2.514916e-003
76 2.928585e-005 3.475572e-003
77 1.079857e-005 3.503791e-003
78 1.427896e-004 8.398392e-003
79 6.309777e-005 4.118739e-003
80 4.158034e-004 1.357014e-002
81 1.105895e-005 2.422387e-003
82 1.918751e-004 5.590741e-003
83 7.593743e-006 1.915559e-003
84 4.759302e-005 4.707712e-003
85 4.519536e-005 5.033781e-003
86 3.294144e-005 4.022644e-003
87 2.878598e-004 6.379866e-003
88 4.684365e-006 2.535136e-003
89 7.852985e-005 4.486129e-003
90 5.039293e-004 1.742886e-002
91 5.269784e-005 2.413347e-003
92 1.510910e-004 8.671037e-003
93 6.524976e-005 3.717963e-003
94 4.342786e-005 4.174120e-003
95 2.698986e-005 3.975359e-003
96 3.465357e-005 2.509010e-003
97 3.806554e-005 8.531635e-003
98 3.930985e-005 3.130852e-003
99 5.228001e-003 5.589308e-002
100 1.900681e-003 3.966848e-002
101 1.253943e-003 2.752320e-002
102 1.089391e-005 1.963740e-003
103 3.603070e-004 1.073943e-002
104 1.286738e-004 2.103634e-002
105 9.127486e-005 7.468318e-003
106 3.281799e-004 6.957497e-003
107 4.063638e-005 7.877704e-003
108 7.673339e-004 2.088473e-002
109 4.842303e-005 4.695637e-003
110 1.228338e-005 2.156985e-003
111 6.358463e-005 3.624438e-003
112 1.109297e-004 7.754132e-003
113 1.479226e-004 1.186545e-002
114 9.199732e-005 6.143486e-003
115 8.236681e-005 5.548856e-003
116 1.935072e-004 1.064388e-002
117 2.131118e-005 2.527206e-003
118 8.636659e-006 2.941383e-003
119 1.051677e-004 7.189984e-003
120 5.057043e-005 4.791316e-003
121 1.610163e-005 4.316984e-003
122 2.140143e-005 2.834158e-003
123 9.144409e-005 8.196846e-003
124 3.267255e-005 2.601366e-003
125 5.058964e-004 2.233623e-002
126 2.119823e-005 3.596556e-003
127 3.564731e-005 8.574484e-003
128 1.540046e-003 8.071107e-002
129 1.707835e-003 2.857822e-002
130 3.283110e-004 1.823371e-002
131 8.014531e-004 1.965376e-002
132 2.258182e-004 8.653470e-003
133 2.881292e-003 4.954508e-002
134 5.498353e-005 3.101743e-003
135 2.085394e-004 1.259667e-002
136 4.162711e-006 2.088873e-003
137 1.317827e-004 5.829386e-003
138 1.366776e-005 2.657429e-003
139 4.120269e-005 3.518004e-003
140 2.313365e-004 8.613994e-003
141 4.192378e-005 4.637275e-003
142 5.812654e-004 8.537225e-003
143 7.374002e-004 4.132297e-002
144 3.299018e-004 1.206428e-002
145 7.317559e-004 1.265850e-002
146 1.842000e-004 6.014802e-003
147 3.831016e-004 6.747750e-003
148 2.318981e-005 3.045202e-003
149 3.030898e-004 1.795232e-002
150 2.486512e-004 2.172996e-002
151 2.117151e-004 1.059058e-002
152 4.011544e-004 2.002377e-002
153 1.187375e-004 5.289683e-003
154 8.494572e-005 6.272640e-003
155 1.029256e-005 1.651807e-003
156 5.867840e-005 3.035954e-003
157 7.656791e-005 4.097927e-003
158 7.103380e-006 3.686472e-003
159 2.811148e-004 7.165255e-003
160 6.550996e-005 6.330937e-003
161 5.068059e-005 2.259437e-003
162 1.099313e-004 4.273461e-003
163 2.127339e-004 2.987709e-003
164 3.526477e-005 2.657664e-003
165 8.160255e-006 1.288810e-003
166 1.376618e-005 1.397309e-003
167 7.741308e-005 4.138813e-003
168 2.272750e-005 2.679445e-003
169 9.288829e-005 3.367267e-003
170 2.448920e-005 1.543684e-003
171 2.331254e-004 5.989030e-003
172 7.304424e-004 2.721569e-002
173 4.257407e-004 1.126231e-002
174 6.365470e-004 2.153090e-002
175 2.760902e-006 1.155026e-003
176 1.191406e-004 4.873785e-003
177 1.088547e-005 2.870619e-003
178 4.040789e-005 6.425721e-003
179 1.018045e-004 6.969740e-003
180 2.881663e-006 1.200233e-003
181 6.655092e-004 4.795091e-002
182 2.412540e-004 7.407130e-003
183 1.084210e-004 5.552874e-003
184 3.605245e-005 4.231643e-003
185 3.336689e-006 1.405998e-003
186 3.313459e-004 1.377960e-002
187 4.872134e-003 1.221533e-001
188 2.941233e-004 1.009610e-002
189 6.954198e-005 3.448757e-003
190 1.805871e-005 3.411242e-003
191 2.169339e-005 5.882757e-003
192 4.693534e-005 3.768322e-003
193 7.814459e-005 4.014183e-003
194 4.693534e-005 3.768322e-003
195 1.092898e-004 3.953748e-003
196 3.953824e-005 3.585963e-003
197 4.620522e-004 1.149029e-002
198 2.073623e-004 5.750048e-003
199 2.672934e-004 8.304319e-003
200 8.375932e-004 1.830658e-002
201 7.887301e-004 1.883190e-002
202 5.885655e-005 5.588804e-003
203 1.705569e-003 2.674155e-002
204 4.365557e-005 3.165722e-003
205 1.908820e-004 9.030601e-003
206 1.522259e-004 6.171794e-003
207 1.638062e-004 2.268719e-002
208 1.276576e-003 2.920077e-002
209 4.343958e-004 8.958642e-003
210 4.912010e-004 2.586536e-002
211 2.615697e-004 1.155971e-002
212 2.649889e-005 3.304252e-003
213 1.621885e-004 3.918820e-003
214 1.036156e-004 6.774003e-003
215 1.579039e-004 8.433537e-003
216 6.810025e-004 1.353936e-002
217 1.768443e-005 1.587431e-003
218 1.426910e-005 3.294357e-003
219 9.393628e-006 1.471611e-003
220 1.743324e-003 7.254882e-002
221 3.127926e-005 3.910119e-003
222 2.139455e-004 7.045283e-003
223 1.733861e-004 5.054900e-003
224 1.148360e-005 1.966302e-003
225 1.538166e-005 2.931467e-003
226 1.281570e-004 6.465574e-003
227 2.687104e-005 3.573014e-003
228 6.614048e-005 3.471563e-003
229 1.807207e-004 1.014029e-002
230 1.414966e-003 6.163157e-002
231 6.737913e-006 1.939822e-003
232 3.189991e-003 5.441990e-002
233 2.344493e-005 7.386293e-003
234 2.956035e-005 1.913564e-003
235 2.195075e-005 6.884687e-003
236 5.097200e-005 4.516195e-003
237 8.684116e-004 2.240414e-002
238 4.599670e-005 4.188703e-003
239 5.623788e-005 2.767461e-003
240 3.207100e-004 3.801450e-002
241 2.895188e-003 7.088291e-002
242 1.122253e-004 9.721155e-003
243 2.347192e-005 3.278123e-003
244 1.387544e-005 1.313159e-003
245 4.281866e-006 1.131880e-003
246 5.567739e-004 2.008672e-002
247 1.307442e-004 5.572551e-003
248 9.085648e-003 7.229039e-002
249 1.008753e-003 2.142148e-002
250 5.243497e-004 1.399463e-002
251 4.516988e-006 1.172433e-003
252 6.466875e-005 7.039584e-003
253 3.704474e-005 2.803830e-003
254 1.696835e-004 8.619933e-003
255 5.453941e-005 5.894088e-003
256 7.778492e-006 2.247070e-003
257 1.100401e-005 3.422563e-003
258 2.745686e-004 2.684630e-002
259 8.076772e-006 1.232781e-003
260 3.550434e-005 6.970579e-003
261 3.404026e-005 2.411292e-003
262 8.623498e-006 1.271631e-003
263 9.719768e-006 1.427864e-003
264 1.626819e-004 2.109128e-002
265 8.656953e-004 3.997425e-002
266 1.176043e-004 5.844250e-003
267 2.019337e-004 1.354825e-002
268 1.655905e-005 3.717944e-003
269 4.297690e-004 1.184408e-002
270 9.271871e-006 3.183228e-003
271 2.028747e-004 1.071228e-002
272 4.791331e-005 3.676622e-003
273 1.637903e-003 4.410009e-002
274 4.219748e-006 1.802141e-003
275 6.095582e-004 1.511369e-002
276 1.799826e-004 1.146193e-002
277 6.360138e-005 3.332222e-003
278 3.540712e-004 1.480495e-002
279 2.496652e-005 3.127043e-003
280 1.047665e-004 1.925869e-002
281 3.199010e-004 1.710636e-002
282 1.049419e-005 1.494987e-003
283 3.207292e-005 5.623880e-003
284 3.235475e-005 4.255339e-003
285 6.762435e-005 4.143628e-003
286 4.512605e-005 4.142999e-003
287 1.982910e-005 4.022004e-003
288 6.279167e-006 1.835351e-003
289 3.664179e-004 9.053783e-003
290 3.451404e-006 1.372327e-003
291 3.165483e-004 6.610879e-003
292 2.809229e-003 4.089584e-002
293 2.180138e-005 4.253786e-003
294 2.378408e-005 2.877253e-003
295 1.508929e-004 1.332885e-002
296 1.360957e-003 4.723140e-002
297 2.645192e-004 9.536134e-003
298 4.798261e-005 4.290772e-003
299 6.664310e-006 3.247923e-003
300 2.672712e-004 8.888537e-003
301 7.796179e-004 1.273794e-002
302 4.753748e-005 2.044808e-003
303 1.215651e-004 1.617806e-002
304 1.367837e-004 7.635395e-003
305 1.903429e-005 2.417616e-003
306 1.653457e-005 1.805354e-003
307 3.619372e-004 1.390373e-002
308 9.933138e-005 8.747004e-003
309 6.625842e-004 3.321875e-002
310 6.398055e-005 6.592930e-003
311 4.512399e-005 4.084851e-003
312 2.502942e-005 2.052128e-003
313 2.605781e-003 3.659069e-002
314 1.476996e-005 1.391830e-003
315 2.009573e-005 4.351400e-003
316 3.055528e-004 1.706266e-002
317 6.973887e-004 1.823762e-002
318 4.964803e-004 1.701167e-002
319 5.937314e-004 2.256655e-002
320 7.094068e-004 1.243183e-002
321 4.612046e-004 1.069973e-001
322 7.028043e-005 6.290489e-003
323 3.884078e-004 8.170585e-003
324 7.270773e-005 4.118279e-003
325 3.531492e-005 3.358381e-003
326 3.552686e-004 1.791166e-002
327 3.034012e-003 5.415580e-002
328 3.961438e-004 2.111980e-002
329 9.059675e-004 1.458307e-002
330 5.468079e-005 5.358489e-003
331 7.865387e-004 1.160792e-002
332 1.555438e-003 2.700623e-002
333 7.155053e-005 8.914986e-003
334 6.763515e-004 2.757407e-002
335 1.897200e-005 1.796097e-003
336 2.860174e-005 1.759621e-003
337 2.479122e-005 3.221534e-003
338 1.172585e-004 7.914001e-003
339 2.324106e-004 1.351898e-002
340 1.704753e-004 7.657087e-003
341 1.111890e-004 3.471629e-003
342 2.720954e-005 2.615540e-003
343 1.431215e-004 1.558365e-002
344 4.145045e-005 3.211305e-003
345 8.768882e-004 1.566108e-002
346 6.181944e-004 2.074658e-002
347 3.428381e-005 2.897125e-003
348 9.834319e-005 8.210144e-003
349 1.578614e-005 3.310208e-003
350 1.816617e-005 1.987313e-003
351 6.389147e-003 9.259768e-002
352 6.838784e-004 2.966744e-002
353 2.760902e-006 1.155026e-003
354 6.525336e-004 2.747680e-002
355 1.918892e-004 9.320350e-003
356 8.040644e-005 1.520990e-002
357 2.888027e-004 3.142305e-002
358 1.937987e-005 2.188954e-003
359 1.435724e-004 3.543206e-003
360 7.445590e-005 5.621502e-003
361 1.111316e-003 3.363246e-002
362 2.460117e-004 6.402888e-003
363 1.512436e-004 1.498938e-002
364 7.425045e-004 1.907221e-002
365 4.127729e-004 1.557023e-002
366 1.116807e-004 4.272367e-003
367 1.429271e-004 7.222822e-003
368 6.076876e-005 4.930892e-003
369 4.997137e-005 5.050858e-003
370 1.553174e-004 7.712385e-003
371 5.890578e-004 2.243445e-002
372 1.097802e-003 2.766325e-002
373 1.078847e-004 2.024277e-002
374 8.117108e-005 4.952619e-003
375 3.007547e-006 1.183078e-003
376 2.364560e-005 2.536263e-003
377 5.594632e-004 2.186317e-002
378 5.372129e-005 4.579999e-003
379 2.434315e-005 1.524293e-003
380 1.389333e-004 6.295184e-003
381 7.854984e-004 2.430416e-002
382 2.682857e-005 4.824935e-003
383 8.087133e-004 5.049114e-002
384 5.328367e-005 5.711367e-003
385 3.348794e-003 5.992578e-002
386 3.409239e-005 2.408006e-003
387 1.360759e-004 2.923238e-003
388 2.185276e-005 2.667723e-003
389 1.345777e-004 5.206732e-003
390 1.000682e-005 4.179204e-003
391 6.058023e-005 3.347970e-003
392 2.942605e-004 1.197554e-002
393 4.889176e-006 2.108078e-003
394 3.164095e-003 8.199667e-002
395 7.999227e-006 1.323190e-003
396 4.248137e-004 9.809992e-003
397 2.925686e-004 9.879611e-003
398 1.301717e-005 2.121431e-003
399 7.715599e-005 4.237348e-003
400 4.376261e-003 1.421342e-001
401 9.261116e-005 6.527940e-003
402 1.863155e-003 6.890100e-002
403 1.315372e-004 1.164910e-002
404 1.864710e-004 1.170388e-002
405 1.326303e-005 2.635435e-003
406 6.462681e-004 5.666664e-002
407 1.202772e-003 3.440752e-002
408 3.007295e-003 5.478323e-002
409 8.414586e-004 2.161186e-002
410 2.000887e-004 9.575713e-003
411 3.470820e-005 4.713323e-003
412 8.812142e-005 7.317100e-003
413 1.249463e-003 3.268462e-002
414 7.468866e-005 4.166188e-003
415 1.014234e-005 1.547985e-003
416 1.029834e-003 4.148192e-002
417 1.376618e-005 1.397309e-003
418 1.050195e-004 4.388834e-003
419 2.535951e-003 4.363953e-002
420 5.120920e-005 5.509869e-003
421 5.492134e-005 2.589516e-003
422 1.533303e-004 1.609893e-002
423 3.249502e-005 2.576957e-003
424 1.829975e-004 9.184084e-003
425 3.552628e-005 6.675634e-003
426 1.735679e-005 1.745927e-003
427 1.039563e-003 5.045103e-002
428 5.886983e-005 6.304920e-003
429 4.515199e-004 2.946883e-002
430 5.385035e-006 1.252503e-003
431 2.617698e-005 3.763101e-003
432 7.308963e-004 2.517991e-002
433 2.706472e-006 1.136493e-003
434 3.702823e-005 3.156266e-003
435 9.062457e-005 4.143034e-003
436 8.210193e-006 2.083076e-003
437 8.580873e-004 4.028111e-002
438 7.350807e-005 4.472341e-003
439 2.260627e-005 3.487510e-003
440 6.786324e-006 3.786958e-003
441 7.784556e-004 1.541811e-002
442 7.403905e-005 4.206162e-003
443 2.087611e-005 3.311741e-003
444 2.839168e-004 9.527164e-003
445 2.848017e-004 4.096635e-002
446 2.963725e-004 8.150155e-003
447 2.814093e-005 1.743324e-003
448 1.027840e-005 1.938126e-003
449 7.034486e-006 2.040820e-003
450 1.390406e-005 2.808249e-003
451 1.721767e-006 1.110964e-003
452 1.352097e-005 4.085636e-003
453 1.501189e-005 2.384357e-003
454 2.211056e-004 1.704844e-002
455 4.050517e-004 1.036334e-002
456 4.604547e-005 3.831785e-003
457 2.723678e-004 4.381925e-003
458 3.190145e-004 5.949919e-003
459 1.572819e-004 6.862458e-003
460 3.786945e-005 2.700384e-003
461 1.483661e-004 1.912121e-002
462 2.660967e-004 9.423697e-003
463 8.740877e-004 4.372897e-002
464 1.393577e-005 2.824696e-003
465 9.945573e-006 1.449644e-003
466 2.925859e-005 2.122590e-003
467 6.286043e-004 1.533296e-002
468 3.306408e-005 4.929924e-003
469 4.438757e-004 9.067613e-003
470 1.720466e-004 8.055690e-003
471 1.121656e-004 4.676676e-003
472 1.794986e-005 2.076897e-003
473 1.180433e-004 5.664562e-003
474 4.843922e-005 2.408470e-003
475 1.064447e-004 9.744558e-003
476 4.990178e-006 2.090972e-003
477 4.540699e-004 1.159826e-002
478 1.725055e-005 3.454131e-003
479 7.055948e-006 1.664914e-003
480 1.361758e-004 6.869456e-003
481 8.888534e-005 5.489963e-003
482 4.108568e-004 2.441920e-002
483 1.820807e-006 1.083199e-003
484 6.340008e-006 1.610843e-003
485 2.487810e-004 2.699873e-002
486 5.813728e-005 2.975940e-003
487 4.583030e-004 1.418008e-002
488 5.442136e-005 2.388080e-003
489 1.210053e-004 4.752706e-003
490 3.663253e-004 1.614283e-002
491 3.825771e-005 7.248773e-003
492 2.980763e-005 2.116341e-003
493 1.548941e-005 1.522283e-003
494 2.091055e-004 1.022395e-002
495 4.030445e-004 1.794827e-002
496 1.392075e-003 5.940747e-002
497 1.553812e-003 4.693416e-002
498 1.209773e-004 9.661466e-003
499 4.642001e-005 3.343327e-003
500 1.657013e-004 7.204198e-003
501 8.590273e-004 4.572920e-002
502 7.634709e-005 7.931603e-003
503 2.132871e-004 7.538009e-003
504 7.893392e-004 4.158117e-002
505 4.065994e-005 3.145830e-003
506 1.182534e-004 6.643461e-003
507 5.943273e-005 6.188574e-003
508 5.575617e-005 2.348006e-003
509 1.409021e-003 6.887705e-002
510 4.117817e-005 7.515909e-003
511 4.477846e-005 3.374947e-003
512 9.678252e-006 1.558324e-003
513 2.976282e-004 1.254245e-002
514 8.358210e-005 1.482914e-002
515 5.233715e-004 1.749757e-002
516 5.024628e-004 1.099464e-002
517 3.287246e-005 2.885446e-003
518 4.515044e-005 3.103666e-003
519 6.825189e-005 4.792487e-003
520 3.433589e-006 1.411364e-003
521 2.250237e-004 6.112659e-003
522 8.657810e-006 2.653703e-003
523 6.532085e-005 5.211575e-003
524 1.200387e-004 5.190800e-003
525 3.207543e-004 1.051817e-002
526 1.918216e-004 6.943616e-003
527 7.912302e-004 1.473031e-002
528 3.071919e-005 5.497906e-003
529 2.704367e-004 1.017726e-002
530 1.048310e-004 3.695184e-003
531 3.758202e-006 1.535342e-003
532 1.392739e-004 6.170441e-003
533 2.844249e-005 1.850874e-003
534 6.945628e-004 2.067407e-002
535 1.453456e-003 4.943315e-002
536 5.647377e-004 1.946981e-002
537 6.259843e-004 6.826778e-002
538 8.218728e-004 3.545835e-002
539 4.344906e-004 2.666552e-002
540 3.782016e-004 2.097237e-002
541 8.316813e-004 3.762093e-002
542 3.882040e-005 7.468180e-003
543 9.391778e-006 1.519183e-003
544 2.850082e-004 1.060917e-002
545 9.385410e-005 6.008039e-003
546 1.797682e-004 7.793487e-003
547 6.200033e-004 1.409932e-002
548 1.220830e-004 9.269604e-003
549 3.243423e-004 1.295714e-002
550 1.929594e-005 5.138682e-003
551 2.855108e-005 4.392078e-003
552 1.024768e-005 1.764045e-003
553 2.087136e-005 4.351821e-003
554 2.507010e-005 2.757578e-003
555 4.965265e-004 3.286346e-002
556 2.582762e-005 3.864777e-003
557 4.462287e-004 8.393922e-003
558 1.804144e-004 4.338111e-003
559 2.002137e-004 8.882183e-003
560 1.431677e-005 2.721113e-003
561 2.051355e-004 2.450071e-002
562 3.078625e-006 1.323340e-003
563 3.880756e-003 1.445613e-001
564 3.495023e-003 4.876280e-002
565 1.042178e-005 1.822880e-003
566 2.171739e-004 5.651391e-003
567 2.126538e-004 1.157077e-002
568 2.983491e-004 1.029877e-002
569 5.213247e-005 2.899482e-003
570 3.547938e-004 1.269818e-002
571 1.334912e-004 6.378399e-003
572 1.963907e-004 2.168902e-002
573 5.122105e-004 1.250252e-002
574 2.847842e-005 2.264210e-003
575 3.628496e-005 3.024005e-003
576 7.593817e-005 4.290523e-003
577 9.241768e-006 2.495219e-003
578 9.848441e-006 2.962163e-003
579 1.106219e-004 3.919703e-003
580 3.369102e-005 4.750304e-003
581 2.309312e-004 1.368256e-002
582 1.345965e-004 5.840316e-003
583 1.483673e-003 7.992351e-002
584 3.037441e-004 9.764724e-003
585 5.691412e-004 1.750013e-002
586 1.645600e-004 8.353108e-003
587 2.651425e-005 5.696548e-003
588 1.114127e-003 3.031200e-002
589 9.563184e-005 3.414429e-003
590 2.363782e-004 6.367014e-003
591 2.614968e-004 1.131286e-002
592 2.027068e-003 4.487463e-002
593 8.225744e-005 4.780866e-003
594 9.861695e-004 2.206768e-002
595 1.135213e-005 3.565528e-003
596 4.632192e-006 1.193738e-003
597 1.340042e-005 1.362808e-003
598 2.632096e-004 7.711428e-003
599 1.471821e-004 5.438560e-003
600 1.445281e-005 2.456769e-003
601 3.383997e-005 2.499985e-003
602 5.322614e-005 2.539348e-003
603 1.664985e-004 9.011878e-003
604 1.053670e-005 1.816385e-003
605 1.346920e-004 6.272500e-003
606 2.533993e-004 7.234209e-003
607 1.604817e-005 3.813586e-003
608 5.201883e-005 2.515501e-003
609 1.393822e-004 6.238400e-003
610 1.437042e-004 5.323084e-003
611 8.426997e-006 2.193698e-003
612 6.608021e-004 1.666398e-002
613 4.698133e-005 3.697275e-003
614 7.299790e-005 3.242670e-003
615 3.293244e-005 4.268288e-003
616 6.071585e-005 3.122837e-003
617 1.149547e-004 9.290534e-003
618 1.027844e-004 5.671724e-003
619 5.244756e-005 2.409275e-003
620 2.440158e-005 2.939507e-003
621 1.047996e-005 1.945723e-003
622 1.068542e-004 5.259420e-003
623 6.241458e-005 3.298548e-003
624 1.796506e-005 1.906817e-003
625 1.073550e-004 5.447316e-003
626 5.637451e-005 2.963260e-003
627 3.473713e-005 2.600134e-003
628 1.523918e-004 3.248459e-003
629 1.879901e-005 1.190674e-003
630 6.721941e-005 2.201038e-003
631 8.200267e-005 3.059974e-003
632 2.682975e-006 1.060310e-003
633 6.175380e-004 1.948811e-002
634 5.979014e-005 3.175311e-003
635 4.070481e-005 7.187368e-003
636 1.961598e-004 1.271821e-002
637 1.401827e-004 7.882625e-003
638 7.311363e-006 1.880671e-003
639 3.540381e-006 1.447791e-003
640 8.091411e-006 2.185342e-003
641 5.547025e-006 1.379458e-003
642 6.828702e-005 3.863109e-003
643 4.653117e-004 4.491444e-002
644 4.634428e-004 1.417531e-002
645 1.896574e-004 8.970973e-003
646 2.851224e-004 4.701211e-003
647 6.706293e-005 1.777756e-003
648 1.364780e-004 6.213935e-003
649 1.476195e-003 2.700786e-002
650 3.103017e-005 2.119450e-003
651 4.112186e-005 7.012458e-003
652 2.999923e-004 1.462457e-002
653 2.071007e-005 4.240765e-003
654 3.363924e-005 2.215477e-003
655 5.249715e-005 4.778685e-003
656 4.322264e-005 1.821854e-003
657 5.700800e-005 3.358902e-003
658 3.022563e-004 4.838675e-003
659 5.323572e-005 4.497694e-003
660 4.530459e-004 1.207841e-002
661 4.835224e-005 3.626718e-003
662 9.829843e-005 1.936078e-002
663 1.196731e-003 4.462680e-002
664 2.342484e-004 1.172962e-002
665 3.460454e-005 6.866812e-003
666 8.270097e-005 6.201365e-003
667 1.495143e-005 1.320894e-003
668 1.739885e-004 7.703631e-003
669 1.048173e-003 2.098058e-002
670 5.858282e-005 6.035945e-003
671 3.757394e-004 7.218368e-003
672 2.907363e-004 1.300723e-002
673 5.753798e-005 5.638925e-003
674 9.945853e-006 1.501660e-003
675 8.138400e-004 2.003896e-002
676 6.915930e-006 1.951624e-003
677 1.844341e-006 1.312088e-003
678 3.559336e-005 2.901913e-003
679 1.736233e-003 2.488709e-002
680 3.531979e-004 7.624954e-003
681 8.450879e-005 6.223140e-003
682 6.957063e-005 4.397905e-003
683 2.732329e-004 1.461384e-002
684 2.340326e-004 6.954423e-003
685 8.406630e-006 2.075189e-003
686 1.788256e-004 8.953789e-003
687 1.243961e-003 6.652744e-002
688 2.757684e-004 9.103954e-003
689 1.661439e-004 6.249709e-003
690 1.080350e-005 1.688539e-003
691 2.349097e-004 1.191527e-002
692 2.822404e-005 1.802925e-003
693 1.410276e-004 6.859534e-003
694 2.299345e-004 1.093320e-002
695 2.572614e-004 1.329670e-002
696 2.158401e-003 5.615569e-002
697 9.844955e-005 5.353147e-003
698 2.341445e-003 5.316272e-002
699 5.338121e-006 1.380025e-003
700 3.094906e-004 2.805346e-002
701 9.895592e-005 3.875946e-003
702 2.763796e-006 1.153325e-003
703 1.450967e-005 2.756353e-003
704 4.882187e-006 1.191060e-003
705 1.693520e-004 6.834800e-003
706 8.489922e-006 1.264105e-003
707 2.561160e-004 6.139201e-003
708 1.213642e-005 4.688076e-003
709 8.753042e-006 2.419833e-003
710 8.455229e-005 2.777936e-003
711 3.132759e-006 1.143667e-003
712 4.465461e-005 3.201773e-003
713 5.430098e-005 2.812107e-003
714 3.196199e-006 2.339387e-003
715 7.800666e-005 5.768492e-003
716 5.411634e-005 4.786293e-003
717 3.040557e-005 2.505466e-003
718 8.950353e-006 2.495344e-003
719 5.637242e-004 4.087995e-002
720 2.246136e-006 1.128635e-003
721 6.132824e-006 1.269054e-003
722 8.214899e-006 2.572956e-003
723 2.352695e-004 7.503225e-003
724 2.945960e-005 1.942678e-003
725 3.711881e-006 1.296335e-003
726 1.213323e-004 8.202232e-003
727 2.860491e-005 3.579446e-003
728 2.845969e-005 3.098108e-003
729 5.937833e-005 5.913100e-003
730 5.350896e-006 1.454966e-003
731 8.907380e-004 2.402261e-002
732 3.432947e-006 1.308797e-003
733 3.048945e-007 9.047804e-004
734 7.663758e-006 2.420865e-003
735 3.695634e-005 2.815351e-003
736 8.087277e-006 5.033011e-003
737 2.110853e-006 1.309182e-003
738 1.842221e-004 1.212059e-002
739 3.561621e-005 2.226773e-003
740 4.030174e-005 5.462747e-003
741 4.851915e-005 5.146205e-003
742 4.994186e-005 4.361343e-003
743 1.575117e-003 2.759790e-002
744 2.147197e-005 2.303836e-003
745 1.233160e-005 1.930746e-003
746 1.287816e-004 3.174450e-003
747 3.138008e-005 4.346186e-003
748 3.301901e-004 9.774148e-003
749 1.040020e-003 2.439775e-002
750 1.251829e-005 2.191732e-003
751 5.763809e-005 6.004745e-003
752 1.021560e-005 1.596344e-003
753 3.088095e-005 2.154720e-003
754 7.251189e-004 2.164739e-002
755 3.940286e-005 3.455751e-003
756 2.317544e-004 3.556274e-003
757 8.029926e-006 1.226391e-003
758 8.327236e-005 6.146671e-003
759 3.411668e-005 1.429642e-003
760 1.409382e-005 1.592522e-003
761 2.470537e-005 3.716687e-003
762 1.170285e-004 3.671194e-003
763 1.142411e-005 1.747870e-003
764 1.478868e-004 6.944648e-003
765 2.741316e-005 9.695006e-003
766 2.273138e-005 3.061744e-003
767 4.012007e-005 4.184728e-003
768 6.680082e-005 3.607904e-003
769 4.422815e-005 4.430738e-003
770 1.430797e-004 8.075509e-003
771 3.024551e-005 2.081341e-003
772 6.036296e-006 1.371961e-003
773 1.736407e-004 7.740320e-003
774 1.312683e-005 1.294209e-003
775 5.069905e-005 4.286536e-003
776 1.798139e-004 5.574163e-003
777 3.229891e-005 2.250880e-003
778 2.752057e-004 1.176611e-002
779 3.833145e-004 1.374143e-002
780 4.231124e-005 7.211876e-003
781 1.135916e-004 4.208880e-003
782 1.557979e-005 1.567180e-003
783 2.069383e-005 3.540341e-003
784 3.486695e-005 5.074092e-003
785 5.020450e-005 2.418131e-003
786 1.253284e-004 1.168499e-002
787 1.180803e-004 4.703440e-003
788 9.677310e-005 3.199970e-003
789 2.951214e-006 1.141688e-003
790 1.654680e-004 7.300192e-003
791 3.667578e-005 3.516604e-003
792 3.378637e-005 2.680482e-003
793 6.891426e-005 3.588922e-003
794 3.461018e-005 2.308463e-003
795 3.562597e-003 9.546772e-002
796 1.685019e-005 2.785994e-003
797 1.284677e-003 2.054002e-002
798 4.523689e-004 1.187926e-002
799 1.368141e-005 2.657580e-003
800 5.873146e-005 2.847437e-003
801 4.460656e-005 1.797376e-003
802 1.434324e-004 2.092217e-002
803 2.509616e-004 1.120363e-002
804 4.103212e-005 3.696518e-003
805 2.348477e-005 2.718095e-003
806 2.758425e-004 9.613309e-003
807 6.124123e-004 2.720872e-002
808 2.045810e-005 1.704842e-003
809 6.701990e-004 1.218995e-002
810 3.088696e-005 3.540777e-003
811 1.116358e-004 4.191191e-003
812 3.447650e-005 4.975298e-003
813 3.471693e-005 4.783992e-003
814 2.613095e-005 6.748249e-003
815 2.434467e-004 5.585428e-003
816 1.284643e-004 5.668477e-003
817 1.038056e-003 2.578097e-002
818 2.991451e-005 2.081525e-003
819 5.168559e-004 2.078959e-002
820 1.992807e-004 6.308849e-003
821 2.439632e-004 1.396639e-002
822 5.108277e-006 3.328485e-003
823 1.159714e-004 4.543549e-003
824 3.274292e-004 8.067544e-003
825 2.574950e-004 7.824273e-003
826 2.134219e-005 3.193066e-003
827 3.008396e-006 3.010247e-003
828 1.997707e-004 7.939863e-003
829 1.905155e-005 4.821013e-003
830 2.339578e-004 3.209921e-002
831 5.975887e-005 2.923673e-003
832 4.518445e-005 1.757762e-003
833 1.755544e-004 9.637821e-003
834 1.830041e-004 1.074251e-002
835 1.153872e-005 1.856831e-003
836 1.374224e-006 9.360107e-004
837 1.248834e-004 9.806882e-003
838 1.284627e-005 1.958142e-003
839 1.682153e-004 9.653133e-003
840 3.664393e-004 1.543209e-002
841 1.337572e-004 5.612174e-003
842 1.220581e-003 5.872674e-002
843 1.396535e-004 5.435928e-003
844 3.864693e-004 1.720282e-002
845 3.270482e-004 1.379710e-002
846 6.928397e-005 4.041176e-003
847 2.135513e-005 4.723136e-003
848 3.087157e-004 3.281416e-002
849 2.665099e-005 4.320534e-003
850 7.015331e-004 5.551316e-002
851 8.449623e-005 5.040080e-003
852 1.008402e-003 3.007719e-002
853 4.948836e-004 2.558323e-002
854 4.576371e-004 2.707400e-002
855 9.057232e-004 4.239893e-002
856 9.416085e-005 7.419153e-003
857 4.139871e-004 2.097762e-002
858 5.489768e-005 1.102054e-002
859 2.352820e-005 3.285982e-003
860 2.885052e-004 1.023149e-002
861 3.437905e-006 1.541805e-003
862 2.242436e-004 1.212049e-002
863 4.344148e-005 4.049808e-003
864 2.326836e-005 5.519288e-003
865 3.897245e-004 1.544658e-002
866 9.118821e-004 2.375598e-002
867 5.701861e-004 2.877386e-002
868 4.127993e-005 3.360734e-003
869 2.640310e-004 2.642162e-002
870 4.638941e-004 3.050241e-002
871 2.321515e-004 1.353545e-002
872 1.180561e-003 7.679244e-002
873 7.327977e-004 2.625503e-002
874 2.436967e-004 7.043510e-003
875 2.392902e-005 2.482624e-003
876 5.520692e-007 1.051036e-003
877 9.987540e-005 7.352367e-003
878 2.582957e-003 4.533669e-002
879 1.505071e-004 8.605095e-003
880 5.371202e-005 5.907963e-003
881 1.134870e-005 1.883952e-003
882 5.742063e-004 1.753947e-002
883 6.053455e-004 1.473063e-002
884 2.651502e-004 1.865808e-002
885 4.373321e-004 2.067454e-002
886 4.096495e-005 5.562946e-003
887 5.290336e-004 6.824807e-003
888 1.515406e-004 6.669142e-003
889 4.731701e-004 1.024291e-002
890 3.276016e-004 1.234347e-002
891 1.950655e-003 5.498466e-002
892 1.486457e-005 2.487184e-003
893 2.371499e-004 2.115255e-002
894 5.822946e-005 4.319617e-003
895 7.170302e-005 9.097359e-003
896 5.434387e-004 4.148475e-002
897 2.310376e-004 1.466395e-002
898 4.462453e-005 3.608912e-003
899 1.456483e-004 1.107748e-002
900 1.407400e-004 7.144119e-003
901 3.214446e-004 1.240715e-002
902 1.003501e-005 1.769432e-003
903 3.069551e-004 6.446189e-003
904 2.008164e-004 1.876406e-002
905 7.203537e-005 4.362866e-003
906 3.502171e-005 6.406138e-003
907 9.541064e-006 1.552049e-003
908 2.753061e-005 8.390233e-003
909 1.950581e-004 6.167685e-003
910 1.571799e-004 3.974626e-003
911 8.167723e-005 1.006333e-002
912 6.390607e-005 8.338381e-003
913 2.378621e-005 2.632978e-003
914 1.370581e-005 6.905848e-003
915 1.147642e-004 7.699201e-003
916 3.119520e-005 2.500064e-003
917 4.949687e-006 2.244324e-003
918 4.833940e-006 2.339906e-003
919 5.434579e-004 3.047039e-002
920 3.948033e-005 6.098605e-003
921 3.282487e-005 1.869714e-003
922 3.166677e-004 8.085644e-003
923 1.306307e-005 4.869772e-003
924 1.185551e-003 3.042307e-002
925 6.828688e-004 1.443529e-002
926 4.032507e-004 9.660680e-003
927 1.057264e-003 3.385314e-002
928 4.022975e-004 2.859765e-002
929 3.563209e-004 1.286609e-002
930 4.382567e-004 2.054800e-002
931 1.025512e-004 7.964018e-003
932 3.230260e-004 9.763638e-003
933 1.950086e-005 2.466123e-003
934 1.217481e-005 4.113233e-003
935 2.158098e-005 2.811139e-003
936 4.673037e-004 8.426295e-003
937 2.356323e-005 5.243319e-003
938 1.079387e-005 1.695222e-003
939 3.247551e-005 4.381664e-003
940 1.335552e-003 3.148981e-002
941 1.906257e-005 1.843703e-003
942 6.353554e-004 1.146628e-002
943 9.508127e-005 1.396100e-002
944 2.561243e-006 1.909136e-003
945 8.514681e-005 4.063524e-003
946 1.119286e-005 1.939907e-003
947 9.791061e-005 1.295735e-002
948 2.289307e-006 1.456852e-003
949 3.302871e-004 9.839267e-003
950 6.973660e-004 2.280282e-002
951 4.772291e-004 1.665333e-002
952 3.214550e-004 1.300092e-002
953 4.624546e-006 2.307913e-003
954 1.560319e-004 1.767523e-002
955 2.355112e-005 2.656416e-003
956 4.959961e-005 2.604033e-003
957 1.763025e-004 7.672096e-003
958 1.463727e-004 4.795546e-003
959 2.878900e-004 8.459699e-003
960 4.445005e-006 2.298172e-003
961 9.788715e-005 6.607545e-003
962 1.280343e-004 9.410033e-003
963 2.027340e-005 2.741366e-003
964 5.799722e-006 1.393170e-003
965 2.825971e-005 3.602818e-003
966 9.007902e-006 2.875611e-003
967 2.743043e-005 3.624748e-003
968 4.928507e-005 2.701913e-003
969 1.091927e-004 4.973387e-003
970 4.417840e-005 4.393745e-003
971 1.301722e-005 4.905031e-003
972 1.214201e-004 9.691781e-003
973 5.376637e-005 2.214124e-003
974 3.532288e-005 2.218844e-003
975 3.368948e-004 6.999647e-003
976 8.977795e-005 6.463074e-003
977 1.542559e-005 3.047690e-003
978 1.209346e-004 5.761819e-003
979 1.681760e-005 1.683622e-003
980 1.342535e-004 5.620393e-003
981 1.357005e-004 6.520184e-003
982 7.471426e-006 1.149911e-003
983 3.615726e-005 2.547668e-003
984 1.303672e-004 8.597234e-003
985 4.724476e-004 3.086739e-002
986 1.721700e-003 2.615636e-002
987 5.071586e-005 4.985223e-003
988 1.698499e-005 1.785815e-003
989 7.201613e-005 4.960652e-003
990 1.790726e-005 1.694017e-003
991 1.382037e-003 3.242830e-002
992 2.395582e-005 3.124050e-003
993 6.256273e-005 7.450339e-003
994 3.684576e-006 1.307258e-003
995 1.183312e-004 1.101598e-002
996 8.354455e-004 2.596434e-002
997 3.379379e-005 4.572022e-003
998 7.147529e-006 2.311443e-003
999 1.100563e-004 7.291948e-003
1000 3.684576e-006 1.307258e-003
1001 3.635298e-005 7.290580e-003
1002 7.079923e-004 2.980091e-002
1003 1.377881e-004 5.046019e-003
1004 5.211470e-004 1.201925e-002
1005 5.029310e-006 1.189610e-003
1006 1.474224e-003 1.923081e-002
1007 1.425840e-005 2.303168e-003
1008 2.860425e-005 3.703965e-003
1009 9.500724e-006 1.547609e-003
1010 6.882200e-005 4.755410e-003
1011 1.482790e-004 1.355147e-002
1012 1.100637e-003 6.334718e-002
1013 9.601269e-005 6.837744e-003
1014 2.505736e-005 3.714606e-003
1015 6.835037e-004 1.401654e-002
1016 7.355547e-005 3.026189e-003
1017 1.996625e-004 2.846238e-003
1018 7.118970e-004 3.119082e-002
1019 6.215314e-006 1.713231e-003
1020 7.187307e-005 9.566008e-003
1021 1.749765e-004 7.167126e-003
1022 8.981386e-006 1.303940e-003
1023 1.026712e-004 8.810943e-003
1024 9.536512e-005 3.087225e-003
1025 5.856396e-006 1.407893e-003
1026 1.156065e-005 1.789365e-003
1027 2.690217e-005 5.932863e-003
1028 8.008462e-004 6.058650e-002
1029 3.151221e-005 2.742894e-003
1030 7.937739e-006 2.321736e-003
1031 8.509934e-005 5.140861e-003
1032 1.899261e-003 3.861698e-002
1033 4.999185e-006 1.280158e-003
1034 1.422121e-004 8.280833e-003
1035 1.207330e-004 4.371945e-003
1036 4.206360e-004 1.145158e-002
1037 5.930337e-006 2.894270e-003
1038 1.325940e-005 2.189870e-003
1039 3.784346e-005 3.630154e-003
1040 2.403442e-005 2.522211e-003
1041 3.580306e-004 1.861562e-002
1042 3.640367e-005 2.659416e-003
1043 2.763796e-006 1.153325e-003
1044 3.075019e-005 2.228028e-003
1045 1.235097e-005 2.007380e-003
1046 1.248554e-006 1.260153e-003
1047 2.847272e-006 1.132248e-003
1048 3.973088e-005 3.827243e-003
1049 1.669144e-006 1.089618e-003
1050 4.050577e-003 4.980298e-002
1051 2.240410e-004 2.143016e-002
1052 9.583165e-006 1.612815e-003
1053 4.786069e-005 4.353381e-003
1054 9.850445e-006 1.499149e-003
1055 1.669144e-006 1.089618e-003
1056 4.017997e-005 3.723973e-003
1057 1.179388e-004 4.644978e-003
1058 5.441456e-006 1.209485e-003
1059 2.625898e-004 7.926249e-003
1060 7.030628e-006 1.090563e-003
1061 1.192768e-005 1.206962e-003
1062 1.669144e-006 1.089618e-003
1063 1.471748e-004 1.738550e-002
1064 1.749593e-004 7.986104e-003
1065 2.520613e-006 1.711621e-003
1066 4.577912e-006 9.948052e-004
1067 1.812790e-004 5.417953e-003
1068 8.489922e-006 1.264105e-003
1069 1.675929e-005 1.572853e-003
1070 1.669144e-006 1.089618e-003
1071 8.489922e-006 1.264105e-003
1072 2.719933e-005 1.820934e-003
1073 6.897108e-006 1.105360e-003
1074 6.538501e-006 1.655787e-003
1075 3.505044e-005 2.845749e-003
1076 2.041304e-005 2.347352e-003
1077 4.027559e-005 3.202031e-003
1078 7.914515e-005 4.384916e-003
1079 4.701181e-005 2.040244e-003
1080 5.229415e-004 1.124954e-002
1081 3.315946e-004 1.104744e-002
1082 1.865175e-005 2.277475e-003
1083 2.131502e-005 1.948379e-003
1084 2.813563e-006 1.094595e-003
1085 1.268554e-005 1.211354e-003
1086 2.899859e-005 2.086571e-003
1087 3.522012e-006 1.225294e-003
1088 1.783962e-005 1.862453e-003
1089 2.987250e-006 1.169218e-003
1090 2.628143e-006 1.091962e-003
1091 4.801094e-006 1.210748e-003
1092 1.319396e-005 1.276590e-003
1093 2.090026e-004 7.134283e-003
1094 8.452285e-005 4.998257e-003
1095 1.111072e-005 1.839433e-003
1096 1.564135e-004 7.152961e-003
1097 4.636412e-004 2.039490e-002
1098 3.471335e-005 6.806435e-003
1099 1.507114e-005 2.811497e-003
1100 4.371380e-006 1.052840e-003
1101 1.185914e-004 1.108939e-002
1102 1.020316e-004 7.769717e-003
1103 2.116445e-005 2.741646e-003
1104 2.063684e-004 1.308981e-002
1105 4.647449e-006 1.913421e-003
1106 3.914981e-004 9.572028e-003
1107 7.434441e-006 2.052819e-003
1108 1.138818e-004 4.897317e-003
1109 4.373085e-006 1.722414e-003
1110 1.885185e-004 5.608164e-003
1111 1.042851e-005 1.663309e-003
1112 2.548078e-006 1.693060e-003
1113 1.198272e-004 8.831105e-003
1114 1.229919e-004 4.372201e-003
1115 3.602216e-004 8.273919e-003
1116 7.058522e-006 1.901548e-003
1117 2.816450e-004 9.924745e-003
1118 2.992091e-005 3.704196e-003
1119 3.351922e-004 1.491379e-002
1120 2.805246e-004 9.718168e-003
1121 3.439352e-005 2.911788e-003
1122 1.193196e-004 8.613788e-003
1123 2.593450e-005 2.488709e-003
1124 1.769021e-004 1.025407e-002
1125 1.609424e-005 2.878172e-003
1126 2.022002e-005 5.723630e-003
1127 1.260481e-005 3.956952e-003
1128 4.308843e-004 2.382664e-002
1129 5.172861e-005 2.678233e-003
1130 9.100350e-005 8.189955e-003
1131 9.887515e-004 1.228831e-002
1132 1.014646e-005 3.505308e-003
1133 2.525550e-005 1.593418e-003
1134 3.063201e-005 4.811377e-003
1135 1.090239e-004 4.074697e-003
1136 2.044149e-004 5.925603e-003
1137 1.662730e-004 1.142964e-002
1138 3.842262e-006 1.814668e-003
1139 4.244426e-005 2.711244e-003
1140 4.353618e-006 2.063612e-003
1141 2.852075e-005 3.378156e-003
1142 9.834328e-005 6.226603e-003
1143 4.666191e-004 3.385827e-002
1144 7.626739e-005 4.499142e-003
1145 6.087743e-004 9.862713e-003
1146 1.041925e-003 3.412645e-002
1147 3.467672e-004 1.566306e-002
1148 5.180483e-006 2.269069e-003
1149 6.663325e-004 1.185310e-002
1150 2.016349e-005 1.960319e-003
1151 1.280658e-004 6.491714e-003
1152 1.660486e-004 1.195900e-002
1153 3.926356e-005 4.491598e-003
1154 6.280125e-006 1.723949e-003
1155 5.555609e-004 1.069308e-002
1156 1.555035e-005 1.576272e-003
1157 2.376310e-004 7.849925e-003
1158 2.212197e-005 3.149415e-003
1159 5.989627e-006 1.454194e-003
1160 7.364497e-006 2.253187e-003
1161 1.651652e-004 8.509732e-003
1162 6.911819e-004 2.653735e-002
1163 2.167866e-005 2.043375e-003
1164 3.624886e-004 2.632659e-002
1165 1.020056e-003 3.877705e-002
1166 9.658568e-005 2.932149e-003
1167 2.062376e-003 2.247141e-002
1168 1.274876e-004 6.226977e-003
1169 8.396688e-005 6.093254e-003
1170 2.891072e-005 4.710035e-003
1171 1.469309e-004 6.928446e-003
1172 9.860316e-004 2.276929e-002
1173 9.439094e-007 1.074786e-003
1174 5.657972e-004 1.596809e-002
1175 6.577339e-005 4.034341e-003
1176 9.183986e-006 1.499271e-003
1177 3.900141e-004 1.514371e-002
1178 6.059495e-004 3.547666e-002
1179 8.152144e-005 6.382499e-003
1180 1.145817e-004 4.430423e-003
1181 3.087095e-006 1.228214e-003
1182 5.141799e-005 6.187569e-003
1183 2.197986e-004 6.758563e-003
1184 9.484985e-005 7.849000e-003
1185 1.279716e-004 7.746396e-003
1186 1.123578e-004 9.790557e-003
1187 2.590995e-005 1.849093e-003
1188 1.008135e-005 1.678804e-003
1189 1.814214e-005 1.742861e-003
1190 1.099369e-005 1.913818e-003
1191 7.493707e-006 2.002252e-003
1192 2.296844e-003 4.474766e-002
1193 1.286403e-005 2.898706e-003
1194 4.045752e-004 8.641483e-003
1195 2.648479e-004 9.503180e-003
1196 4.244129e-005 4.141518e-003
1197 1.266253e-005 2.566807e-003
1198 1.380860e-005 1.252673e-003
1199 2.085745e-004 1.170477e-002
1200 3.580498e-004 1.292097e-002
1201 1.597779e-006 1.092287e-003
1202 7.876529e-005 4.238252e-003
1203 2.109135e-004 1.441132e-002
1204 4.213117e-005 2.988160e-003
1205 2.729889e-006 1.901915e-003
1206 9.238603e-004 2.144696e-002
1207 2.712323e-005 2.668162e-003
1208 3.635934e-005 2.769603e-003
1209 6.961916e-004 1.587354e-002
1210 7.807228e-005 3.524063e-003
1211 1.677349e-004 7.523958e-003
1212 3.610083e-005 2.220165e-003
1213 5.654731e-005 3.117632e-003
1214 1.569566e-005 1.422360e-003
1215 8.118604e-006 1.950170e-003
1216 5.013539e-006 2.031228e-003
1217 2.506201e-004 1.920123e-002
1218 2.570431e-005 2.889996e-003
1219 2.191438e-005 2.348289e-003
1220 1.311152e-004 1.310547e-002
1221 3.167156e-004 1.058781e-002
1222 2.255553e-004 1.612250e-002
1223 1.329281e-004 1.124551e-002
1224 4.048135e-005 6.823850e-003
1225 1.743648e-005 1.603887e-003
1226 8.832976e-006 1.279827e-003
1227 3.521429e-005 3.129517e-003
1228 6.956684e-005 4.482383e-003
1229 9.556544e-005 5.989917e-003
1230 7.533158e-005 4.157026e-003
1231 6.144372e-004 1.844999e-002
1232 4.192119e-005 4.601912e-003
1233 6.161167e-005 5.379842e-003
1234 1.516894e-005 7.217782e-003
1235 8.364788e-004 2.534808e-002
1236 1.018144e-004 3.513924e-003
1237 3.932515e-003 5.669934e-002
1238 1.107224e-004 7.883660e-003
1239 2.754778e-005 4.293070e-003
1240 4.990987e-005 2.178188e-003
1241 1.144731e-005 1.802463e-003
1242 1.024016e-003 5.412519e-002
1243 1.931435e-004 9.409999e-003
1244 7.407648e-006 2.568187e-003
1245 4.044442e-005 3.484157e-003
1246 6.139997e-006 1.839246e-003
1247 7.397492e-006 2.992708e-003
1248 1.480001e-004 1.609285e-002
1249 2.029676e-004 6.978028e-003
1250 2.784626e-005 5.366537e-003
1251 1.137278e-004 4.142909e-003
1252 2.401970e-005 3.080527e-003
1253 2.109531e-003 3.963303e-002
1254 7.487949e-005 3.933381e-003
1255 7.870671e-005 5.187871e-003
1256 2.557889e-005 1.415284e-003
1257 6.668564e-004 2.506167e-002
1258 1.882481e-005 3.537915e-003
1259 2.436122e-004 9.483417e-003
1260 1.000644e-003 3.720270e-002
1261 5.243153e-005 2.717456e-003
1262 1.311744e-004 5.535188e-003
1263 5.477011e-004 2.165955e-002
1264 3.177315e-004 1.280805e-002
1265 9.320269e-005 6.414665e-003
1266 2.567518e-004 2.170887e-002
1267 1.653913e-004 9.254751e-003
1268 6.087741e-005 7.935858e-003
1269 6.249874e-005 6.602488e-003
1270 1.062621e-003 1.164056e-002
1271 3.995956e-004 8.887710e-003
1272 2.881663e-006 1.200233e-003
1273 1.620865e-004 8.937873e-003
1274 1.924415e-004 1.247758e-002
1275 1.946789e-004 8.842005e-003
1276 4.124894e-004 9.909571e-003
1277 4.899608e-004 9.553102e-003
1278 3.740559e-004 1.548946e-002
1279 1.146530e-005 1.819284e-003
1280 1.322252e-003 3.143911e-002
1281 5.536406e-005 2.675182e-003
1282 6.324055e-005 3.636508e-003
1283 9.043929e-005 1.368618e-002
1284 2.593860e-005 1.632706e-003
1285 2.391433e-004 7.380011e-003
1286 1.533907e-005 2.787090e-003
1287 8.847054e-005 5.100736e-003
1288 1.306941e-004 3.464856e-003
1289 3.261109e-005 5.358487e-003
1290 7.316824e-005 1.985865e-002
1291 9.171211e-005 3.212412e-003
1292 2.823113e-003 7.113315e-002
1293 1.238026e-005 2.880226e-003
1294 6.497314e-005 3.487827e-003
1295 2.429690e-005 2.449916e-003
1296 1.461175e-004 7.967460e-003
1297 4.186771e-004 1.914742e-002
1298 6.826112e-005 8.215283e-003
1299 2.666824e-005 1.793435e-003
1300 4.428168e-005 1.625285e-003
1301 2.272750e-005 2.679445e-003
1302 3.490225e-004 1.045589e-002
1303 3.610515e-005 5.536337e-003
1304 7.085442e-005 4.018947e-003
1305 1.100101e-004 1.098415e-002
1306 4.213977e-005 1.652678e-003
1307 2.417364e-005 2.928945e-003
1308 7.850197e-006 2.098106e-003
1309 2.047020e-004 1.970908e-002
1310 3.558122e-006 1.318544e-003
1311 1.880383e-003 3.588338e-002
1312 1.157281e-003 3.434429e-002
1313 1.473735e-005 1.432959e-003
1314 4.106103e-005 3.721246e-003
1315 6.989567e-006 2.082998e-003
1316 1.487918e-005 1.447260e-003
1317 5.424308e-006 1.207980e-003
1318 1.763058e-004 2.364522e-002
1319 1.109487e-003 2.638504e-002
1320 2.657350e-005 2.990542e-003
1321 1.630193e-004 7.697978e-003
1322 9.806089e-007 1.098792e-003
1323 1.487918e-005 1.447260e-003
1324 2.044848e-004 5.337159e-003
1325 1.067459e-004 7.349234e-003
1326 2.754991e-005 3.508456e-003
1327 2.131991e-004 8.730995e-003
1328 1.562675e-005 1.792785e-003
1329 3.352374e-005 4.706763e-003
1330 4.958907e-005 4.833571e-003
1331 1.753283e-005 1.670858e-003
1332 5.590050e-006 1.236612e-003
1333 7.381372e-005 2.057573e-003
1334 1.428542e-004 3.145886e-003
1335 1.035478e-004 6.799488e-003
1336 1.461509e-005 2.657484e-003
1337 2.391247e-005 2.490958e-003
1338 3.708124e-005 2.305744e-003
1339 1.219672e-004 5.387020e-003
1340 4.486456e-005 3.505961e-003
1341 5.697003e-004 1.412240e-002
1342 1.487918e-005 1.447260e-003
1343 1.461099e-005 1.470982e-003
1344 2.388605e-005 2.774869e-003
1345 7.916932e-005 1.091002e-002
1346 6.386384e-005 2.881039e-003
1347 5.604600e-006 1.201439e-003
1348 3.321675e-005 5.789061e-003
1349 9.589918e-004 5.877313e-002
1350 2.914999e-005 3.281900e-003
1351 6.397231e-005 3.352039e-003
1352 1.145280e-004 4.701765e-003
1353 1.319801e-004 5.350963e-003
1354 3.018213e-005 3.722969e-003
1355 4.733913e-005 3.829407e-003
1356 9.260470e-005 8.039592e-003
1357 3.995110e-005 4.187955e-003
1358 3.304174e-005 2.620763e-003
1359 1.620435e-005 1.617954e-003
1360 3.524266e-005 2.720712e-003
1361 2.648809e-005 3.838246e-003
1362 5.991965e-005 3.129079e-003
1363 6.558562e-005 3.769394e-003
1364 3.394070e-004 7.365089e-003
1365 1.848573e-005 3.743025e-003
1366 3.661564e-005 3.314362e-003
1367 1.339829e-005 1.316194e-003
1368 3.792211e-004 1.730083e-002
1369 1.842719e-006 2.418906e-003
1370 1.525989e-005 1.446102e-003
1371 2.568956e-004 7.831208e-003
1372 3.765930e-005 3.408572e-003
1373 2.754911e-005 1.886912e-003
1374 2.136767e-005 2.445031e-003
1375 4.458971e-005 3.621919e-003
1376 5.194037e-003 1.259911e-001
1377 8.690179e-005 5.336672e-003
1378 4.801094e-006 1.210748e-003
1379 1.418813e-005 1.338237e-003
1380 9.460958e-004 3.171485e-002
1381 1.461509e-005 2.657484e-003
1382 2.977475e-006 1.091250e-003
1383 2.617058e-004 9.496834e-003
1384 2.843436e-005 3.632171e-003
1385 2.843436e-005 3.632171e-003
1386 4.693534e-005 3.768322e-003
1387 4.736276e-005 3.809228e-003
1388 2.796228e-005 1.882928e-003
1389 1.270910e-005 2.092667e-003
1390 1.589891e-005 1.296126e-003
1391 4.771873e-005 4.177297e-003
1392 1.387544e-005 1.313159e-003
1393 6.542532e-005 5.967863e-003
1394 3.114955e-005 4.714026e-003
1395 5.549257e-004 9.360546e-003
1396 1.689455e-004 1.320400e-002
1397 1.319192e-005 2.424744e-003
1398 8.247901e-005 1.113649e-002
1399 3.038554e-004 1.143370e-002
1400 2.775538e-005 3.683042e-003
1401 9.614790e-004 2.183501e-002
1402 7.722332e-005 1.875272e-003
1403 1.654741e-005 3.550790e-003
1404 2.231606e-005 1.527230e-003
1405 2.608695e-005 3.512884e-003
1406 5.849669e-005 6.852302e-003
1407 2.660882e-005 1.794526e-003
1408 2.087810e-003 4.865316e-002
1409 7.211403e-004 2.909340e-002
1410 1.152613e-004 5.629925e-003
1411 5.517430e-005 2.264712e-003
1412 6.867653e-005 3.180559e-003
1413 4.672590e-006 1.100921e-003
1414 1.715089e-005 1.858199e-003
1415 4.229460e-005 1.874878e-003
1416 2.155476e-005 2.546070e-003
1417 1.406167e-005 1.427217e-003
1418 2.606378e-005 3.515656e-003
1419 2.839047e-005 2.652948e-003
1420 1.164770e-004 4.778879e-003
1421 4.737958e-005 3.773435e-003
1422 1.166843e-004 4.774164e-003
1423 3.383997e-005 2.499985e-003
1424 3.135443e-005 2.089834e-003
1425 3.135443e-005 2.089834e-003
1426 3.135443e-005 2.089834e-003
1427 3.135443e-005 2.089834e-003
1428 4.064418e-005 3.222556e-003
1429 6.819861e-005 4.144174e-003
1430 6.862592e-004 1.166253e-002
1431 1.051278e-004 1.711916e-002
1432 1.987400e-004 1.291898e-002
1433 6.839582e-005 4.299450e-003
1434 4.839888e-005 1.932102e-003
1435 4.150131e-005 1.471719e-003
1436 3.381855e-005 2.933305e-003
1437 1.785041e-005 1.686329e-003
1438 9.486621e-005 2.790683e-003
1439 1.388475e-003 2.083240e-002
1440 3.072402e-005 2.400805e-003
1441 1.039304e-005 1.519040e-003
1442 4.258152e-005 3.825180e-003
1443 1.802018e-005 3.418869e-003
1444 3.030689e-005 2.478194e-003
1445 3.941708e-005 4.317269e-003
1446 1.763275e-005 1.869512e-003
1447 6.641840e-003 6.711077e-002
1448 1.062174e-005 1.619999e-003
1449 1.461509e-005 2.657484e-003
1450 1.213146e-004 4.636057e-003
1451 9.188620e-005 6.378197e-003
1452 3.955539e-004 9.822533e-003
1453 3.206464e-005 2.696392e-003
1454 2.788654e-005 1.859114e-003
1455 3.623107e-005 2.815599e-003
1456 5.105290e-006 1.274409e-003
1457 1.082391e-005 1.710895e-003
1458 2.981250e-005 1.808720e-003
1459 4.599146e-005 2.068973e-003
1460 1.590470e-004 7.756867e-003
1461 8.489922e-006 1.264105e-003
1462 8.489922e-006 1.264105e-003
1463 5.258493e-006 1.283532e-003
1464 1.127462e-005 1.653917e-003
1465 4.810099e-006 1.232559e-003
1466 1.889223e-004 1.008041e-002
1467 5.438253e-005 2.788869e-003
1468 6.805210e-005 3.768157e-003
1469 7.880516e-005 6.242716e-003
1470 1.095896e-005 3.294750e-003
1471 1.158658e-004 5.394015e-003
1472 7.374889e-005 4.346696e-003
1473 3.461018e-005 2.308463e-003
1474 1.271694e-004 1.138152e-002
1475 5.914244e-006 1.613476e-003
1476 2.713617e-004 8.891813e-003
1477 2.492007e-006 1.703388e-003
1478 1.511709e-004 6.924956e-003
1479 7.630062e-005 8.029025e-003
1480 8.348897e-004 1.392601e-002
1481 2.816261e-004 1.893242e-002
1482 1.992363e-004 7.804780e-003
1483 2.326756e-005 2.487238e-003
1484 4.642979e-004 3.639310e-002
1485 3.345464e-004 1.437800e-002
1486 4.219172e-004 2.151836e-002
1487 6.650854e-006 1.782617e-003
1488 1.386380e-004 5.314666e-003
1489 5.419241e-006 1.208611e-003
1490 1.284732e-005 2.415499e-003
1491 2.560663e-004 3.015113e-002
1492 2.280814e-005 5.890839e-003
1493 1.238691e-004 4.578352e-003
1494 1.418615e-005 2.520523e-003
1495 4.671080e-005 4.114561e-003
1496 5.871111e-005 2.906701e-003
1497 9.653141e-004 2.218573e-002
1498 1.983281e-005 4.450699e-003
1499 7.708522e-006 2.663682e-003
1500 5.133514e-005 2.734276e-003
1501 1.816606e-005 4.451635e-003
1502 6.034311e-004 1.010462e-002
1503 1.082528e-003 2.129093e-002
1504 1.528077e-004 5.862353e-003
1505 6.814822e-005 3.284538e-003
1506 3.741944e-005 2.720897e-003
1507 1.046341e-004 3.629086e-003
1508 1.006469e-003 1.792007e-002
1509 3.300527e-005 2.554677e-003
1510 7.339268e-005 4.727675e-003
1511 1.699222e-005 3.402756e-003
1512 9.939315e-005 3.653364e-003
1513 1.077241e-004 4.208325e-003
1514 4.548684e-005 4.740017e-003
1515 9.102099e-004 2.330703e-002
1516 1.879604e-004 7.925506e-003
1517 9.671570e-004 1.545558e-002
1518 5.686210e-005 4.014344e-003
1519 9.765869e-005 6.881564e-003
1520 1.557644e-005 1.376311e-003
1521 8.310684e-005 4.914489e-003
1522 1.549622e-004 7.017357e-003
1523 1.007360e-004 3.771381e-003
1524 1.177445e-004 7.963172e-003
1525 2.258897e-004 1.109286e-002
1526 1.118187e-004 8.985066e-003
1527 1.027243e-004 8.243443e-003
1528 8.225744e-005 4.780866e-003
1529 4.627282e-005 3.336508e-003
1530 1.436488e-004 1.058803e-002
1531 9.265136e-005 5.475189e-003
1532 2.843436e-005 3.632171e-003
1533 5.682984e-005 4.211726e-003
1534 5.491941e-005 5.329083e-003
1535 8.489922e-006 1.264105e-003
1536 2.753463e-005 1.823963e-003
1537 2.272750e-005 2.679445e-003
1538 3.811594e-005 2.785623e-003
1539 1.334587e-005 1.356025e-003
1540 1.318090e-004 5.208071e-003
1541 4.808347e-004 3.214473e-002
1542 9.259092e-004 2.615589e-002
1543 1.307147e-003 4.363005e-002
1544 5.289627e-005 4.701382e-003
1545 3.175582e-004 7.985364e-003
1546 5.570330e-005 2.806983e-003
1547 6.142328e-004 1.826296e-002
1548 8.877923e-005 4.994073e-003
1549 2.220248e-005 2.849369e-003
1550 2.892427e-005 4.151987e-003
1551 2.199122e-005 2.678210e-003
1552 6.782664e-004 2.128733e-002
1553 3.181563e-003 4.858125e-002
1554 5.388691e-005 6.434628e-003
1555 9.472890e-004 2.296694e-002
1556 9.391985e-005 8.114670e-003
1557 6.387159e-004 2.378928e-002
1558 1.042318e-004 8.267193e-003
1559 8.541922e-005 6.399200e-003
1560 6.385888e-004 1.111562e-002
1561 1.033999e-003 3.116377e-002
1562 1.111016e-005 5.504889e-003
1563 6.445975e-005 8.505812e-003
1564 5.108334e-004 2.493977e-002
1565 1.043359e-004 1.083681e-002
1566 1.956410e-005 4.712787e-003
1567 2.508339e-003 5.358846e-002
1568 1.783286e-004 1.024190e-002
1569 3.661545e-005 3.157432e-003
1570 2.343076e-004 1.303014e-002
1571 6.368373e-006 1.675706e-003
1572 1.291636e-005 2.091267e-003
1573 1.381425e-003 2.624517e-002
1574 5.650260e-005 6.784094e-003
1575 3.257503e-004 1.204631e-002
1576 1.474711e-004 9.004211e-003
1577 1.037366e-003 4.595957e-002
1578 2.888705e-004 4.576849e-003
1579 4.069559e-005 3.327111e-003
1580 1.369240e-003 3.530925e-002
1581 1.280221e-004 4.269411e-003
1582 1.033165e-005 2.790524e-003
1583 2.707162e-004 1.459037e-002
1584 8.542110e-005 6.451693e-003
1585 7.145424e-004 3.036573e-002
1586 6.009056e-005 6.074318e-003
1587 6.611082e-006 1.865706e-003
1588 8.419967e-005 2.407057e-003
1589 2.087872e-006 2.847112e-003
1590 2.524843e-005 2.507550e-003
1591 3.154325e-005 3.807406e-003
1592 1.312911e-005 2.658139e-003
1593 2.165206e-005 2.116200e-003
1594 4.743742e-005 7.229416e-003
1595 3.085363e-005 2.386748e-003
1596 2.442797e-004 1.956701e-002
1597 5.404249e-005 5.033085e-003
1598 2.975609e-005 3.291795e-003
1599 1.069007e-003 3.427386e-002
1600 1.451912e-004 6.270525e-003
1601 9.994577e-006 2.454169e-003
1602 3.408869e-003 7.417474e-002
1603 3.467073e-005 6.303237e-003
1604 2.516605e-005 2.782576e-003
1605 9.291592e-006 1.525004e-003
1606 1.673328e-003 8.861852e-002
1607 1.666437e-004 6.966597e-003
1608 2.854552e-005 3.764410e-003
1609 7.774559e-004 1.473165e-002
1610 3.288366e-003 4.803569e-002
1611 1.044231e-004 8.589132e-003
1612 6.657020e-006 3.318792e-003
1613 1.838988e-006 1.184637e-003
1614 2.407916e-004 6.957488e-003
1615 8.467008e-004 3.528404e-002
1616 8.276264e-006 2.214251e-003
1617 5.631377e-006 3.229224e-003
1618 5.597630e-006 1.351342e-003
1619 2.200976e-004 1.547540e-002
1620 4.920607e-004 3.372698e-002
1621 3.327620e-003 6.319771e-002
1622 1.342236e-004 5.145478e-003
1623 3.809111e-004 3.286732e-002
1624 4.468030e-004 2.422033e-002
1625 1.968924e-005 3.731720e-003
1626 9.028393e-004 1.906093e-002
1627 1.099161e-004 8.215216e-003
1628 4.440921e-004 1.932308e-002
1629 6.590621e-004 2.937458e-002
1630 1.135989e-003 3.482465e-002
1631 5.410974e-004 2.729999e-002
1632 1.516569e-004 2.375015e-002
1633 8.940196e-006 2.825067e-003
1634 2.147771e-005 5.328631e-003
1635 1.950421e-006 1.088477e-003
1636 1.284099e-005 2.545857e-003
1637 4.105768e-006 1.482557e-003
1638 2.125234e-005 2.258434e-003
1639 2.497941e-006 1.781669e-003
1640 3.241270e-004 1.297004e-002
1641 3.697531e-004 5.978946e-003
1642 5.442728e-004 1.958715e-002
1643 2.150518e-004 9.365771e-003
1644 3.579173e-005 6.892711e-003
1645 6.996567e-005 3.282843e-003
1646 3.245579e-003 1.368315e-001
1647 1.205882e-004 5.313001e-003
1648 2.129309e-005 2.460570e-003
1649 1.309110e-003 6.215112e-002
1650 2.252341e-004 1.319816e-002
1651 6.139241e-006 3.419477e-003
1652 3.937211e-004 2.985706e-002
1653 7.059228e-004 4.037215e-002
1654 1.854535e-004 1.585191e-002
1655 5.958962e-004 3.019564e-002
1656 9.788713e-005 9.695595e-003
1657 5.171633e-005 7.768045e-003
1658 1.082926e-005 3.954262e-003
1659 1.887946e-004 5.265210e-003
1660 7.004663e-005 3.867060e-003
1661 1.101175e-004 3.430881e-003
1662 4.489552e-005 3.587406e-003
1663 1.946584e-004 2.729113e-002
1664 9.563343e-005 5.192089e-003
1665 2.056168e-005 4.174487e-003
1666 1.507108e-004 1.168093e-002
1667 1.158965e-004 1.746945e-002
1668 1.773752e-007 8.806459e-004
1669 4.517819e-005 8.698087e-003
1670 2.091728e-005 1.919595e-003
1671 9.478956e-005 7.885179e-003
1672 6.071545e-004 3.343578e-002
1673 4.906856e-005 1.052644e-002
1674 4.041391e-005 6.774529e-003
1675 2.892751e-005 4.624559e-003
1676 1.404236e-005 2.390974e-003
1677 2.475665e-005 6.396186e-003
1678 9.694530e-006 3.319628e-003
1679 3.543284e-006 1.328022e-003
1680 1.763058e-004 4.919320e-003
1681 4.639092e-004 1.211207e-002
1682 8.137658e-005 8.823577e-003
1683 1.304096e-005 1.279804e-003
1684 2.826633e-005 2.012063e-003
1685 6.909065e-005 7.618494e-003
1686 5.840755e-005 7.164225e-003
1687 1.612752e-004 1.832136e-002
1688 1.591451e-004 6.229690e-003
1689 6.212257e-005 5.965751e-003
1690 3.544049e-006 1.278991e-003
1691 4.544726e-006 1.496368e-003
1692 5.761710e-005 3.287272e-003
1693 1.115436e-004 7.544801e-003
1694 3.353043e-004 1.270937e-002
1695 2.131338e-005 1.338816e-003
1696 2.731149e-003 6.554127e-002
1697 1.305764e-004 4.644760e-003
1698 6.582597e-004 2.396677e-002
1699 2.734683e-003 5.600918e-002
1700 1.279417e-005 3.386682e-003
1701 2.294997e-004 1.223076e-002
1702 5.268210e-004 1.849057e-002
1703 3.649656e-004 1.901025e-002
1704 4.714559e-006 1.218402e-003
1705 1.418813e-005 1.338237e-003
1706 1.027621e-005 1.640988e-003
1707 3.094831e-004 9.644011e-003
1708 9.005300e-005 6.593898e-003
1709 7.031093e-005 8.424393e-003
1710 7.840883e-005 9.881058e-003
1711 2.085185e-004 8.129882e-003
1712 2.285456e-004 1.608455e-002
1713 3.266892e-005 6.065314e-003
1714 2.276536e-004 1.238893e-002
1715 3.291083e-005 4.876928e-003
1716 1.782183e-005 3.438669e-003
1717 1.629983e-004 8.731182e-003
1718 3.039837e-005 8.271132e-003
1719 5.102821e-005 5.966794e-003
1720 4.403985e-005 6.342797e-003
1721 2.219548e-004 2.229577e-002
1722 4.296427e-005 6.186615e-003
1723 1.786846e-003 5.149640e-002
1724 1.223987e-005 1.956591e-003
1725 7.865992e-005 7.731916e-003
1726 4.726660e-004 1.856590e-002
1727 1.402095e-004 7.965260e-003
1728 2.651894e-004 8.664754e-003
1729 8.919115e-006 3.154720e-003
1730 8.673367e-004 1.610872e-002
1731 3.390873e-005 4.442418e-003
1732 1.161165e-005 1.558205e-003
1733 6.494767e-007 9.988846e-004
1734 1.930500e-004 5.872848e-003
1735 1.997642e-004 6.071082e-003
1736 4.897712e-006 1.066403e-003
1737 1.152249e-004 4.967892e-003
1738 6.389435e-006 1.625473e-003
1739 1.007026e-004 7.410930e-003
1740 6.821845e-004 3.024919e-002
1741 2.456541e-005 3.919625e-003
1742 5.541645e-004 1.556474e-002
1743 3.520668e-004 1.372424e-002
1744 2.447433e-004 5.755389e-003
1745 8.645141e-005 5.459798e-003
1746 2.434849e-005 1.377868e-003
1747 7.735205e-005 5.691403e-003
1748 1.625569e-003 9.293132e-002
1749 2.620077e-004 5.566557e-003
1750 5.136277e-005 6.326465e-003
1751 7.224272e-005 5.042893e-003
1752 1.204741e-005 1.721532e-003
1753 1.620367e-004 7.292491e-003
1754 2.753294e-005 4.703613e-003
1755 5.661036e-005 3.131373e-003
1756 2.008513e-004 1.459196e-002
1757 1.256221e-004 1.152875e-002
1758 1.041227e-004 3.892018e-003
1759 1.511130e-005 3.550375e-003
1760 1.853392e-003 4.314443e-002
1761 3.052139e-005 6.003500e-003
1762 2.118089e-005 2.747912e-003
1763 1.716910e-004 8.681453e-003
1764 1.192129e-004 4.372333e-003
1765 2.007286e-004 1.117828e-002
1766 2.084630e-005 2.712628e-003
1767 3.709126e-005 3.105546e-003
1768 5.753546e-004 1.056132e-002
1769 2.126222e-004 4.538160e-003
1770 9.560475e-005 5.429028e-003
1771 5.325595e-005 6.095936e-003
1772 2.507972e-003 4.357528e-002
1773 8.683881e-004 4.678455e-002
1774 8.755488e-006 2.472191e-003
1775 1.793282e-005 2.253938e-003
1776 2.082437e-004 1.377676e-002
1777 3.785694e-005 3.520801e-003
1778 3.154525e-005 4.515545e-003
1779 4.247758e-005 9.444142e-003
1780 5.022269e-006 2.505193e-003
1781 1.898639e-006 1.245811e-003
1782 1.944231e-005 2.663699e-003
1783 7.050161e-005 5.302769e-003
1784 2.140864e-004 1.020196e-002
1785 3.413439e-005 2.333784e-003
1786 2.625860e-004 1.889135e-002
1787 5.535030e-004 1.448270e-002
1788 2.698815e-005 3.703971e-003
1789 2.488836e-004 2.319423e-002
1790 9.172362e-006 1.484443e-003
1791 8.592319e-005 2.280967e-003
1792 4.600715e-005 2.314582e-003
1793 1.582999e-005 8.547207e-003
1794 8.552594e-005 1.300037e-002
1795 1.049058e-005 1.489103e-003
1796 1.523876e-003 4.598328e-002
1797 1.271446e-004 1.033953e-002
1798 1.194273e-004 4.192018e-003
1799 6.125916e-006 1.986824e-003
1800 3.747001e-004 2.008126e-002
1801 1.834140e-005 1.956810e-003
1802 1.624508e-004 8.843807e-003
1803 1.020517e-005 1.789689e-003
1804 1.116906e-005 1.744840e-003
1805 1.953137e-005 1.062750e-002
1806 6.015537e-005 3.250394e-003
1807 3.508071e-006 1.286223e-003
1808 5.847771e-003 1.083995e-001
1809 5.669399e-005 5.535239e-003
1810 3.551625e-004 1.109853e-002
1811 7.279002e-005 5.356034e-003
1812 6.883157e-005 3.689009e-003
1813 6.530314e-005 6.657944e-003
1814 1.137223e-005 1.829989e-003
1815 1.238304e-004 1.400257e-002
1816 3.402654e-004 1.038720e-002
1817 1.532342e-005 2.617705e-003
1818 2.552494e-005 3.782125e-003
1819 4.916568e-006 2.013750e-003
1820 7.048272e-006 1.379978e-003
1821 5.866366e-006 3.203828e-003
1822 8.515035e-005 1.228510e-002
1823 2.492147e-004 1.299422e-002
1824 3.084793e-004 2.527636e-002
1825 5.964458e-004 2.071739e-002
1826 6.357890e-004 9.616364e-003
1827 2.837761e-004 9.192043e-003
1828 9.018445e-005 5.381224e-003
1829 5.666159e-005 6.551076e-003
1830 8.719002e-006 2.562444e-003
1831 1.360627e-005 1.344792e-003
1832 8.396490e-005 1.040855e-002
1833 2.939404e-005 2.275065e-003
1834 2.168408e-005 2.411745e-003
1835 2.570106e-005 2.904321e-003
1836 4.504900e-004 1.944937e-002
1837 5.451330e-004 1.339759e-002
1838 4.812402e-005 1.934027e-003
1839 4.369588e-004 1.800310e-002
1840 1.550989e-004 9.198009e-003
1841 3.366033e-004 1.091126e-002
1842 5.445258e-005 5.867673e-003
1843 6.147841e-005 4.811756e-003
1844 1.125702e-005 2.204012e-003
1845 3.238025e-004 6.324947e-003
1846 1.766727e-005 3.162279e-003
1847 5.077954e-004 2.159010e-002
1848 1.863831e-005 1.841734e-003
1849 1.279057e-004 8.940863e-003
1850 1.242241e-004 1.298114e-002
1851 4.561014e-004 2.827272e-002
1852 1.195793e-004 9.195996e-003
1853 9.760584e-005 7.382699e-003
1854 1.384591e-003 3.680730e-002
1855 2.844504e-004 2.121545e-002
1856 7.763159e-006 2.072780e-003
1857 1.127759e-005 4.242066e-003
1858 4.636614e-005 2.255351e-003
1859 2.108115e-005 2.538133e-003
1860 1.757028e-004 6.877083e-003
1861 1.048932e-004 5.982984e-003
1862 7.722105e-004 3.122372e-002
1863 2.092575e-005 2.352289e-003
1864 1.127760e-005 1.732745e-003
1865 1.041875e-004 8.292434e-003
1866 2.341566e-004 1.539993e-002
1867 5.346316e-006 2.461446e-003
1868 3.400645e-005 2.529407e-003
1869 2.047138e-003 3.169020e-002
1870 2.367591e-005 3.337193e-003
1871 6.366268e-005 8.875556e-003
1872 6.418742e-005 5.895939e-003
1873 9.655839e-006 1.544985e-003
1874 1.094599e-005 1.850269e-003
1875 1.923867e-004 1.051164e-002
1876 7.013965e-006 2.043304e-003
1877 1.911940e-005 1.931171e-003
1878 9.636958e-005 4.743356e-003
1879 3.961566e-005 8.780661e-003
1880 4.899213e-005 2.402866e-003
1881 1.357078e-003 1.931285e-002
1882 1.973938e-005 2.054443e-003
1883 3.603339e-004 6.686320e-003
1884 6.850884e-005 2.045937e-003
1885 2.071521e-005 4.073642e-003
1886 3.367498e-005 3.555134e-003
1887 3.996013e-005 6.191822e-003
1888 1.936121e-005 2.220596e-003
1889 2.727952e-006 1.101822e-003
1890 5.884165e-005 6.064693e-003
1891 1.277486e-003 4.015894e-002
1892 6.741623e-005 7.237503e-003
1893 2.117995e-004 1.210763e-002
1894 1.642335e-003 4.694473e-002
1895 5.597303e-004 1.389274e-002
1896 2.260187e-004 7.436291e-003
1897 4.244604e-005 3.074015e-003
1898 7.186358e-004 2.366590e-002
1899 3.420344e-005 4.037353e-003
1900 1.050142e-004 3.158694e-003
1901 7.328017e-006 2.222251e-003
1902 8.982669e-006 1.433288e-003
1903 5.306000e-005 5.546530e-003
1904 4.334627e-005 2.122597e-003
1905 7.028590e-006 1.992141e-003
1906 1.634839e-005 3.679743e-003
1907 9.433385e-006 3.108002e-003
1908 1.456478e-005 1.258266e-003
1909 1.974212e-005 2.560372e-003
1910 5.121810e-004 1.406852e-002
1911 5.774772e-005 4.390899e-003
1912 2.822976e-004 9.001581e-003
1913 5.222276e-005 2.465089e-003
1914 3.412975e-005 2.273371e-003
1915 8.698712e-005 5.966645e-003
1916 5.630140e-004 2.200501e-002
1917 1.734760e-003 5.300904e-002
1918 5.549007e-004 1.587315e-002
1919 1.446529e-004 6.525337e-003
1920 3.407960e-005 2.097267e-003
1921 3.616786e-006 1.239327e-003
1922 1.643609e-005 1.656029e-003
1923 6.296306e-006 1.488891e-003
1924 1.684753e-005 1.726621e-003
1925 9.796577e-006 1.420009e-003
1926 1.949852e-004 5.586601e-003
1927 1.295834e-004 4.886697e-003
1928 6.679021e-006 1.496009e-003
1929 4.051331e-005 3.186070e-003
1930 1.266997e-004 4.333644e-003
1931 7.321608e-005 7.472317e-003
1932 2.481131e-004 6.565579e-003
1933 7.222823e-005 8.629878e-003
1934 2.745932e-004 2.212150e-002
1935 1.542550e-004 5.714654e-003
1936 1.257338e-004 4.954049e-003
1937 3.491141e-005 2.731888e-003
1938 8.522040e-006 1.361221e-003
1939 7.751499e-004 2.267505e-002
1940 2.424894e-004 1.673535e-002
1941 7.452273e-005 4.551022e-003
1942 4.018850e-004 3.289519e-002
1943 4.621914e-004 1.448229e-002
1944 3.112596e-004 9.474593e-003
1945 4.183714e-005 6.746134e-003
1946 6.182362e-005 3.288270e-003
1947 1.131584e-005 1.575297e-003
1948 5.688463e-006 1.446768e-003
1949 5.635269e-004 5.054109e-002
1950 1.597010e-004 6.725387e-003
1951 3.438272e-004 1.236234e-002
1952 2.184740e-005 5.406829e-003
1953 2.680199e-004 7.926492e-003
1954 2.170432e-004 4.901072e-003
1955 4.394705e-005 3.559023e-003
1956 1.974456e-004 9.932652e-003
1957 4.969322e-005 4.439105e-003
1958 2.304856e-004 6.745722e-003
1959 2.394299e-004 1.618047e-002
1960 2.458355e-004 6.967753e-003
1961 3.463817e-004 1.517993e-002
1962 2.004163e-004 1.217620e-002
1963 4.837145e-004 1.086597e-002
1964 5.542875e-005 2.025283e-003
1965 2.099951e-004 5.586529e-003
1966 8.586958e-005 4.562339e-003
1967 7.744949e-004 2.773277e-002
1968 1.057518e-005 1.654663e-003
1969 1.307583e-004 1.030750e-002
1970 2.580722e-004 9.703835e-003
1971 8.121766e-004 1.438187e-002
1972 2.044817e-005 2.892319e-003
1973 2.508639e-004 1.076028e-002
1974 2.409316e-005 3.139776e-003
1975 9.016964e-004 2.357433e-002
1976 8.318797e-004 1.600186e-002
1977 2.540017e-005 2.666581e-003
1978 1.536966e-005 3.487535e-003
1979 4.212527e-004 2.187267e-002
1980 4.745849e-006 1.096217e-003
1981 2.194567e-004 1.103431e-002
1982 2.739040e-005 1.669686e-003
1983 1.017817e-005 1.768352e-003
1984 4.537819e-004 1.282226e-002
1985 6.306138e-005 3.278647e-003
1986 1.733060e-005 3.404083e-003
1987 2.663966e-004 1.607485e-002
1988 3.181771e-004 1.107827e-002
1989 3.200505e-006 1.175308e-003
1990 4.820451e-005 2.229143e-003
1991 1.198500e-005 4.495536e-003
1992 8.107084e-004 1.881205e-002
1993 9.650074e-007 1.118429e-003
1994 4.437264e-006 1.149871e-003
1995 4.922978e-004 5.447676e-003
1996 3.092629e-005 2.786720e-003
1997 1.418813e-005 1.338237e-003
1998 2.391109e-005 2.761181e-003
1999 2.611301e-005 3.406665e-003
2000 1.715726e-005 2.074444e-003
2001 4.285500e-006 2.352093e-003
