2 1.072299e-003 1.236874e-002
3 4.347971e-004 4.851871e-003
4 1.345048e-003 5.356363e-003
5 5.195322e-004 6.290356e-003
6 2.931914e-003 1.251197e-002
7 6.089290e-005 3.822073e-003
8 2.313876e-004 4.879980e-003
9 1.693537e-004 2.214136e-003
10 6.811806e-005 1.393843e-003
11 3.832879e-004 5.292493e-003
12 4.330423e-005 1.830885e-003
13 6.930404e-004 4.491453e-003
14 3.756097e-004 3.816107e-003
15 2.724637e-004 7.699813e-003
16 4.906598e-004 6.079021e-003
17 3.267875e-005 1.217848e-003
18 2.657365e-003 2.518275e-002
19 2.050436e-004 3.616810e-003
20 4.274831e-004 6.421283e-003
21 1.799521e-004 2.684279e-003
22 8.017871e-005 1.867759e-003
23 1.810759e-004 2.320496e-003
24 2.495443e-004 4.904850e-003
25 1.280401e-004 1.376701e-003
26 1.075654e-003 1.175612e-002
27 5.784870e-005 1.008362e-003
28 1.989594e-004 4.591153e-003
29 6.734322e-004 3.852761e-003
30 7.597696e-005 1.519725e-003
31 1.176113e-004 3.952447e-003
32 9.084670e-004 6.496828e-003
33 4.545564e-005 1.635254e-003
34 6.200083e-005 1.166325e-003
35 3.960305e-004 4.055816e-003
36 5.784870e-005 1.008362e-003
37 5.938944e-004 8.832509e-003
38 4.223504e-004 4.769701e-003
39 1.171445e-003 1.198814e-002
40 1.136685e-003 1.461171e-002
41 1.315663e-004 1.501792e-003
42 1.050818e-003 8.823007e-003
43 8.697528e-005 2.016407e-003
44 6.311722e-005 1.287815e-003
45 6.311722e-005 1.287815e-003
46 1.617642e-005 9.471231e-004
47 2.657833e-004 2.259590e-003
48 1.435486e-004 2.137355e-003
49 1.376085e-004 2.041516e-003
50 2.841801e-004 2.426512e-003
51 7.432185e-005 1.978229e-003
52 1.376085e-004 2.041516e-003
53 1.376085e-004 2.041516e-003
54 7.432185e-005 1.978229e-003
55 7.432185e-005 1.978229e-003
56 2.657833e-004 2.259590e-003
57 1.376085e-004 2.041516e-003
58 3.679032e-005 1.362515e-003
59 1.689646e-004 2.742915e-003
60 4.330423e-005 1.830885e-003
61 8.748092e-005 2.555615e-003
62 3.124387e-005 9.817575e-004
63 8.748092e-005 2.555615e-003
64 2.964472e-004 2.624434e-003
65 3.679032e-005 1.362515e-003
66 1.249518e-004 1.414955e-003
67 6.311722e-005 1.287815e-003
68 1.435486e-004 2.137355e-003
69 1.168629e-004 1.341560e-003
70 2.739110e-004 1.904225e-003
71 1.435486e-004 2.137355e-003
72 7.432185e-005 1.978229e-003
73 1.200679e-004 1.577045e-003
74 2.657833e-004 2.259590e-003
75 1.194654e-004 1.142714e-003
76 1.619728e-004 2.630107e-003
77 9.848758e-005 2.942887e-003
78 2.657833e-004 2.259590e-003
79 6.185282e-005 1.044694e-003
80 2.791536e-004 2.145092e-003
81 7.432185e-005 1.978229e-003
82 6.050540e-005 1.245675e-003
83 6.811806e-005 1.393843e-003
84 1.619728e-004 2.630107e-003
85 2.657833e-004 2.259590e-003
86 8.942907e-005 2.015930e-003
87 7.281896e-005 1.808715e-003
88 7.432185e-005 1.978229e-003
89 1.435486e-004 2.137355e-003
90 6.163430e-004 3.418760e-003
91 5.784870e-005 1.008362e-003
92 2.657833e-004 2.259590e-003
93 1.376085e-004 2.041516e-003
94 1.435486e-004 2.137355e-003
95 1.474854e-004 2.669571e-003
96 7.105849e-005 1.441284e-003
97 1.989594e-004 4.591153e-003
98 1.315663e-004 1.501792e-003
99 3.900999e-004 4.706933e-003
100 3.481724e-004 4.526821e-003
101 2.650977e-004 2.362136e-003
102 6.311722e-005 1.287815e-003
103 2.784335e-004 2.247933e-003
104 1.196437e-003 6.641222e-003
105 3.037916e-004 3.399659e-003
106 1.376085e-004 2.041516e-003
107 3.683775e-004 4.760572e-003
108 1.752546e-004 2.821986e-003
109 6.803466e-005 1.441460e-003
110 3.679032e-005 1.362515e-003
111 7.725738e-005 1.544276e-003
112 9.316966e-005 2.484799e-003
113 2.118974e-004 4.024197e-003
114 7.659463e-005 1.614261e-003
115 9.397583e-005 2.399670e-003
116 2.443228e-004 5.483206e-003
117 3.679032e-005 1.362515e-003
118 6.811806e-005 1.393843e-003
119 1.848873e-004 3.202531e-003
120 9.397583e-005 2.399670e-003
121 1.435486e-004 2.137355e-003
122 6.311722e-005 1.287815e-003
123 2.814230e-004 2.333734e-003
124 6.289521e-005 1.055968e-003
125 3.070534e-004 3.678772e-003
126 2.479563e-004 1.912967e-003
127 5.274245e-004 3.227907e-003
128 1.345321e-003 9.155297e-003
129 6.163430e-004 3.418760e-003
130 5.882744e-004 3.951908e-003
131 5.391700e-004 2.587479e-003
132 1.303456e-004 1.501979e-003
133 1.334472e-003 8.283582e-003
134 6.050540e-005 1.245675e-003
135 1.245103e-003 5.844899e-003
136 6.994461e-005 1.513217e-003
137 1.435486e-004 2.137355e-003
138 7.432185e-005 1.978229e-003
139 1.435486e-004 2.137355e-003
140 2.487177e-004 1.465020e-003
141 6.811806e-005 1.393843e-003
142 1.315663e-004 1.501792e-003
143 1.245103e-003 5.844899e-003
144 4.157058e-004 3.532762e-003
145 1.727274e-004 2.207401e-003
146 4.330423e-005 1.830885e-003
147 7.871373e-005 1.624526e-003
148 7.597696e-005 1.519725e-003
149 3.511850e-004 4.202359e-003
150 4.098181e-004 5.715600e-003
151 2.028655e-004 3.643362e-003
152 3.692478e-004 3.079568e-003
153 1.351745e-004 1.766905e-003
154 1.467454e-004 1.682394e-003
155 3.340649e-005 1.016247e-003
156 1.226688e-004 1.200078e-003
157 8.039994e-005 1.410725e-003
158 1.861845e-004 2.512453e-003
159 1.042210e-004 2.626595e-003
160 1.042210e-004 2.626595e-003
161 3.367807e-005 1.057814e-003
162 6.683129e-005 1.317252e-003
163 3.340649e-005 1.016247e-003
164 3.679032e-005 1.362515e-003
165 1.617642e-005 9.471231e-004
166 1.617642e-005 9.471231e-004
167 9.015610e-005 2.127203e-003
168 4.330423e-005 1.830885e-003
169 3.679032e-005 1.362515e-003
170 2.995099e-005 9.608977e-004
171 7.659463e-005 1.614261e-003
172 2.146752e-004 3.352323e-003
173 3.481724e-004 4.526821e-003
174 2.345137e-004 4.736829e-003
175 1.617642e-005 9.471231e-004
176 4.330423e-005 1.830885e-003
177 8.484629e-005 1.730835e-003
178 2.050436e-004 3.616810e-003
179 2.051500e-004 3.174198e-003
180 1.617642e-005 9.471231e-004
181 2.227115e-003 1.400523e-002
182 1.737512e-004 2.980744e-003
183 1.343316e-004 1.350634e-003
184 1.042210e-004 2.626595e-003
185 3.367807e-005 1.057814e-003
186 3.328846e-004 3.135302e-003
187 1.746000e-003 7.887215e-003
188 1.727274e-004 2.207401e-003
189 1.406730e-004 1.584421e-003
190 8.942907e-005 2.015930e-003
191 1.737512e-004 2.980744e-003
192 8.942907e-005 2.015930e-003
193 4.545564e-005 1.635254e-003
194 8.942907e-005 2.015930e-003
195 3.679032e-005 1.362515e-003
196 7.432185e-005 1.978229e-003
197 1.581782e-004 1.941560e-003
198 7.578098e-005 1.624179e-003
199 1.823518e-004 3.026751e-003
200 3.217040e-004 3.128696e-003
201 2.928704e-004 2.076252e-003
202 9.015610e-005 2.127203e-003
203 7.332590e-004 4.393045e-003
204 4.545564e-005 1.635254e-003
205 1.031139e-004 2.779820e-003
206 1.911769e-004 2.670250e-003
207 7.669339e-004 6.305293e-003
208 4.108779e-004 5.441334e-003
209 8.942907e-005 2.015930e-003
210 7.819907e-004 5.129341e-003
211 3.121581e-004 3.949952e-003
212 8.017871e-005 1.867759e-003
213 3.340649e-005 1.016247e-003
214 1.929674e-004 2.715341e-003
215 1.806599e-004 2.929433e-003
216 1.507699e-004 2.016708e-003
217 3.462352e-005 1.132327e-003
218 1.351745e-004 1.766905e-003
219 1.617642e-005 9.471231e-004
220 1.514279e-003 6.096019e-003
221 9.268707e-005 2.326676e-003
222 2.665696e-004 1.898329e-003
223 4.330423e-005 1.830885e-003
224 3.143899e-005 8.885038e-004
225 7.659463e-005 1.614261e-003
226 1.435486e-004 2.137355e-003
227 1.418166e-004 1.679483e-003
228 3.462352e-005 1.132327e-003
229 4.136562e-004 5.936362e-003
230 1.739752e-003 1.337357e-002
231 3.396948e-005 1.027042e-003
232 7.248682e-004 6.459924e-003
233 3.886922e-004 4.350422e-003
234 3.679032e-005 1.362515e-003
235 2.921149e-004 2.179271e-003
236 3.007235e-004 2.213925e-003
237 6.724759e-004 5.272271e-003
238 8.748092e-005 2.555615e-003
239 3.367807e-005 1.057814e-003
240 1.697502e-003 1.265594e-002
241 1.050273e-003 1.004723e-002
242 3.489347e-004 3.316233e-003
243 8.232866e-005 2.008270e-003
244 1.617642e-005 9.471231e-004
245 1.617642e-005 9.471231e-004
246 1.823518e-004 3.026751e-003
247 2.789877e-004 1.937814e-003
248 3.962360e-004 3.613433e-003
249 3.985037e-004 3.255219e-003
250 3.866790e-004 3.870174e-003
251 1.617642e-005 9.471231e-004
252 2.033901e-004 3.363738e-003
253 4.330423e-005 1.830885e-003
254 3.588195e-004 3.723206e-003
255 3.055126e-004 2.280226e-003
256 7.105849e-005 1.441284e-003
257 1.042210e-004 2.626595e-003
258 7.887571e-004 4.953149e-003
259 1.617642e-005 9.471231e-004
260 2.864904e-004 2.618551e-003
261 3.367807e-005 1.057814e-003
262 1.698008e-005 8.740449e-004
263 2.995099e-005 9.608977e-004
264 7.607492e-004 5.791205e-003
265 9.039860e-004 6.454630e-003
266 8.345703e-005 2.409670e-003
267 1.821286e-004 3.154222e-003
268 1.727274e-004 2.207401e-003
269 2.912038e-004 2.339512e-003
270 1.444450e-004 1.708906e-003
271 4.223504e-004 4.769701e-003
272 8.039994e-005 1.410725e-003
273 5.656631e-004 2.540376e-003
274 3.679032e-005 1.362515e-003
275 1.381326e-004 6.658432e-003
276 3.588195e-004 3.723206e-003
277 6.954976e-005 1.201725e-003
278 3.619243e-004 3.570873e-003
279 7.597696e-005 1.519725e-003
280 7.696881e-004 3.886745e-003
281 3.614188e-004 4.557248e-003
282 1.870004e-005 1.116404e-003
283 2.730724e-004 2.795158e-003
284 1.635180e-004 2.216852e-003
285 6.811806e-005 1.393843e-003
286 6.870746e-005 1.321950e-003
287 1.042210e-004 2.626595e-003
288 3.679032e-005 1.362515e-003
289 9.244799e-005 2.608976e-003
290 3.340649e-005 1.016247e-003
291 6.954976e-005 1.201725e-003
292 2.050436e-004 3.616810e-003
293 1.033806e-004 2.497962e-003
294 6.954976e-005 1.201725e-003
295 2.860001e-004 6.468938e-003
296 7.840131e-004 4.853560e-003
297 1.714020e-004 2.353499e-003
298 4.545564e-005 1.635254e-003
299 1.033806e-004 2.497962e-003
300 1.031139e-004 2.779820e-003
301 3.522026e-004 3.315732e-003
302 3.367807e-005 1.057814e-003
303 6.324710e-004 5.086355e-003
304 1.327047e-004 1.430834e-003
305 3.669542e-005 1.467375e-003
306 3.861810e-005 1.196312e-003
307 8.178564e-004 5.399597e-003
308 2.921149e-004 2.179271e-003
309 6.658167e-004 3.217292e-003
310 3.447246e-004 2.670993e-003
311 8.039994e-005 1.410725e-003
312 2.995099e-005 9.608977e-004
313 3.512941e-004 3.595480e-003
314 1.617642e-005 9.471231e-004
315 1.042210e-004 2.626595e-003
316 6.213537e-004 3.638514e-003
317 4.234427e-004 4.492989e-003
318 1.635180e-004 2.216852e-003
319 5.793328e-004 2.791929e-003
320 8.748092e-005 2.555615e-003
321 7.129652e-003 3.105866e-002
322 2.146752e-004 3.352323e-003
323 1.741316e-004 2.320231e-003
324 6.811806e-005 1.393843e-003
325 7.432185e-005 1.978229e-003
326 6.701105e-004 3.879059e-003
327 2.234142e-004 5.746120e-003
328 3.596052e-004 2.911081e-003
329 1.929674e-004 2.715341e-003
330 9.848758e-005 2.942887e-003
331 1.723500e-004 2.766294e-003
332 3.796426e-004 3.791409e-003
333 7.332590e-004 4.393045e-003
334 4.223504e-004 4.769701e-003
335 1.870004e-005 1.116404e-003
336 3.367807e-005 1.057814e-003
337 1.405007e-004 1.732181e-003
338 1.042210e-004 2.626595e-003
339 3.960305e-004 4.055816e-003
340 1.031139e-004 2.779820e-003
341 7.167334e-005 1.369803e-003
342 7.208353e-005 1.277514e-003
343 4.234427e-004 4.492989e-003
344 1.426747e-004 1.714284e-003
345 3.232986e-004 3.269778e-003
346 3.796426e-004 3.791409e-003
347 1.303456e-004 1.501979e-003
348 3.539682e-004 2.833042e-003
349 7.844560e-005 1.843433e-003
350 3.679032e-005 1.362515e-003
351 9.362481e-004 5.771591e-003
352 4.223504e-004 4.769701e-003
353 1.617642e-005 9.471231e-004
354 7.273459e-004 4.133713e-003
355 3.376866e-004 2.674336e-003
356 7.607492e-004 5.791205e-003
357 7.669339e-004 6.305293e-003
358 3.462352e-005 1.132327e-003
359 1.711813e-005 8.951727e-004
360 2.904526e-004 2.441852e-003
361 4.377371e-004 5.229944e-003
362 4.697504e-005 1.976407e-003
363 6.715778e-004 3.144348e-003
364 2.928704e-004 2.076252e-003
365 2.860001e-004 6.468938e-003
366 4.993083e-005 2.566458e-003
367 1.031139e-004 2.779820e-003
368 9.848758e-005 2.942887e-003
369 1.821286e-004 3.154222e-003
370 2.875192e-004 1.715096e-003
371 7.248682e-004 6.459924e-003
372 7.907969e-004 4.676911e-003
373 9.605589e-004 9.262451e-003
374 1.552881e-004 1.582864e-003
375 1.617642e-005 9.471231e-004
376 4.545564e-005 1.635254e-003
377 2.928704e-004 2.076252e-003
378 1.033806e-004 2.497962e-003
379 1.617642e-005 9.471231e-004
380 1.619728e-004 2.630107e-003
381 3.217040e-004 3.128696e-003
382 8.363976e-005 1.923601e-003
383 4.142182e-004 5.952577e-003
384 9.848758e-005 2.942887e-003
385 8.532099e-004 7.990969e-003
386 7.105849e-005 1.441284e-003
387 6.994461e-005 1.513217e-003
388 4.330423e-005 1.830885e-003
389 8.942907e-005 2.015930e-003
390 8.748092e-005 2.555615e-003
391 4.330423e-005 1.830885e-003
392 3.198084e-004 2.354482e-003
393 4.545564e-005 1.635254e-003
394 3.549887e-003 1.361649e-002
395 1.617642e-005 9.471231e-004
396 1.727274e-004 2.207401e-003
397 9.848758e-005 2.942887e-003
398 6.954976e-005 1.201725e-003
399 8.942907e-005 2.015930e-003
400 1.469346e-003 6.996797e-003
401 9.848758e-005 2.942887e-003
402 5.389661e-004 9.949430e-003
403 4.142182e-004 5.952577e-003
404 2.852623e-004 7.248691e-003
405 4.330423e-005 1.830885e-003
406 1.800216e-003 1.340929e-002
407 4.142182e-004 5.952577e-003
408 6.643620e-004 4.028749e-003
409 2.618061e-004 4.780470e-003
410 1.727274e-004 2.207401e-003
411 9.015610e-005 2.127203e-003
412 1.530887e-004 2.398270e-003
413 2.875192e-004 1.715096e-003
414 4.545564e-005 1.635254e-003
415 3.367807e-005 1.057814e-003
416 1.039116e-003 1.011556e-002
417 1.617642e-005 9.471231e-004
418 1.315663e-004 1.501792e-003
419 1.861845e-004 2.512453e-003
420 1.577702e-004 2.044926e-003
421 6.235567e-005 1.086491e-003
422 4.068917e-004 5.196361e-003
423 3.679032e-005 1.362515e-003
424 1.737512e-004 2.980744e-003
425 3.384260e-004 2.245892e-003
426 3.367807e-005 1.057814e-003
427 1.583822e-003 8.450994e-003
428 3.384260e-004 2.245892e-003
429 8.654695e-004 7.544627e-003
430 1.617642e-005 9.471231e-004
431 1.581782e-004 1.941560e-003
432 4.778465e-004 5.665107e-003
433 1.617642e-005 9.471231e-004
434 4.330423e-005 1.830885e-003
435 9.463516e-005 1.887631e-003
436 8.039994e-005 1.410725e-003
437 4.413830e-004 4.743887e-003
438 6.954976e-005 1.201725e-003
439 8.345703e-005 2.409670e-003
440 1.452437e-004 1.910231e-003
441 3.517714e-004 3.544167e-003
442 1.581782e-004 1.941560e-003
443 8.345703e-005 2.409670e-003
444 1.806599e-004 2.929433e-003
445 1.708980e-003 1.164398e-002
446 1.861845e-004 2.512453e-003
447 1.617642e-005 9.471231e-004
448 3.124387e-005 9.817575e-004
449 6.811806e-005 1.393843e-003
450 1.418166e-004 1.679483e-003
451 8.222265e-006 8.389100e-004
452 1.929674e-004 2.715341e-003
453 8.039994e-005 1.410725e-003
454 1.174062e-003 5.530809e-003
455 2.710013e-004 1.911064e-003
456 5.005996e-005 2.284049e-003
457 6.452281e-005 1.087772e-003
458 6.452281e-005 1.087772e-003
459 1.727274e-004 2.207401e-003
460 7.597696e-005 1.519725e-003
461 7.607492e-004 5.791205e-003
462 1.821286e-004 3.154222e-003
463 3.592822e-003 1.824099e-002
464 7.639705e-005 1.718471e-003
465 3.367807e-005 1.057814e-003
466 6.402770e-005 1.142347e-003
467 4.157058e-004 3.532762e-003
468 1.806599e-004 2.929433e-003
469 3.697005e-004 2.889330e-003
470 2.028655e-004 3.643362e-003
471 8.017871e-005 1.867759e-003
472 3.679032e-005 1.362515e-003
473 1.431783e-004 2.240217e-003
474 6.185282e-005 1.044694e-003
475 1.033806e-004 2.497962e-003
476 3.679032e-005 1.362515e-003
477 9.643867e-005 2.673362e-003
478 1.581782e-004 1.941560e-003
479 3.535124e-005 9.683208e-004
480 9.015610e-005 2.127203e-003
481 4.242013e-005 1.851380e-003
482 4.033706e-004 4.139482e-003
483 1.698008e-005 8.740449e-004
484 3.367807e-005 1.057814e-003
485 3.866790e-004 3.870174e-003
486 3.669542e-005 1.467375e-003
487 1.519956e-004 2.204306e-003
488 7.458876e-005 1.278995e-003
489 7.597696e-005 1.519725e-003
490 4.430832e-004 6.957102e-003
491 3.522026e-004 3.315732e-003
492 2.995099e-005 9.608977e-004
493 1.617642e-005 9.471231e-004
494 3.618618e-004 4.025439e-003
495 4.613805e-004 6.700799e-003
496 1.652190e-003 9.554068e-003
497 1.579736e-003 8.717496e-003
498 3.376866e-004 2.674336e-003
499 4.582518e-005 1.691813e-003
500 3.283839e-004 2.508043e-003
501 1.514279e-003 6.096019e-003
502 1.257520e-004 4.082276e-003
503 1.467454e-004 1.682394e-003
504 7.795517e-004 5.558306e-003
505 6.748602e-005 1.357489e-003
506 2.224247e-004 3.461121e-003
507 1.911769e-004 2.670250e-003
508 7.141470e-005 1.260671e-003
509 7.696881e-004 3.886745e-003
510 3.727060e-004 3.021145e-003
511 9.463516e-005 1.887631e-003
512 3.340649e-005 1.016247e-003
513 3.195433e-004 3.147986e-003
514 4.108779e-004 5.441334e-003
515 1.624197e-004 2.075621e-003
516 3.517714e-004 3.544167e-003
517 6.311722e-005 1.287815e-003
518 1.343316e-004 1.350634e-003
519 6.811806e-005 1.393843e-003
520 3.367807e-005 1.057814e-003
521 1.552881e-004 1.582864e-003
522 7.659463e-005 1.614261e-003
523 1.914113e-004 2.585993e-003
524 1.380156e-004 1.602832e-003
525 2.120073e-004 3.566791e-003
526 1.350942e-004 1.624061e-003
527 1.727274e-004 2.207401e-003
528 1.625545e-004 1.807336e-003
529 1.723500e-004 2.766294e-003
530 7.639705e-005 1.718471e-003
531 3.367807e-005 1.057814e-003
532 1.403101e-004 1.688709e-003
533 3.340649e-005 1.016247e-003
534 4.882396e-004 6.038883e-003
535 8.612006e-004 7.670950e-003
536 7.332590e-004 4.393045e-003
537 3.278632e-003 1.629036e-002
538 4.776036e-004 8.035691e-003
539 7.858892e-004 6.067532e-003
540 3.588195e-004 3.723206e-003
541 8.402862e-004 6.935065e-003
542 4.223504e-004 4.769701e-003
543 3.367807e-005 1.057814e-003
544 3.081561e-004 2.216003e-003
545 1.488622e-004 1.479187e-003
546 2.152304e-004 3.071946e-003
547 3.974757e-004 3.535124e-003
548 2.062843e-004 3.708915e-003
549 3.303303e-004 3.416867e-003
550 8.345703e-005 2.409670e-003
551 1.418166e-004 1.679483e-003
552 5.784870e-005 1.008362e-003
553 1.827827e-004 2.090248e-003
554 8.019255e-005 1.515461e-003
555 8.771622e-004 7.849626e-003
556 8.748092e-005 2.555615e-003
557 1.033806e-004 2.497962e-003
558 7.015155e-005 1.172198e-003
559 2.146752e-004 3.352323e-003
560 7.597696e-005 1.519725e-003
561 5.938944e-004 8.832509e-003
562 3.124387e-005 9.817575e-004
563 2.366491e-003 2.092275e-002
564 7.607492e-004 5.791205e-003
565 6.235567e-005 1.086491e-003
566 8.019255e-005 1.515461e-003
567 3.618618e-004 4.025439e-003
568 3.055126e-004 2.280226e-003
569 6.200083e-005 1.166325e-003
570 2.152304e-004 3.071946e-003
571 1.619728e-004 2.630107e-003
572 5.824592e-004 1.049205e-002
573 3.055126e-004 2.280226e-003
574 6.311722e-005 1.287815e-003
575 7.659463e-005 1.614261e-003
576 9.015610e-005 2.127203e-003
577 8.484629e-005 1.730835e-003
578 9.015610e-005 2.127203e-003
579 6.811806e-005 1.393843e-003
580 9.848758e-005 2.942887e-003
581 4.653727e-004 6.270839e-003
582 2.555389e-004 1.720355e-003
583 2.268127e-003 2.558601e-002
584 3.539682e-004 2.833042e-003
585 4.098181e-004 5.715600e-003
586 1.789072e-004 2.821720e-003
587 2.012972e-004 2.849736e-003
588 6.380150e-004 3.940355e-003
589 3.367807e-005 1.057814e-003
590 1.516991e-004 2.011970e-003
591 3.121581e-004 3.949952e-003
592 3.761201e-004 3.932483e-003
593 8.942907e-005 2.015930e-003
594 3.761201e-004 3.932483e-003
595 1.042210e-004 2.626595e-003
596 1.617642e-005 9.471231e-004
597 1.617642e-005 9.471231e-004
598 9.072972e-005 2.076982e-003
599 9.072972e-005 2.076982e-003
600 4.545564e-005 1.635254e-003
601 3.679032e-005 1.362515e-003
602 6.748602e-005 1.357489e-003
603 3.765811e-004 3.536929e-003
604 3.679032e-005 1.362515e-003
605 8.017871e-005 1.867759e-003
606 1.861845e-004 2.512453e-003
607 8.748092e-005 2.555615e-003
608 2.995099e-005 9.608977e-004
609 8.760327e-005 2.032647e-003
610 8.760327e-005 2.032647e-003
611 8.039994e-005 1.410725e-003
612 4.529504e-004 5.238932e-003
613 7.458876e-005 1.278995e-003
614 4.545564e-005 1.635254e-003
615 1.996739e-004 2.719304e-003
616 6.954976e-005 1.201725e-003
617 4.529504e-004 5.238932e-003
618 1.033806e-004 2.497962e-003
619 3.430227e-005 1.070219e-003
620 4.446542e-005 1.970406e-003
621 5.943521e-005 1.124931e-003
622 3.306273e-005 9.318233e-004
623 7.105849e-005 1.441284e-003
624 3.124387e-005 9.817575e-004
625 1.226688e-004 1.200078e-003
626 6.625296e-005 1.143662e-003
627 6.625296e-005 1.143662e-003
628 3.777683e-005 1.481049e-003
629 8.222265e-006 8.389100e-004
630 1.617642e-005 9.471231e-004
631 6.050540e-005 1.245675e-003
632 1.522370e-005 8.459115e-004
633 3.928369e-004 3.799204e-003
634 3.340649e-005 1.016247e-003
635 2.146752e-004 3.352323e-003
636 3.761201e-004 3.932483e-003
637 1.488622e-004 1.479187e-003
638 7.150224e-005 1.229196e-003
639 3.462352e-005 1.132327e-003
640 7.150224e-005 1.229196e-003
641 1.870004e-005 1.116404e-003
642 8.193216e-005 1.942203e-003
643 6.446485e-004 4.823297e-003
644 1.727274e-004 2.207401e-003
645 1.996739e-004 2.719304e-003
646 8.779508e-005 1.732577e-003
647 1.617642e-005 9.471231e-004
648 1.548608e-004 1.994822e-003
649 3.191097e-004 2.913054e-003
650 2.995099e-005 9.608977e-004
651 2.050436e-004 3.616810e-003
652 2.814230e-004 2.333734e-003
653 1.790200e-004 2.473561e-003
654 7.208353e-005 1.277514e-003
655 9.848758e-005 2.942887e-003
656 3.169458e-005 9.097491e-004
657 1.178741e-004 1.278532e-003
658 4.251301e-005 1.588325e-003
659 1.861845e-004 2.512453e-003
660 3.376866e-004 2.674336e-003
661 8.039994e-005 1.410725e-003
662 1.778495e-003 1.008039e-002
663 3.796426e-004 3.791409e-003
664 2.935712e-004 2.529735e-003
665 9.933976e-005 2.749706e-003
666 2.864904e-004 2.618551e-003
667 1.522370e-005 8.459115e-004
668 1.741316e-004 2.320231e-003
669 7.332590e-004 4.393045e-003
670 2.028655e-004 3.643362e-003
671 6.954976e-005 1.201725e-003
672 1.737512e-004 2.980744e-003
673 1.042210e-004 2.626595e-003
674 3.367807e-005 1.057814e-003
675 6.643620e-004 4.028749e-003
676 7.150224e-005 1.229196e-003
677 3.367807e-005 1.057814e-003
678 7.578098e-005 1.624179e-003
679 3.960305e-004 4.055816e-003
680 2.487177e-004 1.465020e-003
681 1.467454e-004 1.682394e-003
682 7.597696e-005 1.519725e-003
683 4.566328e-004 5.534812e-003
684 3.217040e-004 3.128696e-003
685 8.039994e-005 1.410725e-003
686 9.848758e-005 2.942887e-003
687 1.102452e-003 8.563873e-003
688 9.463516e-005 1.887631e-003
689 8.942907e-005 2.015930e-003
690 3.367807e-005 1.057814e-003
691 2.364202e-004 5.028627e-003
692 3.340649e-005 1.016247e-003
693 9.015610e-005 2.127203e-003
694 1.861845e-004 2.512453e-003
695 4.234427e-004 4.492989e-003
696 7.273459e-004 4.133713e-003
697 1.929674e-004 2.715341e-003
698 8.612006e-004 7.670950e-003
699 3.124387e-005 9.817575e-004
700 8.612006e-004 7.670950e-003
701 7.578098e-005 1.624179e-003
702 1.617642e-005 9.471231e-004
703 7.296389e-005 1.561931e-003
704 1.617642e-005 9.471231e-004
705 1.914113e-004 2.585993e-003
706 1.617642e-005 9.471231e-004
707 1.752190e-004 1.968215e-003
708 1.577702e-004 2.044926e-003
709 6.954976e-005 1.201725e-003
710 6.629236e-005 1.234767e-003
711 1.711813e-005 8.951727e-004
712 8.416208e-005 1.673961e-003
713 3.701293e-005 1.395398e-003
714 8.484629e-005 1.730835e-003
715 7.643669e-005 1.553559e-003
716 1.861845e-004 2.512453e-003
717 3.701293e-005 1.395398e-003
718 8.484629e-005 1.730835e-003
719 5.056642e-004 5.341007e-003
720 1.698008e-005 8.740449e-004
721 2.940374e-005 8.700371e-004
722 4.330423e-005 1.830885e-003
723 1.418902e-004 1.514178e-003
724 3.851849e-005 1.301601e-003
725 1.698008e-005 8.740449e-004
726 1.823518e-004 3.026751e-003
727 4.697504e-005 1.976407e-003
728 8.416208e-005 1.673961e-003
729 1.978094e-004 2.958924e-003
730 1.588086e-005 8.565142e-004
731 5.056642e-004 5.341007e-003
732 3.340649e-005 1.016247e-003
733 8.222265e-006 8.389100e-004
734 4.330423e-005 1.830885e-003
735 6.954976e-005 1.201725e-003
736 1.914113e-004 2.585993e-003
737 3.340649e-005 1.016247e-003
738 3.225756e-004 2.274072e-003
739 6.185282e-005 1.044694e-003
740 1.033806e-004 2.497962e-003
741 9.182707e-005 2.160413e-003
742 9.182707e-005 2.160413e-003
743 4.133641e-004 5.333690e-003
744 7.597696e-005 1.519725e-003
745 3.367807e-005 1.057814e-003
746 1.617642e-005 9.471231e-004
747 8.593360e-005 2.233700e-003
748 6.508111e-005 1.057259e-003
749 2.083052e-004 3.971116e-003
750 7.296389e-005 1.561931e-003
751 1.806599e-004 2.929433e-003
752 3.430227e-005 1.070219e-003
753 6.748602e-005 1.357489e-003
754 4.691560e-004 6.849887e-003
755 1.376085e-004 2.041516e-003
756 3.367807e-005 1.057814e-003
757 1.617642e-005 9.471231e-004
758 1.376085e-004 2.041516e-003
759 1.617642e-005 9.471231e-004
760 3.267875e-005 1.217848e-003
761 1.204366e-004 1.185309e-003
762 6.954976e-005 1.201725e-003
763 3.340649e-005 1.016247e-003
764 3.047245e-004 2.382719e-003
765 2.056098e-004 5.031109e-003
766 6.629236e-005 1.234767e-003
767 1.348259e-004 1.870722e-003
768 3.679032e-005 1.362515e-003
769 1.287729e-004 1.260948e-003
770 1.376085e-004 2.041516e-003
771 3.669542e-005 1.467375e-003
772 3.340649e-005 1.016247e-003
773 1.068361e-004 2.867951e-003
774 1.617642e-005 9.471231e-004
775 1.418902e-004 1.514178e-003
776 3.679032e-005 1.362515e-003
777 2.995099e-005 9.608977e-004
778 3.303303e-004 3.416867e-003
779 7.597696e-005 1.519725e-003
780 2.050436e-004 3.616810e-003
781 4.330423e-005 1.830885e-003
782 1.617642e-005 9.471231e-004
783 9.015610e-005 2.127203e-003
784 1.065606e-004 3.159230e-003
785 5.784870e-005 1.008362e-003
786 2.234142e-004 5.746120e-003
787 7.578098e-005 1.624179e-003
788 3.679032e-005 1.362515e-003
789 1.631639e-005 9.153935e-004
790 1.823518e-004 3.026751e-003
791 7.432185e-005 1.978229e-003
792 6.811806e-005 1.393843e-003
793 4.330423e-005 1.830885e-003
794 3.340649e-005 1.016247e-003
795 2.022335e-003 1.830976e-002
796 8.850883e-005 1.789927e-003
797 1.789072e-004 2.821720e-003
798 2.841801e-004 2.426512e-003
799 7.300728e-005 1.704738e-003
800 1.865180e-005 1.221899e-003
801 2.995099e-005 9.608977e-004
802 3.372150e-004 3.309309e-003
803 1.656134e-004 3.185987e-003
804 8.760327e-005 2.032647e-003
805 1.351745e-004 1.766905e-003
806 2.928704e-004 2.076252e-003
807 7.677027e-004 4.165020e-003
808 3.462352e-005 1.132327e-003
809 9.093620e-005 2.044827e-003
810 7.519514e-005 1.327718e-003
811 3.679032e-005 1.362515e-003
812 1.031139e-004 2.779820e-003
813 3.384260e-004 2.245892e-003
814 2.045147e-004 3.895782e-003
815 4.330423e-005 1.830885e-003
816 8.748092e-005 2.555615e-003
817 2.234142e-004 5.746120e-003
818 3.679032e-005 1.362515e-003
819 5.938944e-004 8.832509e-003
820 7.105849e-005 1.441284e-003
821 4.108779e-004 5.441334e-003
822 1.376085e-004 2.041516e-003
823 6.683129e-005 1.317252e-003
824 1.252508e-004 1.660668e-003
825 1.823518e-004 3.026751e-003
826 5.939988e-005 1.062123e-003
827 1.387992e-004 1.896283e-003
828 1.519956e-004 2.204306e-003
829 1.543333e-004 2.588753e-003
830 1.438440e-003 1.064038e-002
831 3.893206e-005 1.244363e-003
832 1.617642e-005 9.471231e-004
833 3.344956e-004 3.083268e-003
834 1.989594e-004 4.591153e-003
835 3.340649e-005 1.016247e-003
836 8.222265e-006 8.389100e-004
837 3.697005e-004 2.889330e-003
838 6.827899e-005 1.044009e-003
839 3.552501e-004 3.125777e-003
840 2.028655e-004 3.643362e-003
841 1.872415e-004 3.346317e-003
842 1.059361e-003 9.533112e-003
843 7.432185e-005 1.978229e-003
844 4.223504e-004 4.769701e-003
845 2.364202e-004 5.028627e-003
846 7.208353e-005 1.277514e-003
847 1.909175e-004 2.867623e-003
848 1.778495e-003 1.008039e-002
849 1.586659e-004 2.751531e-003
850 1.199754e-003 1.374393e-002
851 1.834552e-004 3.115286e-003
852 2.050794e-004 5.316809e-003
853 7.673318e-004 5.411335e-003
854 1.455091e-003 6.736733e-003
855 2.741124e-004 7.943340e-003
856 3.155485e-004 2.718066e-003
857 6.821766e-004 4.341053e-003
858 2.852623e-004 7.248691e-003
859 4.993083e-005 2.566458e-003
860 3.376866e-004 2.674336e-003
861 1.865180e-005 1.221899e-003
862 2.105417e-004 3.952197e-003
863 2.487177e-004 1.465020e-003
864 1.872415e-004 3.346317e-003
865 3.657999e-004 3.214231e-003
866 9.039860e-004 6.454630e-003
867 1.199754e-003 1.374393e-002
868 1.621993e-004 2.107243e-003
869 8.428769e-004 8.987502e-003
870 7.310141e-004 6.778068e-003
871 7.673318e-004 5.411335e-003
872 2.116233e-003 1.775442e-002
873 2.474036e-004 5.135406e-003
874 4.697504e-005 1.976407e-003
875 4.075380e-005 1.559941e-003
876 1.617642e-005 9.471231e-004
877 9.823353e-005 3.223597e-003
878 4.778465e-004 5.665107e-003
879 2.623910e-004 1.793208e-003
880 1.806599e-004 2.929433e-003
881 3.124387e-005 9.817575e-004
882 2.114604e-004 3.856268e-003
883 1.351745e-004 1.766905e-003
884 8.532099e-004 7.990969e-003
885 8.771622e-004 7.849626e-003
886 1.039522e-004 2.908121e-003
887 7.725738e-005 1.544276e-003
888 9.489648e-005 2.519119e-003
889 1.670125e-004 2.009400e-003
890 2.345137e-004 4.736829e-003
891 2.486627e-003 1.966299e-002
892 4.582518e-005 1.691813e-003
893 7.264554e-004 4.737770e-003
894 8.942907e-005 2.015930e-003
895 1.068361e-004 2.867951e-003
896 7.625696e-004 7.287193e-003
897 3.607139e-004 3.921950e-003
898 8.942907e-005 2.015930e-003
899 2.152304e-004 3.071946e-003
900 1.547324e-004 2.486793e-003
901 3.128416e-004 2.886792e-003
902 3.267875e-005 1.217848e-003
903 7.281896e-005 1.808715e-003
904 5.281693e-004 7.491598e-003
905 7.496494e-005 1.832449e-003
906 1.953241e-004 3.476723e-003
907 3.369554e-005 9.851156e-004
908 3.886922e-004 4.350422e-003
909 1.700543e-004 3.475693e-003
910 7.281896e-005 1.808715e-003
911 2.345137e-004 4.736829e-003
912 1.989594e-004 4.591153e-003
913 4.330423e-005 1.830885e-003
914 2.102561e-004 4.348275e-003
915 3.218709e-004 2.753710e-003
916 3.669542e-005 1.467375e-003
917 4.075380e-005 1.559941e-003
918 4.330423e-005 1.830885e-003
919 9.064822e-004 8.398500e-003
920 1.127445e-004 3.873924e-003
921 3.535124e-005 9.683208e-004
922 1.911769e-004 2.670250e-003
923 1.911769e-004 2.670250e-003
924 4.260049e-004 4.590396e-003
925 1.267744e-004 4.238746e-003
926 1.621993e-004 2.107243e-003
927 3.141573e-004 1.132028e-002
928 1.102452e-003 8.563873e-003
929 2.193321e-004 4.494711e-003
930 4.282860e-004 5.514012e-003
931 2.152680e-004 4.390347e-003
932 2.088439e-004 3.692339e-003
933 4.242013e-005 1.851380e-003
934 1.031139e-004 2.779820e-003
935 4.330423e-005 1.830885e-003
936 9.779843e-005 2.237219e-003
937 1.924079e-004 2.882926e-003
938 3.367807e-005 1.057814e-003
939 1.902234e-004 3.153753e-003
940 2.852623e-004 7.248691e-003
941 3.893206e-005 1.244363e-003
942 7.871373e-005 1.624526e-003
943 5.044724e-004 7.931822e-003
944 4.251301e-005 1.588325e-003
945 8.363976e-005 1.923601e-003
946 2.201098e-005 1.541198e-003
947 5.281693e-004 7.491598e-003
948 3.861810e-005 1.196312e-003
949 1.039522e-004 2.908121e-003
950 9.039860e-004 6.454630e-003
951 2.618061e-004 4.780470e-003
952 4.098181e-004 5.715600e-003
953 7.659463e-005 1.614261e-003
954 2.370731e-004 6.968559e-003
955 4.330423e-005 1.830885e-003
956 3.267875e-005 1.217848e-003
957 6.089290e-005 3.822073e-003
958 4.446542e-005 1.970406e-003
959 1.625545e-004 1.807336e-003
960 4.242013e-005 1.851380e-003
961 2.954045e-004 2.010265e-003
962 1.918693e-004 2.962396e-003
963 7.087520e-005 1.545941e-003
964 3.279611e-005 9.103999e-004
965 9.463516e-005 1.887631e-003
966 6.954976e-005 1.201725e-003
967 1.727274e-004 2.207401e-003
968 3.124387e-005 9.817575e-004
969 6.452281e-005 1.087772e-003
970 8.942907e-005 2.015930e-003
971 2.033901e-004 3.363738e-003
972 3.447246e-004 2.670993e-003
973 6.185282e-005 1.044694e-003
974 6.185282e-005 1.044694e-003
975 7.597696e-005 1.519725e-003
976 1.806599e-004 2.929433e-003
977 8.942907e-005 2.015930e-003
978 6.185282e-005 1.044694e-003
979 3.340649e-005 1.016247e-003
980 7.597696e-005 1.519725e-003
981 1.418166e-004 1.679483e-003
982 1.617642e-005 9.471231e-004
983 3.851849e-005 1.301601e-003
984 1.861845e-004 2.512453e-003
985 8.612006e-004 7.670950e-003
986 1.789072e-004 2.821720e-003
987 1.621993e-004 2.107243e-003
988 3.367807e-005 1.057814e-003
989 1.380156e-004 1.602832e-003
990 3.340649e-005 1.016247e-003
991 8.771622e-004 7.849626e-003
992 3.458113e-005 1.112901e-003
993 3.761201e-004 3.932483e-003
994 3.340649e-005 1.016247e-003
995 1.827827e-004 2.090248e-003
996 5.690859e-004 2.580386e-003
997 1.727274e-004 2.207401e-003
998 4.211603e-005 1.898576e-003
999 1.267744e-004 4.238746e-003
1000 3.340649e-005 1.016247e-003
1001 2.045147e-004 3.895782e-003
1002 4.260049e-004 4.590396e-003
1003 9.015610e-005 2.127203e-003
1004 3.866790e-004 3.870174e-003
1005 1.617642e-005 9.471231e-004
1006 2.046208e-004 3.454312e-003
1007 4.582518e-005 1.691813e-003
1008 7.578098e-005 1.624179e-003
1009 1.711813e-005 8.951727e-004
1010 7.300728e-005 1.704738e-003
1011 4.909516e-004 6.753731e-003
1012 9.863158e-004 1.007656e-002
1013 1.902234e-004 3.153753e-003
1014 1.312269e-004 1.606293e-003
1015 1.591353e-004 1.977947e-003
1016 1.381027e-004 1.342508e-003
1017 3.143899e-005 8.885038e-004
1018 3.761201e-004 3.932483e-003
1019 1.865180e-005 1.221899e-003
1020 3.765811e-004 3.536929e-003
1021 9.463516e-005 1.887631e-003
1022 3.340649e-005 1.016247e-003
1023 9.463516e-005 1.887631e-003
1024 6.311722e-005 1.287815e-003
1025 3.340649e-005 1.016247e-003
1026 3.340649e-005 1.016247e-003
1027 1.257520e-004 4.082276e-003
1028 1.181581e-003 1.149081e-002
1029 7.281896e-005 1.808715e-003
1030 4.393404e-005 1.927908e-003
1031 1.655798e-004 2.092080e-003
1032 4.234427e-004 4.492989e-003
1033 1.617642e-005 9.471231e-004
1034 2.710013e-004 1.911064e-003
1035 4.330423e-005 1.830885e-003
1036 2.788118e-004 2.542476e-003
1037 9.268707e-005 2.326676e-003
1038 8.416208e-005 1.673961e-003
1039 3.669542e-005 1.467375e-003
1040 8.017871e-005 1.867759e-003
1041 3.585043e-004 4.111172e-003
1042 6.954976e-005 1.201725e-003
1043 1.617642e-005 9.471231e-004
1044 3.701293e-005 1.395398e-003
1045 3.851849e-005 1.301601e-003
1046 3.340649e-005 1.016247e-003
1047 1.617642e-005 9.471231e-004
1048 7.578098e-005 1.624179e-003
1049 1.617642e-005 9.471231e-004
1050 3.420141e-004 3.893676e-003
1051 1.861845e-004 2.512453e-003
1052 3.267875e-005 1.217848e-003
1053 1.343316e-004 1.350634e-003
1054 1.617642e-005 9.471231e-004
1055 1.617642e-005 9.471231e-004
1056 3.669542e-005 1.467375e-003
1057 6.811806e-005 1.393843e-003
1058 2.940374e-005 8.700371e-004
1059 9.015610e-005 2.127203e-003
1060 8.222265e-006 8.389100e-004
1061 8.222265e-006 8.389100e-004
1062 1.617642e-005 9.471231e-004
1063 8.542558e-004 7.093675e-003
1064 1.011285e-004 3.260203e-003
1065 2.201098e-005 1.541198e-003
1066 1.522370e-005 8.459115e-004
1067 3.340649e-005 1.016247e-003
1068 1.617642e-005 9.471231e-004
1069 1.617642e-005 9.471231e-004
1070 1.617642e-005 9.471231e-004
1071 1.617642e-005 9.471231e-004
1072 3.267875e-005 1.217848e-003
1073 1.617642e-005 9.471231e-004
1074 3.210074e-005 1.097596e-003
1075 3.669542e-005 1.467375e-003
1076 6.235567e-005 1.086491e-003
1077 7.432185e-005 1.978229e-003
1078 8.942907e-005 2.015930e-003
1079 3.267875e-005 1.217848e-003
1080 1.991588e-004 3.000591e-003
1081 3.915235e-004 4.036331e-003
1082 6.235567e-005 1.086491e-003
1083 6.827899e-005 1.044009e-003
1084 1.617642e-005 9.471231e-004
1085 1.617642e-005 9.471231e-004
1086 3.679032e-005 1.362515e-003
1087 1.617642e-005 9.471231e-004
1088 3.679032e-005 1.362515e-003
1089 1.617642e-005 9.471231e-004
1090 1.617642e-005 9.471231e-004
1091 1.617642e-005 9.471231e-004
1092 1.617642e-005 9.471231e-004
1093 1.545225e-004 2.480736e-003
1094 9.015610e-005 2.127203e-003
1095 6.954976e-005 1.201725e-003
1096 1.823518e-004 3.026751e-003
1097 1.793884e-003 9.679669e-003
1098 2.028655e-004 3.643362e-003
1099 1.488622e-004 1.479187e-003
1100 1.698008e-005 8.740449e-004
1101 3.191097e-004 2.913054e-003
1102 2.045147e-004 3.895782e-003
1103 7.643669e-005 1.553559e-003
1104 3.891687e-004 3.941646e-003
1105 3.535124e-005 9.683208e-004
1106 8.039994e-005 1.410725e-003
1107 6.954976e-005 1.201725e-003
1108 1.591353e-004 1.977947e-003
1109 3.462352e-005 1.132327e-003
1110 1.591353e-004 1.977947e-003
1111 3.340649e-005 1.016247e-003
1112 3.535124e-005 9.683208e-004
1113 1.911769e-004 2.670250e-003
1114 8.019255e-005 1.515461e-003
1115 1.287729e-004 1.260948e-003
1116 2.201098e-005 1.541198e-003
1117 1.581782e-004 1.941560e-003
1118 8.942907e-005 2.015930e-003
1119 6.341067e-004 4.990854e-003
1120 1.581782e-004 1.941560e-003
1121 1.380156e-004 1.602832e-003
1122 3.596052e-004 2.911081e-003
1123 4.582518e-005 1.691813e-003
1124 3.588195e-004 3.723206e-003
1125 8.087247e-005 1.783138e-003
1126 1.909175e-004 2.867623e-003
1127 1.861845e-004 2.512453e-003
1128 3.898225e-004 4.131478e-003
1129 1.298871e-004 1.231934e-003
1130 2.607626e-004 2.254623e-003
1131 7.208353e-005 1.277514e-003
1132 7.781301e-005 1.746613e-003
1133 3.075411e-005 1.013386e-003
1134 9.578523e-005 2.690940e-003
1135 7.578098e-005 1.624179e-003
1136 1.577702e-004 2.044926e-003
1137 1.581782e-004 1.941560e-003
1138 3.679032e-005 1.362515e-003
1139 4.582518e-005 1.691813e-003
1140 7.597696e-005 1.519725e-003
1141 5.005996e-005 2.284049e-003
1142 1.669259e-004 2.203973e-003
1143 7.248682e-004 6.459924e-003
1144 7.725738e-005 1.544276e-003
1145 1.471050e-004 2.771059e-003
1146 2.131795e-004 4.119382e-003
1147 1.879610e-004 3.704285e-003
1148 4.582518e-005 1.691813e-003
1149 1.503810e-004 2.119881e-003
1150 6.954976e-005 1.201725e-003
1151 1.507699e-004 2.016708e-003
1152 6.909187e-004 6.804299e-003
1153 1.178741e-004 1.278532e-003
1154 3.679032e-005 1.362515e-003
1155 7.413014e-005 2.081501e-003
1156 1.870004e-005 1.116404e-003
1157 3.047245e-004 2.382719e-003
1158 6.976419e-005 1.617688e-003
1159 3.340649e-005 1.016247e-003
1160 7.659463e-005 1.614261e-003
1161 1.620007e-004 2.178642e-003
1162 3.552501e-004 3.125777e-003
1163 3.679032e-005 1.362515e-003
1164 1.790200e-004 2.473561e-003
1165 9.158525e-004 6.820738e-003
1166 3.701293e-005 1.395398e-003
1167 3.345635e-004 5.374663e-003
1168 1.519956e-004 2.204306e-003
1169 1.595469e-004 1.874407e-003
1170 1.507699e-004 2.016708e-003
1171 2.046208e-004 3.454312e-003
1172 4.025694e-004 4.970353e-003
1173 1.617642e-005 9.471231e-004
1174 3.418108e-004 3.423649e-003
1175 8.345703e-005 2.409670e-003
1176 3.210074e-005 1.097596e-003
1177 4.025694e-004 4.970353e-003
1178 6.171804e-004 3.832141e-003
1179 1.545225e-004 2.480736e-003
1180 4.367893e-005 1.745944e-003
1181 1.617642e-005 9.471231e-004
1182 3.217040e-004 3.128696e-003
1183 7.141470e-005 1.260671e-003
1184 1.810759e-004 2.320496e-003
1185 9.848758e-005 2.942887e-003
1186 3.486675e-004 3.300213e-003
1187 1.617642e-005 9.471231e-004
1188 1.865180e-005 1.221899e-003
1189 1.617642e-005 9.471231e-004
1190 6.629236e-005 1.234767e-003
1191 3.679032e-005 1.362515e-003
1192 4.172354e-004 5.499787e-003
1193 7.300728e-005 1.704738e-003
1194 9.244799e-005 2.608976e-003
1195 3.539682e-004 2.833042e-003
1196 1.380156e-004 1.602832e-003
1197 3.669542e-005 1.467375e-003
1198 1.617642e-005 9.471231e-004
1199 3.960305e-004 4.055816e-003
1200 4.375966e-004 4.929664e-003
1201 1.617642e-005 9.471231e-004
1202 9.182707e-005 2.160413e-003
1203 3.898225e-004 4.131478e-003
1204 8.416208e-005 1.673961e-003
1205 6.954976e-005 1.201725e-003
1206 1.861845e-004 2.512453e-003
1207 4.582518e-005 1.691813e-003
1208 6.748602e-005 1.357489e-003
1209 7.597696e-005 1.519725e-003
1210 4.697504e-005 1.976407e-003
1211 1.861845e-004 2.512453e-003
1212 7.015155e-005 1.172198e-003
1213 4.330423e-005 1.830885e-003
1214 8.222265e-006 8.389100e-004
1215 7.150224e-005 1.229196e-003
1216 4.545564e-005 1.635254e-003
1217 4.223504e-004 4.769701e-003
1218 2.201098e-005 1.541198e-003
1219 2.201098e-005 1.541198e-003
1220 6.963943e-004 4.252757e-003
1221 1.806599e-004 2.929433e-003
1222 4.136562e-004 5.936362e-003
1223 2.146752e-004 3.352323e-003
1224 1.806599e-004 2.929433e-003
1225 1.617642e-005 9.471231e-004
1226 1.617642e-005 9.471231e-004
1227 6.235567e-005 1.086491e-003
1228 8.942907e-005 2.015930e-003
1229 1.806599e-004 2.929433e-003
1230 5.005996e-005 2.284049e-003
1231 1.929674e-004 2.715341e-003
1232 2.610822e-004 1.981122e-003
1233 4.993083e-005 2.566458e-003
1234 3.974757e-004 3.535124e-003
1235 2.428832e-004 4.351516e-003
1236 6.748602e-005 1.357489e-003
1237 4.271066e-004 4.313221e-003
1238 1.877955e-004 2.433410e-003
1239 1.249518e-004 1.414955e-003
1240 3.340649e-005 1.016247e-003
1241 3.340649e-005 1.016247e-003
1242 5.626743e-004 8.864088e-003
1243 3.489347e-004 3.316233e-003
1244 1.351745e-004 1.766905e-003
1245 3.679032e-005 1.362515e-003
1246 3.679032e-005 1.362515e-003
1247 1.372535e-004 2.144625e-003
1248 8.102195e-004 5.302287e-003
1249 7.432185e-005 1.978229e-003
1250 2.604088e-004 2.084387e-003
1251 6.185282e-005 1.044694e-003
1252 1.405007e-004 1.732181e-003
1253 8.628181e-004 7.359430e-003
1254 7.659463e-005 1.614261e-003
1255 7.300728e-005 1.704738e-003
1256 8.222265e-006 8.389100e-004
1257 1.806599e-004 2.929433e-003
1258 1.033806e-004 2.497962e-003
1259 1.735985e-004 3.369362e-003
1260 3.585043e-004 4.111172e-003
1261 3.124387e-005 9.817575e-004
1262 1.259676e-004 1.499393e-003
1263 2.499721e-004 2.080527e-003
1264 3.427629e-004 2.980865e-003
1265 8.942907e-005 2.015930e-003
1266 2.050436e-004 3.616810e-003
1267 9.848758e-005 2.942887e-003
1268 1.735985e-004 3.369362e-003
1269 1.806599e-004 2.929433e-003
1270 8.697528e-005 2.016407e-003
1271 1.530887e-004 2.398270e-003
1272 1.617642e-005 9.471231e-004
1273 2.028655e-004 3.643362e-003
1274 3.765085e-004 4.554730e-003
1275 1.924079e-004 2.882926e-003
1276 1.405007e-004 1.732181e-003
1277 9.015610e-005 2.127203e-003
1278 4.651314e-004 7.274881e-003
1279 3.367807e-005 1.057814e-003
1280 2.555389e-004 1.720355e-003
1281 3.679032e-005 1.362515e-003
1282 1.315663e-004 1.501792e-003
1283 4.347971e-004 4.851871e-003
1284 1.617642e-005 9.471231e-004
1285 8.942907e-005 2.015930e-003
1286 4.545564e-005 1.635254e-003
1287 7.659463e-005 1.614261e-003
1288 2.995099e-005 9.608977e-004
1289 5.159981e-005 2.938737e-003
1290 5.777622e-004 9.773157e-003
1291 3.669542e-005 1.467375e-003
1292 9.605589e-004 9.262451e-003
1293 1.200679e-004 1.577045e-003
1294 7.208353e-005 1.277514e-003
1295 4.582518e-005 1.691813e-003
1296 1.655798e-004 2.092080e-003
1297 7.840131e-004 4.853560e-003
1298 4.336755e-004 5.127657e-003
1299 2.995099e-005 9.608977e-004
1300 1.617642e-005 9.471231e-004
1301 4.330423e-005 1.830885e-003
1302 1.230126e-004 5.009467e-003
1303 1.861845e-004 2.512453e-003
1304 4.330423e-005 1.830885e-003
1305 2.956825e-004 2.726039e-003
1306 1.617642e-005 9.471231e-004
1307 6.954976e-005 1.201725e-003
1308 6.954976e-005 1.201725e-003
1309 6.487771e-004 1.266272e-002
1310 3.340649e-005 1.016247e-003
1311 3.985037e-004 3.255219e-003
1312 7.463785e-004 6.101640e-003
1313 3.340649e-005 1.016247e-003
1314 7.281896e-005 1.808715e-003
1315 6.311722e-005 1.287815e-003
1316 1.617642e-005 9.471231e-004
1317 1.698008e-005 8.740449e-004
1318 8.228051e-004 5.502489e-003
1319 4.049207e-004 4.500499e-003
1320 4.446542e-005 1.970406e-003
1321 2.028655e-004 3.643362e-003
1322 1.617642e-005 9.471231e-004
1323 1.617642e-005 9.471231e-004
1324 1.406730e-004 1.584421e-003
1325 2.033901e-004 3.363738e-003
1326 4.330423e-005 1.830885e-003
1327 1.351745e-004 1.766905e-003
1328 2.995099e-005 9.608977e-004
1329 1.914113e-004 2.585993e-003
1330 2.713695e-004 2.032999e-003
1331 3.340649e-005 1.016247e-003
1332 1.617642e-005 9.471231e-004
1333 3.340649e-005 1.016247e-003
1334 3.340649e-005 1.016247e-003
1335 1.198002e-004 4.623483e-003
1336 4.330423e-005 1.830885e-003
1337 7.597696e-005 1.519725e-003
1338 7.150224e-005 1.229196e-003
1339 1.376085e-004 2.041516e-003
1340 4.330423e-005 1.830885e-003
1341 2.033901e-004 3.363738e-003
1342 1.617642e-005 9.471231e-004
1343 1.617642e-005 9.471231e-004
1344 4.330423e-005 1.830885e-003
1345 3.866790e-004 3.870174e-003
1346 6.235567e-005 1.086491e-003
1347 1.617642e-005 9.471231e-004
1348 1.867585e-004 3.625986e-003
1349 1.739752e-003 1.337357e-002
1350 4.446542e-005 1.970406e-003
1351 6.954976e-005 1.201725e-003
1352 8.823786e-005 2.384023e-003
1353 8.748092e-005 2.555615e-003
1354 8.942907e-005 2.015930e-003
1355 8.363976e-005 1.923601e-003
1356 1.405007e-004 1.732181e-003
1357 6.050540e-005 1.245675e-003
1358 6.811806e-005 1.393843e-003
1359 3.340649e-005 1.016247e-003
1360 3.340649e-005 1.016247e-003
1361 9.268707e-005 2.326676e-003
1362 6.811806e-005 1.393843e-003
1363 3.679032e-005 1.362515e-003
1364 6.629236e-005 1.234767e-003
1365 8.748092e-005 2.555615e-003
1366 6.185282e-005 1.044694e-003
1367 1.617642e-005 9.471231e-004
1368 4.108779e-004 5.441334e-003
1369 4.330423e-005 1.830885e-003
1370 1.617642e-005 9.471231e-004
1371 8.942907e-005 2.015930e-003
1372 6.748602e-005 1.357489e-003
1373 2.995099e-005 9.608977e-004
1374 7.597696e-005 1.519725e-003
1375 8.017871e-005 1.867759e-003
1376 1.940470e-003 1.658864e-002
1377 1.655798e-004 2.092080e-003
1378 1.617642e-005 9.471231e-004
1379 1.617642e-005 9.471231e-004
1380 5.044724e-004 7.931822e-003
1381 4.330423e-005 1.830885e-003
1382 1.522370e-005 8.459115e-004
1383 1.774645e-004 2.600906e-003
1384 8.942907e-005 2.015930e-003
1385 8.942907e-005 2.015930e-003
1386 8.942907e-005 2.015930e-003
1387 9.015610e-005 2.127203e-003
1388 2.995099e-005 9.608977e-004
1389 3.367807e-005 1.057814e-003
1390 1.617642e-005 9.471231e-004
1391 8.880601e-005 2.594856e-003
1392 1.617642e-005 9.471231e-004
1393 1.861845e-004 2.512453e-003
1394 1.405007e-004 1.732181e-003
1395 6.954976e-005 1.201725e-003
1396 2.601401e-004 1.851820e-003
1397 8.416208e-005 1.673961e-003
1398 2.420141e-004 6.628433e-003
1399 3.276665e-004 3.195441e-003
1400 6.954976e-005 1.201725e-003
1401 1.861845e-004 2.512453e-003
1402 1.698008e-005 8.740449e-004
1403 4.330423e-005 1.830885e-003
1404 2.995099e-005 9.608977e-004
1405 8.363976e-005 1.923601e-003
1406 1.806599e-004 2.929433e-003
1407 1.617642e-005 9.471231e-004
1408 1.481291e-003 7.520685e-003
1409 7.840131e-004 4.853560e-003
1410 6.748602e-005 1.357489e-003
1411 3.679032e-005 1.362515e-003
1412 7.597696e-005 1.519725e-003
1413 1.617642e-005 9.471231e-004
1414 3.267875e-005 1.217848e-003
1415 3.210074e-005 1.097596e-003
1416 3.679032e-005 1.362515e-003
1417 1.617642e-005 9.471231e-004
1418 8.942907e-005 2.015930e-003
1419 5.784870e-005 1.008362e-003
1420 6.748602e-005 1.357489e-003
1421 9.668807e-005 2.391229e-003
1422 6.954976e-005 1.201725e-003
1423 3.679032e-005 1.362515e-003
1424 3.340649e-005 1.016247e-003
1425 3.340649e-005 1.016247e-003
1426 3.340649e-005 1.016247e-003
1427 3.340649e-005 1.016247e-003
1428 4.330423e-005 1.830885e-003
1429 7.578098e-005 1.624179e-003
1430 1.287729e-004 1.260948e-003
1431 9.536730e-004 6.947624e-003
1432 1.911769e-004 2.670250e-003
1433 1.227417e-004 1.291216e-003
1434 3.143899e-005 8.885038e-004
1435 1.698008e-005 8.740449e-004
1436 2.995099e-005 9.608977e-004
1437 1.588086e-005 8.565142e-004
1438 3.669542e-005 1.467375e-003
1439 2.028655e-004 3.643362e-003
1440 3.210074e-005 1.097596e-003
1441 3.340649e-005 1.016247e-003
1442 7.105849e-005 1.441284e-003
1443 9.257360e-005 2.274671e-003
1444 7.854176e-005 1.887502e-003
1445 6.351138e-005 1.099429e-003
1446 3.679032e-005 1.362515e-003
1447 3.937997e-004 6.713557e-003
1448 3.340649e-005 1.016247e-003
1449 4.330423e-005 1.830885e-003
1450 8.345703e-005 2.409670e-003
1451 1.861845e-004 2.512453e-003
1452 7.578098e-005 1.624179e-003
1453 6.629236e-005 1.234767e-003
1454 3.143899e-005 8.885038e-004
1455 3.679032e-005 1.362515e-003
1456 1.617642e-005 9.471231e-004
1457 3.367807e-005 1.057814e-003
1458 3.340649e-005 1.016247e-003
1459 2.995099e-005 9.608977e-004
1460 9.268707e-005 2.326676e-003
1461 1.617642e-005 9.471231e-004
1462 1.617642e-005 9.471231e-004
1463 1.617642e-005 9.471231e-004
1464 3.340649e-005 1.016247e-003
1465 1.617642e-005 9.471231e-004
1466 1.823518e-004 3.026751e-003
1467 2.995099e-005 9.608977e-004
1468 8.017871e-005 1.867759e-003
1469 1.507699e-004 2.016708e-003
1470 8.697528e-005 2.016407e-003
1471 1.259676e-004 1.499393e-003
1472 8.017871e-005 1.867759e-003
1473 3.340649e-005 1.016247e-003
1474 1.911769e-004 2.670250e-003
1475 3.458113e-005 1.112901e-003
1476 8.942907e-005 2.015930e-003
1477 6.954976e-005 1.201725e-003
1478 1.655798e-004 2.092080e-003
1479 4.033706e-004 4.139482e-003
1480 1.823518e-004 3.026751e-003
1481 4.036105e-004 4.694161e-003
1482 2.051500e-004 3.174198e-003
1483 6.748602e-005 1.357489e-003
1484 1.740654e-003 1.134567e-002
1485 3.765811e-004 3.536929e-003
1486 4.108779e-004 5.441334e-003
1487 6.311722e-005 1.287815e-003
1488 5.005996e-005 2.284049e-003
1489 1.617642e-005 9.471231e-004
1490 3.851849e-005 1.301601e-003
1491 3.765811e-004 3.536929e-003
1492 2.050436e-004 3.616810e-003
1493 6.811806e-005 1.393843e-003
1494 7.639705e-005 1.718471e-003
1495 1.435486e-004 2.137355e-003
1496 4.075380e-005 1.559941e-003
1497 3.928369e-004 3.799204e-003
1498 1.619728e-004 2.630107e-003
1499 7.432185e-005 1.978229e-003
1500 6.102893e-005 1.181817e-003
1501 9.823353e-005 3.223597e-003
1502 1.534846e-004 2.295817e-003
1503 4.580730e-004 5.346075e-003
1504 1.727274e-004 2.207401e-003
1505 4.330423e-005 1.830885e-003
1506 3.679032e-005 1.362515e-003
1507 6.748602e-005 1.357489e-003
1508 3.517714e-004 3.544167e-003
1509 3.679032e-005 1.362515e-003
1510 1.406730e-004 1.584421e-003
1511 9.015610e-005 2.127203e-003
1512 3.210074e-005 1.097596e-003
1513 7.578098e-005 1.624179e-003
1514 7.432185e-005 1.978229e-003
1515 1.924079e-004 2.882926e-003
1516 2.152304e-004 3.071946e-003
1517 3.765811e-004 3.536929e-003
1518 5.943521e-005 1.124931e-003
1519 8.363976e-005 1.923601e-003
1520 1.698008e-005 8.740449e-004
1521 8.748092e-005 2.555615e-003
1522 1.806599e-004 2.929433e-003
1523 7.413014e-005 2.081501e-003
1524 1.257520e-004 4.082276e-003
1525 2.474036e-004 5.135406e-003
1526 1.806599e-004 2.929433e-003
1527 1.806599e-004 2.929433e-003
1528 8.942907e-005 2.015930e-003
1529 8.942907e-005 2.015930e-003
1530 2.474036e-004 5.135406e-003
1531 8.942907e-005 2.015930e-003
1532 8.942907e-005 2.015930e-003
1533 8.942907e-005 2.015930e-003
1534 1.727274e-004 2.207401e-003
1535 1.617642e-005 9.471231e-004
1536 3.210074e-005 1.097596e-003
1537 4.330423e-005 1.830885e-003
1538 3.679032e-005 1.362515e-003
1539 1.617642e-005 9.471231e-004
1540 9.823353e-005 3.223597e-003
1541 7.819907e-004 5.129341e-003
1542 6.341067e-004 4.990854e-003
1543 1.334472e-003 8.283582e-003
1544 8.942907e-005 2.015930e-003
1545 3.710865e-005 1.290351e-003
1546 1.865180e-005 1.221899e-003
1547 4.223504e-004 4.769701e-003
1548 8.942907e-005 2.015930e-003
1549 6.748602e-005 1.357489e-003
1550 7.659463e-005 1.614261e-003
1551 7.854176e-005 1.887502e-003
1552 1.984462e-004 4.867612e-003
1553 1.139775e-003 4.454817e-003
1554 3.214213e-004 3.517184e-003
1555 3.130817e-004 2.954818e-003
1556 2.601401e-004 1.851820e-003
1557 4.234427e-004 4.492989e-003
1558 3.344956e-004 3.083268e-003
1559 3.191097e-004 2.913054e-003
1560 1.503810e-004 2.119881e-003
1561 5.811765e-004 3.121090e-003
1562 2.665696e-004 1.898329e-003
1563 3.121581e-004 3.949952e-003
1564 2.364202e-004 5.028627e-003
1565 3.047245e-004 2.382719e-003
1566 1.872415e-004 3.346317e-003
1567 2.724637e-004 7.699813e-003
1568 1.989594e-004 4.591153e-003
1569 3.453421e-005 1.237781e-003
1570 3.839849e-004 4.804407e-003
1571 3.210074e-005 1.097596e-003
1572 6.687345e-005 1.187197e-003
1573 5.967605e-004 3.286779e-003
1574 1.577702e-004 2.044926e-003
1575 9.015610e-005 2.127203e-003
1576 9.015610e-005 2.127203e-003
1577 9.536730e-004 6.947624e-003
1578 3.462352e-005 1.132327e-003
1579 1.444450e-004 1.708906e-003
1580 5.056642e-004 5.341007e-003
1581 6.870746e-005 1.321950e-003
1582 4.545564e-005 1.635254e-003
1583 4.364679e-004 5.215625e-003
1584 2.789877e-004 1.937814e-003
1585 9.320564e-004 1.141372e-002
1586 1.821286e-004 3.154222e-003
1587 3.851849e-005 1.301601e-003
1588 3.367807e-005 1.057814e-003
1589 9.779843e-005 2.237219e-003
1590 3.893206e-005 1.244363e-003
1591 4.582518e-005 1.691813e-003
1592 3.777683e-005 1.481049e-003
1593 2.201098e-005 1.541198e-003
1594 2.177598e-004 4.052595e-003
1595 6.235567e-005 1.086491e-003
1596 3.898225e-004 4.131478e-003
1597 9.848758e-005 2.942887e-003
1598 8.942907e-005 2.015930e-003
1599 1.806599e-004 2.929433e-003
1600 8.942907e-005 2.015930e-003
1601 7.141470e-005 1.260671e-003
1602 1.040528e-003 1.043751e-002
1603 1.372535e-004 2.144625e-003
1604 3.893206e-005 1.244363e-003
1605 8.222265e-006 8.389100e-004
1606 4.776036e-004 8.035691e-003
1607 1.065606e-004 3.159230e-003
1608 8.823786e-005 2.384023e-003
1609 6.062640e-004 3.525858e-003
1610 8.376206e-004 6.056173e-003
1611 6.163430e-004 3.418760e-003
1612 9.268707e-005 2.326676e-003
1613 1.617642e-005 9.471231e-004
1614 1.581782e-004 1.941560e-003
1615 4.657928e-004 5.429570e-003
1616 4.075380e-005 1.559941e-003
1617 1.343316e-004 1.350634e-003
1618 2.995099e-005 9.608977e-004
1619 8.048808e-004 6.740250e-003
1620 8.102195e-004 5.302287e-003
1621 8.686523e-004 7.249384e-003
1622 7.208353e-005 1.277514e-003
1623 5.824592e-004 1.049205e-002
1624 3.748409e-004 3.216759e-003
1625 9.268707e-005 2.326676e-003
1626 4.247482e-004 6.661280e-003
1627 3.198084e-004 2.354482e-003
1628 2.441081e-004 6.153729e-003
1629 5.954303e-004 8.056851e-003
1630 6.643620e-004 4.028749e-003
1631 4.909516e-004 6.753731e-003
1632 1.102452e-003 8.563873e-003
1633 7.578098e-005 1.624179e-003
1634 1.884471e-004 3.414416e-003
1635 1.698008e-005 8.740449e-004
1636 7.578098e-005 1.624179e-003
1637 3.462352e-005 1.132327e-003
1638 6.629236e-005 1.234767e-003
1639 3.851849e-005 1.301601e-003
1640 1.883141e-004 3.139860e-003
1641 1.418902e-004 1.514178e-003
1642 1.785582e-004 2.755482e-003
1643 1.872415e-004 3.346317e-003
1644 1.586659e-004 2.751531e-003
1645 7.854176e-005 1.887502e-003
1646 4.946487e-004 6.399534e-003
1647 3.367807e-005 1.057814e-003
1648 6.811806e-005 1.393843e-003
1649 2.187723e-003 1.249695e-002
1650 3.793745e-004 3.772805e-003
1651 9.578523e-005 2.690940e-003
1652 1.147075e-003 1.010406e-002
1653 1.150041e-003 9.331691e-003
1654 5.056642e-004 5.341007e-003
1655 5.938944e-004 8.832509e-003
1656 2.657833e-004 2.259590e-003
1657 3.727060e-004 3.021145e-003
1658 4.993083e-005 2.566458e-003
1659 6.954976e-005 1.201725e-003
1660 1.516991e-004 2.011970e-003
1661 2.201098e-005 1.541198e-003
1662 8.285876e-005 2.216683e-003
1663 8.847430e-004 6.072003e-003
1664 1.832874e-004 2.722296e-003
1665 1.785010e-004 2.567677e-003
1666 1.257520e-004 4.082276e-003
1667 2.618061e-004 4.780470e-003
1668 8.222265e-006 8.389100e-004
1669 2.050436e-004 3.616810e-003
1670 3.535124e-005 9.683208e-004
1671 3.195433e-004 3.147986e-003
1672 1.115916e-003 1.101017e-002
1673 4.023301e-004 4.417106e-003
1674 3.687468e-004 3.170179e-003
1675 1.692009e-004 2.220209e-003
1676 7.015155e-005 1.172198e-003
1677 1.991588e-004 3.000591e-003
1678 1.484782e-004 1.583746e-003
1679 1.711813e-005 8.951727e-004
1680 3.861810e-005 1.196312e-003
1681 1.031139e-004 2.779820e-003
1682 2.540376e-004 5.535116e-003
1683 1.617642e-005 9.471231e-004
1684 3.210074e-005 1.097596e-003
1685 2.028655e-004 3.643362e-003
1686 5.391700e-004 2.587479e-003
1687 4.737522e-004 7.446216e-003
1688 1.861845e-004 2.512453e-003
1689 1.545225e-004 2.480736e-003
1690 1.631639e-005 9.153935e-004
1691 1.870004e-005 1.116404e-003
1692 4.330423e-005 1.830885e-003
1693 2.099987e-004 4.230304e-003
1694 1.714020e-004 2.353499e-003
1695 1.617642e-005 9.471231e-004
1696 1.570747e-003 1.013752e-002
1697 7.854176e-005 1.887502e-003
1698 8.605925e-004 7.628748e-003
1699 5.922522e-004 3.812951e-003
1700 8.942907e-005 2.015930e-003
1701 7.907969e-004 4.676911e-003
1702 8.593360e-005 2.233700e-003
1703 1.581782e-004 1.941560e-003
1704 1.617642e-005 9.471231e-004
1705 1.617642e-005 9.471231e-004
1706 1.588086e-005 8.565142e-004
1707 6.185282e-005 1.044694e-003
1708 2.114604e-004 3.856268e-003
1709 2.058159e-004 3.387381e-003
1710 2.058159e-004 3.387381e-003
1711 1.376085e-004 2.041516e-003
1712 4.133641e-004 5.333690e-003
1713 1.577702e-004 2.044926e-003
1714 1.230126e-004 5.009467e-003
1715 9.848758e-005 2.942887e-003
1716 9.146732e-005 2.136249e-003
1717 1.405007e-004 1.732181e-003
1718 2.218509e-004 3.750870e-003
1719 1.475567e-004 1.882040e-003
1720 1.257520e-004 4.082276e-003
1721 5.626743e-004 8.864088e-003
1722 1.257520e-004 4.082276e-003
1723 5.938944e-004 8.832509e-003
1724 3.462352e-005 1.132327e-003
1725 2.495443e-004 4.904850e-003
1726 2.852623e-004 7.248691e-003
1727 3.045773e-004 3.299796e-003
1728 3.276665e-004 3.195441e-003
1729 7.781301e-005 1.746613e-003
1730 2.050436e-004 3.616810e-003
1731 1.033806e-004 2.497962e-003
1732 1.698008e-005 8.740449e-004
1733 1.698008e-005 8.740449e-004
1734 3.669542e-005 1.467375e-003
1735 4.330423e-005 1.830885e-003
1736 1.698008e-005 8.740449e-004
1737 6.484822e-005 1.521826e-003
1738 3.851849e-005 1.301601e-003
1739 1.911769e-004 2.670250e-003
1740 7.587869e-004 6.064568e-003
1741 7.578098e-005 1.624179e-003
1742 3.674273e-004 5.036593e-003
1743 3.974757e-004 3.535124e-003
1744 9.268707e-005 2.326676e-003
1745 1.562008e-004 1.911300e-003
1746 1.522370e-005 8.459115e-004
1747 1.280401e-004 1.376701e-003
1748 2.608812e-003 1.915673e-002
1749 5.943521e-005 1.124931e-003
1750 9.257360e-005 2.274671e-003
1751 7.496494e-005 1.832449e-003
1752 3.367807e-005 1.057814e-003
1753 9.015610e-005 2.127203e-003
1754 2.601401e-004 1.851820e-003
1755 6.508111e-005 1.057259e-003
1756 6.840768e-004 3.900824e-003
1757 4.108779e-004 5.441334e-003
1758 3.669542e-005 1.467375e-003
1759 1.031139e-004 2.779820e-003
1760 6.782946e-004 4.954259e-003
1761 2.083052e-004 3.971116e-003
1762 6.683129e-005 1.317252e-003
1763 5.901150e-004 3.519637e-003
1764 9.020288e-005 1.932591e-003
1765 3.765811e-004 3.536929e-003
1766 6.504736e-005 1.129920e-003
1767 6.121634e-005 9.599769e-004
1768 1.426747e-004 1.714284e-003
1769 4.251301e-005 1.588325e-003
1770 1.683703e-004 2.122261e-003
1771 7.578098e-005 1.624179e-003
1772 2.791536e-004 2.145092e-003
1773 9.605589e-004 9.262451e-003
1774 1.418902e-004 1.514178e-003
1775 3.296151e-005 1.153750e-003
1776 2.852623e-004 7.248691e-003
1777 4.993083e-005 2.566458e-003
1778 1.752190e-004 1.968215e-003
1779 2.083052e-004 3.971116e-003
1780 7.639705e-005 1.718471e-003
1781 1.870004e-005 1.116404e-003
1782 6.200083e-005 1.166325e-003
1783 1.312269e-004 1.606293e-003
1784 2.102561e-004 4.348275e-003
1785 6.827899e-005 1.044009e-003
1786 4.271066e-004 4.313221e-003
1787 3.952139e-004 3.892413e-003
1788 1.683703e-004 2.122261e-003
1789 4.131498e-004 6.225524e-003
1790 3.210074e-005 1.097596e-003
1791 3.367807e-005 1.057814e-003
1792 3.021014e-005 9.292872e-004
1793 3.819398e-004 3.884571e-003
1794 4.247482e-004 6.661280e-003
1795 3.143899e-005 8.885038e-004
1796 1.793884e-003 9.679669e-003
1797 1.989594e-004 4.591153e-003
1798 6.679157e-005 1.186940e-003
1799 3.669542e-005 1.467375e-003
1800 8.532099e-004 7.990969e-003
1801 3.367807e-005 1.057814e-003
1802 1.735985e-004 3.369362e-003
1803 3.267875e-005 1.217848e-003
1804 3.306273e-005 9.318233e-004
1805 9.039860e-004 6.454630e-003
1806 3.710865e-005 1.290351e-003
1807 1.631639e-005 9.153935e-004
1808 1.283179e-003 5.081591e-003
1809 1.823518e-004 3.026751e-003
1810 3.477074e-004 2.593322e-003
1811 7.087520e-005 1.545941e-003
1812 4.582518e-005 1.691813e-003
1813 2.007779e-004 3.130687e-003
1814 1.588086e-005 8.565142e-004
1815 3.047245e-004 2.382719e-003
1816 2.146752e-004 3.352323e-003
1817 1.488622e-004 1.479187e-003
1818 1.503810e-004 2.119881e-003
1819 7.663437e-005 1.448922e-003
1820 3.535124e-005 9.683208e-004
1821 9.268707e-005 2.326676e-003
1822 4.223504e-004 4.769701e-003
1823 1.384898e-004 5.877152e-003
1824 5.816689e-004 1.158779e-002
1825 3.786633e-004 4.069930e-003
1826 1.621993e-004 2.107243e-003
1827 3.376866e-004 2.674336e-003
1828 1.621993e-004 2.107243e-003
1829 9.823353e-005 3.223597e-003
1830 4.330423e-005 1.830885e-003
1831 3.021014e-005 9.292872e-004
1832 3.727060e-004 3.021145e-003
1833 3.462352e-005 1.132327e-003
1834 6.289521e-005 1.055968e-003
1835 8.484629e-005 1.730835e-003
1836 4.481715e-004 5.585546e-003
1837 7.196719e-004 4.681402e-003
1838 3.535124e-005 9.683208e-004
1839 7.317469e-004 4.228946e-003
1840 1.488622e-004 1.479187e-003
1841 3.796426e-004 3.791409e-003
1842 1.823518e-004 3.026751e-003
1843 1.827827e-004 2.090248e-003
1844 4.367893e-005 1.745944e-003
1845 4.545564e-005 1.635254e-003
1846 4.582518e-005 1.691813e-003
1847 3.047245e-004 2.382719e-003
1848 3.430227e-005 1.070219e-003
1849 2.146752e-004 3.352323e-003
1850 3.918236e-004 4.077705e-003
1851 4.223504e-004 4.769701e-003
1852 1.929674e-004 2.715341e-003
1853 1.635180e-004 2.216852e-003
1854 7.840131e-004 4.853560e-003
1855 8.050360e-004 5.222110e-003
1856 4.582518e-005 1.691813e-003
1857 8.345703e-005 2.409670e-003
1858 1.617642e-005 9.471231e-004
1859 4.367893e-005 1.745944e-003
1860 9.268707e-005 2.326676e-003
1861 1.929674e-004 2.715341e-003
1862 6.691746e-004 4.865003e-003
1863 6.200083e-005 1.166325e-003
1864 1.870004e-005 1.116404e-003
1865 8.748092e-005 2.555615e-003
1866 1.861845e-004 2.512453e-003
1867 1.488622e-004 1.479187e-003
1868 8.019255e-005 1.515461e-003
1869 1.376085e-004 2.041516e-003
1870 4.330423e-005 1.830885e-003
1871 2.864904e-004 2.618551e-003
1872 2.146752e-004 3.352323e-003
1873 3.462352e-005 1.132327e-003
1874 3.462352e-005 1.132327e-003
1875 1.723500e-004 2.766294e-003
1876 3.710865e-005 1.290351e-003
1877 7.208353e-005 1.277514e-003
1878 1.914113e-004 2.585993e-003
1879 2.364202e-004 5.028627e-003
1880 1.147959e-004 1.219120e-003
1881 1.924696e-004 2.996639e-003
1882 6.811806e-005 1.393843e-003
1883 2.791536e-004 2.145092e-003
1884 1.617642e-005 9.471231e-004
1885 9.779843e-005 2.237219e-003
1886 7.432185e-005 1.978229e-003
1887 2.158247e-004 4.102252e-003
1888 3.124387e-005 9.817575e-004
1889 1.617642e-005 9.471231e-004
1890 2.028655e-004 3.643362e-003
1891 8.178564e-004 5.399597e-003
1892 1.991588e-004 3.000591e-003
1893 1.023955e-004 3.418718e-003
1894 5.274245e-004 3.227907e-003
1895 2.928704e-004 2.076252e-003
1896 1.418166e-004 1.679483e-003
1897 8.039994e-005 1.410725e-003
1898 8.542558e-004 7.093675e-003
1899 1.752190e-004 1.968215e-003
1900 7.141470e-005 1.260671e-003
1901 3.679032e-005 1.362515e-003
1902 1.617642e-005 9.471231e-004
1903 3.191097e-004 2.913054e-003
1904 3.340649e-005 1.016247e-003
1905 6.629236e-005 1.234767e-003
1906 8.017871e-005 1.867759e-003
1907 8.942907e-005 2.015930e-003
1908 1.698008e-005 8.740449e-004
1909 4.330423e-005 1.830885e-003
1910 1.861845e-004 2.512453e-003
1911 9.779843e-005 2.237219e-003
1912 9.241833e-005 2.369806e-003
1913 6.629236e-005 1.234767e-003
1914 3.340649e-005 1.016247e-003
1915 8.942907e-005 2.015930e-003
1916 3.191097e-004 2.913054e-003
1917 2.834470e-004 2.528628e-003
1918 8.942907e-005 2.015930e-003
1919 2.739110e-004 1.904225e-003
1920 2.995099e-005 9.608977e-004
1921 3.535124e-005 9.683208e-004
1922 3.367807e-005 1.057814e-003
1923 3.340649e-005 1.016247e-003
1924 3.210074e-005 1.097596e-003
1925 3.340649e-005 1.016247e-003
1926 6.687345e-005 1.187197e-003
1927 7.659463e-005 1.614261e-003
1928 3.279611e-005 9.103999e-004
1929 6.811806e-005 1.393843e-003
1930 6.976419e-005 1.617688e-003
1931 3.596052e-004 2.911081e-003
1932 1.823518e-004 3.026751e-003
1933 3.447246e-004 2.670993e-003
1934 7.176575e-004 4.960619e-003
1935 4.582518e-005 1.691813e-003
1936 8.363976e-005 1.923601e-003
1937 3.340649e-005 1.016247e-003
1938 1.617642e-005 9.471231e-004
1939 2.618061e-004 4.780470e-003
1940 8.050360e-004 5.222110e-003
1941 3.851849e-005 1.301601e-003
1942 5.288869e-004 6.945570e-003
1943 8.942907e-005 2.015930e-003
1944 1.978094e-004 2.958924e-003
1945 1.924079e-004 2.882926e-003
1946 6.625296e-005 1.143662e-003
1947 3.535124e-005 9.683208e-004
1948 1.617642e-005 9.471231e-004
1949 7.861780e-004 6.271274e-003
1950 1.861845e-004 2.512453e-003
1951 2.063482e-004 3.096691e-003
1952 1.011285e-004 3.260203e-003
1953 1.249518e-004 1.414955e-003
1954 8.363976e-005 1.923601e-003
1955 6.954976e-005 1.201725e-003
1956 2.102561e-004 4.348275e-003
1957 8.760327e-005 2.032647e-003
1958 1.502916e-004 1.913214e-003
1959 1.911769e-004 2.670250e-003
1960 8.363976e-005 1.923601e-003
1961 3.765811e-004 3.536929e-003
1962 9.182707e-005 2.160413e-003
1963 1.909175e-004 2.867623e-003
1964 1.698008e-005 8.740449e-004
1965 4.330423e-005 1.830885e-003
1966 4.545564e-005 1.635254e-003
1967 1.725722e-003 1.220739e-002
1968 3.210074e-005 1.097596e-003
1969 2.364202e-004 5.028627e-003
1970 2.866390e-004 2.284611e-003
1971 2.956825e-004 2.726039e-003
1972 7.413014e-005 2.081501e-003
1973 2.730724e-004 2.795158e-003
1974 1.430437e-004 1.610062e-003
1975 4.069628e-004 7.224456e-003
1976 1.839297e-004 2.834296e-003
1977 6.687345e-005 1.187197e-003
1978 9.244799e-005 2.608976e-003
1979 9.863158e-004 1.007656e-002
1980 1.617642e-005 9.471231e-004
1981 1.384898e-004 5.877152e-003
1982 1.617642e-005 9.471231e-004
1983 3.367807e-005 1.057814e-003
1984 5.867570e-004 4.050089e-003
1985 7.432185e-005 1.978229e-003
1986 8.760327e-005 2.032647e-003
1987 2.586598e-004 2.085660e-003
1988 1.823518e-004 3.026751e-003
1989 1.617642e-005 9.471231e-004
1990 5.943521e-005 1.124931e-003
1991 1.683703e-004 2.122261e-003
1992 8.363976e-005 1.923601e-003
1993 1.661018e-005 9.992418e-004
1994 8.222265e-006 8.389100e-004
1995 6.683129e-005 1.317252e-003
1996 1.168629e-004 1.341560e-003
1997 1.617642e-005 9.471231e-004
1998 4.330423e-005 1.830885e-003
1999 7.208353e-005 1.277514e-003
2000 3.679032e-005 1.362515e-003
2001 1.227417e-004 1.291216e-003
