2 8.992641e-004 2.175268e-002
3 3.815400e-003 2.794480e-002
4 3.235780e-003 2.153501e-002
5 7.750399e-004 1.213918e-002
6 3.988357e-003 4.696337e-002
7 1.464900e-004 4.554511e-003
8 2.088727e-004 7.339409e-003
9 1.288222e-004 3.602076e-003
10 1.039949e-004 2.445476e-003
11 6.134607e-004 1.324309e-002
12 1.065406e-004 2.467040e-003
13 3.569645e-004 1.042391e-002
14 5.495620e-004 8.016462e-003
15 6.703378e-004 1.170241e-002
16 2.219431e-004 9.496392e-003
17 4.859111e-005 1.799014e-003
18 1.368730e-003 4.792992e-002
19 2.890602e-004 5.807011e-003
20 5.927328e-004 1.127950e-002
21 8.958434e-004 8.736133e-003
22 1.273539e-004 3.184106e-003
23 8.885201e-004 8.529188e-003
24 6.012154e-004 8.229522e-003
25 6.374132e-004 5.682735e-003
26 1.780721e-003 3.033818e-002
27 9.018742e-005 1.956380e-003
28 1.795999e-004 6.705901e-003
29 1.724951e-003 1.546137e-002
30 3.672418e-005 2.186821e-003
31 1.925944e-004 6.572737e-003
32 2.370412e-004 1.043626e-002
33 3.773022e-005 1.963538e-003
34 8.352821e-005 1.715604e-003
35 1.045102e-003 1.215887e-002
36 1.571027e-004 2.131974e-003
37 1.748931e-003 2.203079e-002
38 1.243759e-003 1.415571e-002
39 1.536673e-003 2.038901e-002
40 9.295585e-004 2.336615e-002
41 5.964962e-005 2.488642e-003
42 1.500710e-003 1.855642e-002
43 3.880139e-005 2.436505e-003
44 2.892940e-005 1.661864e-003
45 2.936327e-005 1.645447e-003
46 7.713959e-006 1.050890e-003
47 6.950948e-005 3.494285e-003
48 3.754182e-005 2.804209e-003
49 3.598832e-005 2.680775e-003
50 7.432073e-005 3.746669e-003
51 1.992376e-005 2.364350e-003
52 3.598832e-005 2.680775e-003
53 3.598832e-005 2.680775e-003
54 3.564630e-005 2.527916e-003
55 1.943716e-005 2.323491e-003
56 1.205010e-004 4.253171e-003
57 3.598832e-005 2.680775e-003
58 9.802813e-006 1.523692e-003
59 1.331357e-004 3.987882e-003
60 1.123072e-005 1.989181e-003
61 3.875003e-005 3.084371e-003
62 7.983200e-006 1.100650e-003
63 6.893062e-005 3.200193e-003
64 1.350521e-004 4.138550e-003
65 1.668002e-005 1.638471e-003
66 3.329352e-005 1.962363e-003
67 8.921259e-005 2.097112e-003
68 7.410835e-005 3.453739e-003
69 5.188443e-005 2.109239e-003
70 4.051298e-004 6.153697e-003
71 1.140610e-004 3.532806e-003
72 3.299719e-005 2.466454e-003
73 1.754549e-005 1.984364e-003
74 2.078042e-004 3.920675e-003
75 5.696877e-005 1.909048e-003
76 1.384344e-005 3.141834e-003
77 1.475226e-005 3.307250e-003
78 2.167002e-004 4.310122e-003
79 1.679769e-004 2.246078e-003
80 3.894224e-004 5.925716e-003
81 1.113252e-005 2.253189e-003
82 1.003966e-004 2.409590e-003
83 1.815012e-005 1.692265e-003
84 7.423925e-005 3.589999e-003
85 1.218202e-004 3.834691e-003
86 1.334106e-004 3.022711e-003
87 1.853915e-004 2.892747e-003
88 1.943716e-005 2.323491e-003
89 3.636505e-005 2.902245e-003
90 5.095232e-004 9.932178e-003
91 4.782281e-005 1.619698e-003
92 2.167002e-004 4.310122e-003
93 3.524188e-005 2.606817e-003
94 1.103884e-004 3.088882e-003
95 3.857141e-005 3.354713e-003
96 3.194771e-005 1.852317e-003
97 1.669300e-004 6.836358e-003
98 3.488758e-005 2.393507e-003
99 1.041991e-003 1.279727e-002
100 5.583242e-004 1.112345e-002
101 7.093017e-004 7.742762e-003
102 1.598944e-005 1.624131e-003
103 3.711870e-004 5.293627e-003
104 9.338545e-004 1.427333e-002
105 1.392411e-004 5.200007e-003
106 6.109500e-005 2.945474e-003
107 9.434241e-005 6.273882e-003
108 8.451680e-004 8.933934e-003
109 5.539522e-005 2.159931e-003
110 3.058991e-005 1.813898e-003
111 5.754843e-005 2.104344e-003
112 1.369997e-004 3.818098e-003
113 1.718048e-004 6.250829e-003
114 1.068503e-004 2.651594e-003
115 2.357200e-004 3.842039e-003
116 1.858489e-004 7.485557e-003
117 3.058991e-005 1.813898e-003
118 9.628099e-005 2.267262e-003
119 1.429898e-004 4.648495e-003
120 1.292868e-004 3.324340e-003
121 1.091930e-004 3.313810e-003
122 5.139134e-005 1.954356e-003
123 2.193611e-004 4.865716e-003
124 4.902499e-005 1.621840e-003
125 4.283429e-004 7.837248e-003
126 3.673869e-005 3.134004e-003
127 2.417419e-004 6.353562e-003
128 2.232291e-003 3.503462e-002
129 4.959340e-004 8.544799e-003
130 4.674317e-004 9.670584e-003
131 4.146200e-004 6.161421e-003
132 1.089010e-004 2.576468e-003
133 5.924747e-004 1.704980e-002
134 5.156763e-005 2.093773e-003
135 1.064161e-004 9.778609e-003
136 3.205869e-005 1.927727e-003
137 1.224721e-004 3.467743e-003
138 1.943716e-005 2.323491e-003
139 3.754182e-005 2.804209e-003
140 2.068004e-004 4.516556e-003
141 1.690363e-004 2.605015e-003
142 1.810018e-004 2.796332e-003
143 9.893355e-004 1.794868e-002
144 3.215023e-004 6.783908e-003
145 4.164612e-004 4.594456e-003
146 5.869534e-005 2.276136e-003
147 7.028515e-005 2.706742e-003
148 6.160156e-005 2.318096e-003
149 5.273315e-004 9.883870e-003
150 9.933703e-004 1.206028e-002
151 3.222265e-004 6.973939e-003
152 5.698970e-004 7.635044e-003
153 1.045425e-004 2.824076e-003
154 1.989013e-004 3.191221e-003
155 4.524527e-005 1.343224e-003
156 9.590928e-005 1.966729e-003
157 1.199958e-004 2.522916e-003
158 2.847889e-005 3.299713e-003
159 1.412630e-004 3.698189e-003
160 1.558126e-004 4.042547e-003
161 4.564787e-005 1.404090e-003
162 9.243250e-005 2.057766e-003
163 4.527976e-005 1.359731e-003
164 5.616728e-005 1.930498e-003
165 2.192581e-005 1.113448e-003
166 2.192581e-005 1.113448e-003
167 6.972575e-005 2.832295e-003
168 3.349102e-005 2.169558e-003
169 8.366423e-005 1.799570e-003
170 2.316377e-005 1.195138e-003
171 1.232769e-004 2.780772e-003
172 1.023093e-003 9.142617e-003
173 2.636877e-004 6.923092e-003
174 6.274704e-004 9.496698e-003
175 7.334076e-006 1.068459e-003
176 6.474074e-005 2.419218e-003
177 3.837904e-005 2.321776e-003
178 9.274863e-005 5.044907e-003
179 1.586608e-004 4.778632e-003
180 1.251067e-005 1.073635e-003
181 1.821291e-003 3.115787e-002
182 1.519282e-004 5.053849e-003
183 1.820754e-004 2.731822e-003
184 8.522988e-005 3.429277e-003
185 8.531639e-006 1.237265e-003
186 2.979261e-004 8.064222e-003
187 4.819138e-003 3.976582e-002
188 2.637005e-004 4.874034e-003
189 6.363146e-005 2.564187e-003
190 4.045200e-005 2.638789e-003
191 8.688899e-005 4.808336e-003
192 6.916347e-005 2.715335e-003
193 1.216222e-004 2.557857e-003
194 6.916347e-005 2.715335e-003
195 9.843705e-005 2.109239e-003
196 5.747971e-005 2.559485e-003
197 4.295727e-004 5.013900e-003
198 1.156938e-004 2.794116e-003
199 1.425728e-004 4.166408e-003
200 4.911411e-004 8.095290e-003
201 7.953630e-004 7.764754e-003
202 1.439644e-004 3.826755e-003
203 3.271213e-004 7.934748e-003
204 6.410093e-005 2.142146e-003
205 4.907749e-004 5.592823e-003
206 8.762481e-005 3.803214e-003
207 6.754002e-004 1.361777e-002
208 6.272818e-004 1.178463e-002
209 1.399481e-004 3.566232e-003
210 1.206924e-003 1.477690e-002
211 1.385910e-004 6.000536e-003
212 6.072319e-005 2.419583e-003
213 8.938319e-005 1.694291e-003
214 1.492389e-004 4.224498e-003
215 2.295569e-004 4.334090e-003
216 2.254041e-004 4.065076e-003
217 1.544624e-005 1.299562e-003
218 6.001438e-005 2.654874e-003
219 2.469632e-005 1.196861e-003
220 1.347048e-003 2.497924e-002
221 7.347771e-005 3.140640e-003
222 3.458930e-004 4.226125e-003
223 5.869534e-005 2.276136e-003
224 7.928517e-005 1.424113e-003
225 3.472652e-005 2.188780e-003
226 1.945684e-004 3.613313e-003
227 3.592628e-005 2.435143e-003
228 9.263952e-005 1.835073e-003
229 1.079330e-004 7.730119e-003
230 2.282165e-003 2.584999e-002
231 4.801392e-005 1.462603e-003
232 9.824995e-004 1.391298e-002
233 9.846710e-005 6.421544e-003
234 9.320062e-006 1.558550e-003
235 1.460800e-004 5.251866e-003
236 7.864729e-005 3.610934e-003
237 3.048876e-004 1.031636e-002
238 6.765679e-005 3.239784e-003
239 4.657921e-005 1.430979e-003
240 7.886369e-004 2.672002e-002
241 2.678864e-003 2.483587e-002
242 2.772569e-004 6.708262e-003
243 3.655203e-005 2.549091e-003
244 1.251067e-005 1.073635e-003
245 4.097960e-006 1.033318e-003
246 5.087920e-004 7.642290e-003
247 7.067574e-005 3.424382e-003
248 1.944288e-003 1.719949e-002
249 5.607081e-004 7.136554e-003
250 5.241116e-004 7.845984e-003
251 7.334076e-006 1.068459e-003
252 1.572997e-004 4.954408e-003
253 1.871331e-005 2.069372e-003
254 1.626818e-004 6.414632e-003
255 1.385135e-004 4.571808e-003
256 3.221654e-005 1.974278e-003
257 2.725660e-005 3.110753e-003
258 7.059241e-004 1.663203e-002
259 1.251067e-005 1.073635e-003
260 1.297902e-004 4.626498e-003
261 3.014130e-005 1.556475e-003
262 1.349205e-005 1.039110e-003
263 7.587460e-006 1.120490e-003
264 1.031133e-003 1.361318e-002
265 1.351478e-003 1.873623e-002
266 6.766634e-005 3.286643e-003
267 2.780532e-004 5.965995e-003
268 7.668698e-005 3.342056e-003
269 2.250423e-004 4.473611e-003
270 6.413027e-005 2.657773e-003
271 1.884189e-004 6.809690e-003
272 1.220023e-004 2.463803e-003
273 1.536200e-003 1.352741e-002
274 1.668002e-005 1.638471e-003
275 2.108851e-004 8.790977e-003
276 4.863505e-004 7.412567e-003
277 1.581619e-004 2.027950e-003
278 5.401669e-004 8.577455e-003
279 9.858549e-005 2.183187e-003
280 6.730159e-004 1.307025e-002
281 4.807068e-004 8.068901e-003
282 8.679553e-006 1.212078e-003
283 1.180044e-004 4.299034e-003
284 7.413587e-005 3.443363e-003
285 9.628099e-005 2.267262e-003
286 1.105827e-004 2.368343e-003
287 4.627173e-005 3.311229e-003
288 1.668002e-005 1.638471e-003
289 7.345741e-005 3.507672e-003
290 1.514586e-005 1.266822e-003
291 1.744520e-004 2.269196e-003
292 5.486195e-004 7.778532e-003
293 5.157915e-005 3.524253e-003
294 9.807814e-005 1.977298e-003
295 3.876496e-004 9.409573e-003
296 6.414405e-004 1.091755e-002
297 3.897823e-004 4.389691e-003
298 1.129907e-004 2.424797e-003
299 4.612011e-005 2.997299e-003
300 2.515175e-004 4.463894e-003
301 2.753717e-004 5.516918e-003
302 2.604625e-005 1.321203e-003
303 5.025494e-004 1.123467e-002
304 2.232652e-004 5.102728e-003
305 3.264292e-005 1.924971e-003
306 1.714555e-005 1.449996e-003
307 2.225342e-004 9.426876e-003
308 4.349729e-004 5.820406e-003
309 1.514122e-003 1.112695e-002
310 2.580220e-004 4.517319e-003
311 1.132926e-004 2.267512e-003
312 4.120495e-005 1.255599e-003
313 8.470017e-004 8.450289e-003
314 1.225118e-005 1.058456e-003
315 7.893158e-005 3.343888e-003
316 5.037889e-004 1.016774e-002
317 6.174092e-004 9.519077e-003
318 4.586719e-004 6.890411e-003
319 8.661148e-004 1.066278e-002
320 2.338877e-004 4.245865e-003
321 3.106169e-003 7.568219e-002
322 9.531086e-005 4.762537e-003
323 1.318782e-004 3.518679e-003
324 1.018379e-004 2.319298e-003
325 3.467991e-005 2.411330e-003
326 3.351070e-004 1.092758e-002
327 1.069012e-003 1.257392e-002
328 5.774411e-004 7.703598e-003
329 4.996840e-004 5.447075e-003
330 7.807606e-005 3.807790e-003
331 1.517800e-004 4.409598e-003
332 4.926132e-004 7.106605e-003
333 1.827810e-004 6.956186e-003
334 9.604598e-004 9.787068e-003
335 2.795696e-005 1.370464e-003
336 2.546277e-005 1.293818e-003
337 6.237909e-005 2.655138e-003
338 2.861369e-004 4.332243e-003
339 3.487642e-004 7.831845e-003
340 2.758940e-004 4.872698e-003
341 6.281594e-005 2.299223e-003
342 3.814544e-005 2.016769e-003
343 3.711136e-004 9.983963e-003
344 6.334428e-005 2.651522e-003
345 2.886801e-004 7.714732e-003
346 4.980060e-004 6.513970e-003
347 3.302034e-005 2.196517e-003
348 2.894682e-004 5.559209e-003
349 6.228391e-005 2.567283e-003
350 1.668002e-005 1.638471e-003
351 1.261324e-003 1.406602e-002
352 1.018325e-003 1.060649e-002
353 7.334076e-006 1.068459e-003
354 5.625214e-004 9.822129e-003
355 2.617042e-004 5.291406e-003
356 3.287471e-004 9.980836e-003
357 6.858699e-004 1.691619e-002
358 3.034475e-005 1.581306e-003
359 4.255113e-005 1.192506e-003
360 2.105856e-004 4.189395e-003
361 6.824419e-004 1.240353e-002
362 1.256875e-004 2.929848e-003
363 5.632067e-004 9.021487e-003
364 4.161600e-004 6.316643e-003
365 4.042448e-004 1.013607e-002
366 7.057438e-005 3.206678e-003
367 2.486168e-004 4.204831e-003
368 7.700308e-005 3.558412e-003
369 4.613849e-005 4.124683e-003
370 3.873491e-004 4.262291e-003
371 3.286412e-004 1.189700e-002
372 6.078906e-004 9.923993e-003
373 4.351671e-004 1.599479e-002
374 1.176071e-004 2.651623e-003
375 8.089459e-006 1.117274e-003
376 3.515490e-005 1.990753e-003
377 7.836109e-004 8.020573e-003
378 7.995340e-005 3.306479e-003
379 2.192581e-005 1.113448e-003
380 1.252680e-004 3.896861e-003
381 4.487806e-004 7.485587e-003
382 1.902037e-004 2.917210e-003
383 1.108292e-003 1.435987e-002
384 7.943000e-005 3.855886e-003
385 1.223388e-003 1.681158e-002
386 3.070693e-005 1.832621e-003
387 5.297242e-005 1.994606e-003
388 3.385766e-005 2.101526e-003
389 1.212138e-004 2.935434e-003
390 1.185732e-004 3.455088e-003
391 5.869534e-005 2.276136e-003
392 2.453651e-004 4.248863e-003
393 2.078632e-005 1.880009e-003
394 2.946566e-003 3.925399e-002
395 1.285348e-005 1.104376e-003
396 2.341178e-004 3.983373e-003
397 2.635157e-004 4.941866e-003
398 3.153251e-005 1.723402e-003
399 6.916347e-005 2.715335e-003
400 7.209923e-003 5.737741e-002
401 1.362154e-004 4.034163e-003
402 2.644649e-003 2.842939e-002
403 1.847909e-004 7.953286e-003
404 2.120002e-004 9.121830e-003
405 3.440872e-005 2.251849e-003
406 1.585360e-003 3.057380e-002
407 6.192650e-004 1.158017e-002
408 9.768999e-004 1.353606e-002
409 4.272412e-004 1.024205e-002
410 1.542319e-004 4.582187e-003
411 8.394856e-005 3.548102e-003
412 1.370118e-004 4.665007e-003
413 1.163090e-003 6.505696e-003
414 1.129907e-004 2.424797e-003
415 1.526899e-005 1.310426e-003
416 1.553501e-003 2.423305e-002
417 2.192581e-005 1.113448e-003
418 1.017520e-004 2.530744e-003
419 8.861529e-004 7.591667e-003
420 1.311806e-004 3.980621e-003
421 3.118265e-005 1.742376e-003
422 6.279966e-004 1.021626e-002
423 2.845323e-005 1.650244e-003
424 1.522790e-004 5.233854e-003
425 2.880714e-004 5.041067e-003
426 2.604625e-005 1.321203e-003
427 1.416414e-003 3.036392e-002
428 1.619422e-004 4.557029e-003
429 3.740004e-004 1.231098e-002
430 8.089459e-006 1.117274e-003
431 6.835449e-005 2.812686e-003
432 1.108833e-003 1.173884e-002
433 7.181959e-006 1.053387e-003
434 5.869534e-005 2.276136e-003
435 8.072809e-005 2.916449e-003
436 2.032073e-005 1.815055e-003
437 1.050336e-003 1.115621e-002
438 1.860890e-004 2.613360e-003
439 3.606478e-005 2.869289e-003
440 4.248128e-005 3.322127e-003
441 1.594864e-004 6.182726e-003
442 4.007116e-005 2.784403e-003
443 3.606478e-005 2.869289e-003
444 2.448697e-004 4.786967e-003
445 2.217523e-003 2.656750e-002
446 1.410065e-004 3.793854e-003
447 2.537303e-005 1.257543e-003
448 2.796274e-005 1.444376e-003
449 1.725629e-005 1.756805e-003
450 3.592628e-005 2.435143e-003
451 1.289678e-005 9.966925e-004
452 5.034990e-005 3.552115e-003
453 3.474370e-005 1.853507e-003
454 2.918586e-004 1.157892e-002
455 2.375109e-004 5.425261e-003
456 6.785217e-005 2.798762e-003
457 9.151514e-005 1.917273e-003
458 9.958449e-005 1.883801e-003
459 1.350479e-004 3.286907e-003
460 5.754101e-005 2.042631e-003
461 6.284231e-004 1.345462e-002
462 1.447159e-004 4.924713e-003
463 5.250182e-004 3.042930e-002
464 3.603653e-005 2.328419e-003
465 1.495229e-005 1.279047e-003
466 2.842683e-005 1.562949e-003
467 1.979663e-004 7.382934e-003
468 8.002404e-005 4.021385e-003
469 1.618444e-004 4.606187e-003
470 1.608217e-004 5.424896e-003
471 1.086757e-004 2.692152e-003
472 2.845323e-005 1.650244e-003
473 1.940665e-004 3.712368e-003
474 8.383643e-005 1.680660e-003
475 2.492598e-004 3.926659e-003
476 3.224377e-005 1.839592e-003
477 2.580336e-004 4.630755e-003
478 4.007116e-005 2.784403e-003
479 4.791570e-005 1.331800e-003
480 1.221992e-004 3.054183e-003
481 1.216497e-004 2.999798e-003
482 3.610098e-004 1.011207e-002
483 1.327598e-005 9.801665e-004
484 1.684164e-005 1.412055e-003
485 5.903375e-004 9.839877e-003
486 5.602240e-005 2.033893e-003
487 3.684266e-004 4.557455e-003
488 3.373919e-005 1.798494e-003
489 1.029805e-004 2.300915e-003
490 3.464271e-004 9.726270e-003
491 1.614300e-004 5.402976e-003
492 4.477736e-005 1.367813e-003
493 2.469632e-005 1.196861e-003
494 1.683446e-004 6.075807e-003
495 6.381225e-004 1.181305e-002
496 2.239408e-003 2.654179e-002
497 7.899901e-004 2.533386e-002
498 1.730969e-004 6.581255e-003
499 6.722762e-005 2.285807e-003
500 1.457949e-004 4.665216e-003
501 1.221262e-003 2.013368e-002
502 1.828240e-004 5.920578e-003
503 2.018843e-004 3.126288e-003
504 2.128343e-003 2.260931e-002
505 1.008930e-004 2.274358e-003
506 1.013297e-004 4.597164e-003
507 1.447875e-004 3.986012e-003
508 3.170648e-005 1.729798e-003
509 2.046926e-003 1.734727e-002
510 1.650917e-004 5.273871e-003
511 4.191904e-005 2.459629e-003
512 2.638344e-005 1.293580e-003
513 2.471313e-004 5.647066e-003
514 5.569113e-004 9.665956e-003
515 4.345740e-004 5.372216e-003
516 2.750345e-004 5.742657e-003
517 4.701553e-005 1.745375e-003
518 3.403011e-005 2.066411e-003
519 1.642387e-004 2.335219e-003
520 8.531639e-006 1.237265e-003
521 2.092059e-004 2.958596e-003
522 3.472652e-005 2.188780e-003
523 8.753010e-005 3.616640e-003
524 1.859362e-004 2.825542e-003
525 1.683287e-004 5.523070e-003
526 1.716585e-004 2.674439e-003
527 2.582311e-004 4.554084e-003
528 2.304529e-004 3.887877e-003
529 4.680597e-004 6.113896e-003
530 3.463695e-005 2.291509e-003
531 1.684164e-005 1.412055e-003
532 1.255751e-004 3.766237e-003
533 2.654416e-005 1.340995e-003
534 3.937641e-004 1.056496e-002
535 1.350810e-003 2.419710e-002
536 9.878546e-004 1.088915e-002
537 1.613311e-003 3.891385e-002
538 7.603657e-004 1.677563e-002
539 1.110810e-003 1.614431e-002
540 9.584380e-004 1.116481e-002
541 6.353100e-004 1.282349e-002
542 6.257796e-005 6.849524e-003
543 1.517653e-005 1.270562e-003
544 1.541018e-004 5.457326e-003
545 1.332291e-004 3.683344e-003
546 1.630043e-004 4.553253e-003
547 3.233260e-004 6.218592e-003
548 2.957838e-004 5.841513e-003
549 2.771523e-004 7.144557e-003
550 1.309040e-004 4.011183e-003
551 6.429690e-005 2.743217e-003
552 2.672129e-005 1.415743e-003
553 8.621866e-005 3.549571e-003
554 4.010246e-005 2.358962e-003
555 7.027656e-004 1.376335e-002
556 3.966216e-005 3.211790e-003
557 1.437824e-004 3.355042e-003
558 1.759615e-004 2.248906e-003
559 1.937865e-004 5.634115e-003
560 3.799435e-005 2.318884e-003
561 9.166164e-004 1.615949e-002
562 1.327954e-005 1.160367e-003
563 3.592371e-003 5.188828e-002
564 1.192341e-003 1.964833e-002
565 2.768448e-005 1.496109e-003
566 1.288926e-004 3.187185e-003
567 2.776295e-004 6.168924e-003
568 1.599216e-004 6.367768e-003
569 4.926468e-005 1.769041e-003
570 5.754370e-004 7.230491e-003
571 4.672319e-005 3.714786e-003
572 4.501245e-004 1.476063e-002
573 2.734286e-004 6.803857e-003
574 2.802259e-005 1.702435e-003
575 3.472652e-005 2.188780e-003
576 6.972575e-005 2.832295e-003
577 3.785161e-005 2.140649e-003
578 2.357825e-005 2.546023e-003
579 6.096450e-005 2.402446e-003
580 7.700308e-005 3.558412e-003
581 3.638543e-004 9.179311e-003
582 1.155895e-004 3.500144e-003
583 1.168245e-003 4.500128e-002
584 2.737551e-004 5.601351e-003
585 5.207385e-004 8.901995e-003
586 2.424940e-004 4.661232e-003
587 1.036822e-004 4.572849e-003
588 5.772636e-004 1.140421e-002
589 5.141586e-005 1.577749e-003
590 6.877745e-005 3.149832e-003
591 1.415264e-004 6.291380e-003
592 1.006356e-003 1.156650e-002
593 1.212138e-004 2.935434e-003
594 5.097999e-004 7.799726e-003
595 4.649505e-005 3.129991e-003
596 1.251067e-005 1.073635e-003
597 2.192581e-005 1.113448e-003
598 2.301315e-004 3.785761e-003
599 1.286854e-004 3.243398e-003
600 3.515490e-005 1.990753e-003
601 4.986626e-005 1.740791e-003
602 2.916313e-005 1.729151e-003
603 2.912437e-004 6.482089e-003
604 9.320062e-006 1.558550e-003
605 2.145281e-004 3.495127e-003
606 8.441245e-005 3.908981e-003
607 3.966216e-005 3.211790e-003
608 8.356824e-005 1.718992e-003
609 1.374075e-004 3.713724e-003
610 7.677725e-005 3.168639e-003
611 2.087754e-005 1.881946e-003
612 3.923303e-004 9.750947e-003
613 7.160329e-005 2.890236e-003
614 5.898191e-005 2.032192e-003
615 2.958488e-005 3.702578e-003
616 9.568278e-005 1.886056e-003
617 6.711184e-005 7.469442e-003
618 9.039604e-005 3.731443e-003
619 7.993427e-005 1.508336e-003
620 3.793102e-005 2.453808e-003
621 4.722609e-005 1.702706e-003
622 2.885928e-004 2.488930e-003
623 5.730851e-005 2.100011e-003
624 2.533230e-005 1.310070e-003
625 1.743086e-004 2.976166e-003
626 9.414348e-005 2.102921e-003
627 5.264334e-005 1.787714e-003
628 5.120340e-005 1.869468e-003
629 1.114461e-005 9.234509e-004
630 2.192581e-005 1.113448e-003
631 8.201011e-005 1.867788e-003
632 1.202322e-005 9.722952e-004
633 5.552526e-004 8.836213e-003
634 9.299492e-005 1.751624e-003
635 2.855298e-004 5.438172e-003
636 1.677946e-004 5.749175e-003
637 2.333154e-004 4.190728e-003
638 1.811361e-005 1.610191e-003
639 8.771150e-006 1.316817e-003
640 3.174535e-005 1.698898e-003
641 8.302388e-006 1.239245e-003
642 6.505215e-005 2.698225e-003
643 1.850090e-003 2.342602e-002
644 4.535054e-004 5.520343e-003
645 2.929307e-004 5.307508e-003
646 6.649144e-005 2.336820e-003
647 2.192581e-005 1.113448e-003
648 1.246071e-004 3.282777e-003
649 5.005298e-004 9.036660e-003
650 4.572577e-005 1.423293e-003
651 1.625484e-004 5.417472e-003
652 2.163317e-004 4.201027e-003
653 8.186372e-005 3.437488e-003
654 3.200343e-005 1.751035e-003
655 4.465236e-005 3.681620e-003
656 2.518391e-005 1.217855e-003
657 5.477969e-005 2.275019e-003
658 1.099461e-004 2.394539e-003
659 8.255766e-005 3.284408e-003
660 2.880620e-004 6.345467e-003
661 1.201996e-004 2.503043e-003
662 4.612430e-004 1.658157e-002
663 6.044075e-004 1.073871e-002
664 4.149461e-004 6.293945e-003
665 1.404111e-004 4.023454e-003
666 1.238028e-004 4.196323e-003
667 1.405514e-005 1.037649e-003
668 1.533490e-004 3.980522e-003
669 3.316795e-004 9.500082e-003
670 9.276795e-005 4.735684e-003
671 1.860890e-004 2.613360e-003
672 4.620779e-004 6.019354e-003
673 1.412630e-004 3.698189e-003
674 8.531639e-006 1.237265e-003
675 2.823729e-004 7.826656e-003
676 3.174535e-005 1.698898e-003
677 8.531639e-006 1.237265e-003
678 5.739258e-005 2.145737e-003
679 5.367869e-004 8.127778e-003
680 1.944614e-004 3.019449e-003
681 2.085208e-004 3.807081e-003
682 1.123234e-004 2.734823e-003
683 3.714472e-004 8.617666e-003
684 8.149701e-005 4.842875e-003
685 2.036765e-005 1.839131e-003
686 2.635157e-004 4.941866e-003
687 1.825084e-003 2.760887e-002
688 2.532081e-004 3.808418e-003
689 1.300160e-004 3.323245e-003
690 2.550602e-005 1.289601e-003
691 2.082034e-004 7.282821e-003
692 2.530034e-005 1.246165e-003
693 2.050224e-004 3.198225e-003
694 2.913612e-004 5.740064e-003
695 2.186063e-004 8.376086e-003
696 1.946104e-003 1.889648e-002
697 8.608657e-005 3.647390e-003
698 1.350810e-003 2.419710e-002
699 1.416537e-005 1.216111e-003
700 7.584161e-004 1.588223e-002
701 1.027149e-004 2.403355e-003
702 7.334076e-006 1.068459e-003
703 3.648758e-005 2.329398e-003
704 7.334076e-006 1.068459e-003
705 8.931595e-005 3.701415e-003
706 1.251067e-005 1.073635e-003
707 1.369960e-004 3.063293e-003
708 1.345851e-004 3.760112e-003
709 5.932910e-005 1.957829e-003
710 8.601903e-005 1.813659e-003
711 1.296438e-005 1.012987e-003
712 6.580261e-005 2.199955e-003
713 5.533511e-005 1.898258e-003
714 2.218959e-005 2.124987e-003
715 2.198738e-004 4.019211e-003
716 8.045701e-005 3.537816e-003
717 4.802690e-005 1.718610e-003
718 3.888879e-005 2.233656e-003
719 2.481241e-003 2.267912e-002
720 8.491353e-006 1.052649e-003
721 1.330038e-005 1.074830e-003
722 3.492476e-005 2.232323e-003
723 2.121288e-004 3.441905e-003
724 2.917190e-005 1.566701e-003
725 1.488168e-005 1.094233e-003
726 1.646083e-004 4.964977e-003
727 7.022867e-005 2.614612e-003
728 6.756873e-005 2.296182e-003
729 1.566940e-004 4.598541e-003
730 4.014200e-005 1.174519e-003
731 4.240663e-004 9.766196e-003
732 8.462839e-006 1.194252e-003
733 2.135085e-006 8.871004e-004
734 2.000295e-005 2.135841e-003
735 5.504209e-005 1.807276e-003
736 1.480354e-004 4.082979e-003
737 8.462839e-006 1.194252e-003
738 4.692544e-004 5.546937e-003
739 4.903385e-005 1.587876e-003
740 1.693917e-004 3.971806e-003
741 2.225824e-004 3.582051e-003
742 1.270035e-004 3.177889e-003
743 9.697041e-004 9.838250e-003
744 1.924718e-005 1.924563e-003
745 4.633247e-005 1.389187e-003
746 4.537527e-005 1.409467e-003
747 7.330526e-005 3.167920e-003
748 5.193046e-004 3.133726e-003
749 9.351003e-004 8.856007e-003
750 3.187549e-005 1.874859e-003
751 1.397204e-004 4.342335e-003
752 2.652900e-005 1.338490e-003
753 2.916313e-005 1.729151e-003
754 4.198866e-004 1.379654e-002
755 6.138987e-005 2.706177e-003
756 5.141586e-005 1.577749e-003
757 1.251067e-005 1.073635e-003
758 2.057276e-004 3.911073e-003
759 6.990412e-006 1.036211e-003
760 1.412166e-005 1.397818e-003
761 1.055530e-004 2.747065e-003
762 6.224585e-005 2.231527e-003
763 2.530034e-005 1.246165e-003
764 2.401078e-004 4.627994e-003
765 1.802005e-004 7.697345e-003
766 5.933053e-005 2.216337e-003
767 1.042728e-004 2.925166e-003
768 9.843705e-005 2.109239e-003
769 1.152495e-004 3.167648e-003
770 2.100850e-004 4.165971e-003
771 1.663699e-005 1.742619e-003
772 1.483171e-005 1.235696e-003
773 1.515297e-004 4.241430e-003
774 1.251067e-005 1.073635e-003
775 1.283795e-004 3.174088e-003
776 1.496190e-004 2.037208e-003
777 4.694293e-005 1.506458e-003
778 4.333193e-004 5.785790e-003
779 3.575623e-004 4.017816e-003
780 1.025376e-004 5.773550e-003
781 6.611199e-005 2.499432e-003
782 2.469632e-005 1.196861e-003
783 4.643673e-005 2.898944e-003
784 8.447593e-005 4.095029e-003
785 4.381160e-005 1.406502e-003
786 1.999519e-004 9.054146e-003
787 6.782269e-005 2.746245e-003
788 4.986626e-005 1.740791e-003
789 7.397536e-006 1.037779e-003
790 1.644829e-004 4.862614e-003
791 3.453965e-005 2.606534e-003
792 5.268176e-005 1.926579e-003
793 6.611199e-005 2.499432e-003
794 5.100123e-005 1.531990e-003
795 3.121271e-003 4.325967e-002
796 3.824784e-005 2.277367e-003
797 7.910843e-004 7.090026e-003
798 2.256321e-004 5.048759e-003
799 3.310009e-005 2.252349e-003
800 5.219824e-005 1.693147e-003
801 2.415540e-005 1.238549e-003
802 5.148215e-004 8.515367e-003
803 4.216391e-004 5.651419e-003
804 6.960789e-005 2.884247e-003
805 1.975302e-005 2.225472e-003
806 1.464578e-004 5.156793e-003
807 1.745820e-003 1.328504e-002
808 1.830825e-005 1.467984e-003
809 2.055443e-004 2.994859e-003
810 6.729837e-005 2.441109e-003
811 9.843705e-005 2.109239e-003
812 1.591459e-004 4.051954e-003
813 1.478470e-004 3.697335e-003
814 1.047016e-004 5.371542e-003
815 6.914969e-005 2.647222e-003
816 1.135127e-004 3.319534e-003
817 5.603910e-004 9.175149e-003
818 1.589842e-005 1.565128e-003
819 5.132260e-004 1.427685e-002
820 1.901258e-004 2.883542e-003
821 3.618396e-004 9.358928e-003
822 6.109500e-005 2.945474e-003
823 1.003524e-004 2.398457e-003
824 1.779776e-004 3.474141e-003
825 8.096002e-005 4.224631e-003
826 9.316988e-005 2.201987e-003
827 5.899364e-005 2.689746e-003
828 1.993841e-004 3.294324e-003
829 6.997172e-005 3.746373e-003
830 1.142957e-003 2.462360e-002
831 5.244970e-005 1.589271e-003
832 2.469632e-005 1.196861e-003
833 2.586953e-004 5.699287e-003
834 2.696731e-004 6.636842e-003
835 2.989824e-005 1.510887e-003
836 3.650496e-006 8.929225e-004
837 2.990598e-004 6.419840e-003
838 3.153921e-005 1.524842e-003
839 4.696412e-004 6.073289e-003
840 3.222265e-004 6.973939e-003
841 8.026890e-005 4.115223e-003
842 1.691624e-003 2.950334e-002
843 1.134662e-004 3.125640e-003
844 3.398399e-004 8.282331e-003
845 5.343838e-004 7.498565e-003
846 1.639239e-004 2.133840e-003
847 8.357830e-005 3.754228e-003
848 1.410306e-003 2.023505e-002
849 6.728221e-005 3.596730e-003
850 3.025628e-003 3.418351e-002
851 1.398993e-004 4.051786e-003
852 9.629199e-004 1.117477e-002
853 7.067998e-004 1.423821e-002
854 3.773698e-004 1.205573e-002
855 1.189378e-003 1.397721e-002
856 2.400281e-004 5.304148e-003
857 6.007587e-004 1.084540e-002
858 1.324034e-004 8.708162e-003
859 3.934301e-005 2.934359e-003
860 2.912155e-004 5.533256e-003
861 9.327342e-006 1.418087e-003
862 2.853721e-004 6.116975e-003
863 6.300747e-005 2.790296e-003
864 9.213565e-005 4.638336e-003
865 5.905165e-004 8.775625e-003
866 2.607667e-004 1.250833e-002
867 5.598267e-004 2.073533e-002
868 7.230521e-005 2.844624e-003
869 6.513753e-004 1.516456e-002
870 6.317209e-004 1.347941e-002
871 1.960629e-004 8.331270e-003
872 1.636672e-003 3.430502e-002
873 1.099785e-003 1.179192e-002
874 2.247703e-004 3.412019e-003
875 3.731159e-005 1.948676e-003
876 2.396795e-006 1.026782e-003
877 1.560317e-004 4.836362e-003
878 1.330200e-003 1.618394e-002
879 2.238314e-004 4.645769e-003
880 1.397204e-004 4.342335e-003
881 4.769960e-005 1.464113e-003
882 6.068747e-004 9.958415e-003
883 3.294694e-004 3.852214e-003
884 2.229674e-004 1.171241e-002
885 4.316239e-004 1.390230e-002
886 1.628459e-004 4.138220e-003
887 1.858580e-004 2.473551e-003
888 1.381780e-004 3.983902e-003
889 2.736544e-004 4.390414e-003
890 3.356398e-004 7.522133e-003
891 6.488215e-004 3.044587e-002
892 1.980270e-005 1.944184e-003
893 3.367240e-004 1.035762e-002
894 8.447473e-005 3.221500e-003
895 2.858533e-004 5.036379e-003
896 6.883688e-004 1.539258e-002
897 3.154085e-004 8.225795e-003
898 7.089493e-005 2.801282e-003
899 1.910201e-004 5.529572e-003
900 1.196684e-004 3.696922e-003
901 4.828396e-004 6.746375e-003
902 2.527339e-005 1.473422e-003
903 1.111717e-004 2.932923e-003
904 4.767764e-004 1.310553e-002
905 6.709234e-005 2.942432e-003
906 1.510616e-004 5.004312e-003
907 4.372236e-005 1.279359e-003
908 1.758195e-004 7.057604e-003
909 7.550018e-005 4.592789e-003
910 9.252797e-005 2.374893e-003
911 2.094022e-004 7.961101e-003
912 8.999652e-005 5.976875e-003
913 1.958807e-005 2.132492e-003
914 1.082966e-004 6.148077e-003
915 1.657861e-004 5.508939e-003
916 4.973763e-005 1.844675e-003
917 3.678830e-005 1.993115e-003
918 1.958807e-005 2.132492e-003
919 1.372884e-003 1.899808e-002
920 1.017740e-004 5.072290e-003
921 3.156586e-005 1.454356e-003
922 1.725747e-004 4.702278e-003
923 9.846955e-005 4.306733e-003
924 6.666576e-004 1.197543e-002
925 3.640491e-004 6.777845e-003
926 1.487537e-004 4.760027e-003
927 9.251465e-004 1.830188e-002
928 5.678401e-004 1.800091e-002
929 1.979903e-004 6.826002e-003
930 6.702273e-004 1.293859e-002
931 1.664859e-004 6.073912e-003
932 2.830708e-004 5.839660e-003
933 1.883356e-005 2.130040e-003
934 5.311089e-005 3.662479e-003
935 3.286432e-005 2.155581e-003
936 9.193671e-005 4.025261e-003
937 8.723401e-005 4.326135e-003
938 2.825643e-005 1.437862e-003
939 2.892051e-005 3.828690e-003
940 1.340013e-003 1.542950e-002
941 1.728494e-005 1.500110e-003
942 1.836751e-004 2.406148e-003
943 2.359395e-004 1.115046e-002
944 1.074497e-005 1.802122e-003
945 7.550130e-005 2.812611e-003
946 1.744921e-005 1.734496e-003
947 2.415255e-004 1.033551e-002
948 1.007640e-005 1.363773e-003
949 1.630510e-004 4.902928e-003
950 4.133820e-004 1.132211e-002
951 4.203989e-004 8.269603e-003
952 3.248834e-004 9.314560e-003
953 1.940366e-005 2.022390e-003
954 3.794406e-004 1.188620e-002
955 1.958807e-005 2.132492e-003
956 5.125726e-005 1.844942e-003
957 1.624520e-004 4.886701e-003
958 1.316414e-004 3.111572e-003
959 2.691052e-004 4.615486e-003
960 1.911601e-005 2.119353e-003
961 1.477250e-004 5.117460e-003
962 3.098778e-004 5.891890e-003
963 5.584614e-005 2.068165e-003
964 1.546994e-005 1.172241e-003
965 4.463945e-005 2.643190e-003
966 6.476103e-005 2.297859e-003
967 4.699816e-005 3.057943e-003
968 4.421921e-005 1.377452e-003
969 9.131864e-005 1.904934e-003
970 1.261117e-004 3.013184e-003
971 5.534132e-005 4.365269e-003
972 3.158485e-004 6.152561e-003
973 2.870875e-005 1.361147e-003
974 2.917601e-005 1.538522e-003
975 1.123234e-004 2.734823e-003
976 1.432182e-004 4.515961e-003
977 4.045200e-005 2.638789e-003
978 1.721821e-004 2.406259e-003
979 2.688018e-005 1.294084e-003
980 1.206800e-004 2.767089e-003
981 1.096794e-004 2.788600e-003
982 4.097960e-006 1.033318e-003
983 5.880565e-005 1.896264e-003
984 1.758699e-004 5.022358e-003
985 7.346432e-004 1.703342e-002
986 5.211498e-004 7.683308e-003
987 1.418272e-004 4.042518e-003
988 2.561788e-005 1.333823e-003
989 1.870689e-004 3.021900e-003
990 2.648301e-005 1.309618e-003
991 4.518002e-004 1.535817e-002
992 9.682125e-005 1.990497e-003
993 9.506268e-005 5.823984e-003
994 8.443342e-006 1.184248e-003
995 4.727083e-004 5.556528e-003
996 8.357502e-004 7.825328e-003
997 7.813083e-005 3.410421e-003
998 1.819985e-005 2.130519e-003
999 5.747704e-005 5.189652e-003
1000 8.443342e-006 1.184248e-003
1001 1.581694e-004 5.495247e-003
1002 1.139829e-003 1.323692e-002
1003 7.147129e-005 2.918941e-003
1004 1.768237e-004 5.952233e-003
1005 1.250114e-005 1.065673e-003
1006 5.241223e-004 6.981559e-003
1007 2.065045e-005 1.981296e-003
1008 4.064827e-005 2.752740e-003
1009 3.989022e-005 1.113810e-003
1010 1.031916e-004 2.640847e-003
1011 1.435949e-004 1.152621e-002
1012 2.639010e-003 3.009558e-002
1013 1.534147e-004 4.917161e-003
1014 6.562360e-005 2.986596e-003
1015 4.176894e-004 4.977084e-003
1016 2.329999e-005 2.203801e-003
1017 4.499598e-005 1.261903e-003
1018 1.568608e-003 1.156756e-002
1019 2.742623e-005 1.488814e-003
1020 2.912437e-004 6.482089e-003
1021 2.649622e-004 4.289273e-003
1022 4.949705e-006 1.180754e-003
1023 4.269914e-004 4.296498e-003
1024 4.780171e-005 1.722214e-003
1025 1.443614e-005 1.200225e-003
1026 2.849725e-005 1.379423e-003
1027 6.017434e-005 4.941047e-003
1028 1.849063e-003 3.197418e-002
1029 3.232994e-005 2.287067e-003
1030 1.112978e-005 2.162008e-003
1031 1.254016e-004 3.231671e-003
1032 5.971332e-004 9.214945e-003
1033 2.190911e-005 1.105455e-003
1034 2.405176e-004 5.005515e-003
1035 1.076429e-004 2.583058e-003
1036 3.779066e-004 5.409202e-003
1037 2.310431e-005 2.650668e-003
1038 1.227025e-005 1.944935e-003
1039 9.965562e-005 2.180120e-003
1040 1.168950e-005 2.125908e-003
1041 4.958373e-004 8.083523e-003
1042 3.153251e-005 1.723402e-003
1043 7.334076e-006 1.068459e-003
1044 2.934202e-005 1.720440e-003
1045 3.051229e-005 1.620875e-003
1046 8.462839e-006 1.194252e-003
1047 6.990412e-006 1.036211e-003
1048 1.101738e-004 2.731981e-003
1049 4.097960e-006 1.033318e-003
1050 1.601058e-003 1.401273e-002
1051 8.861529e-004 7.591667e-003
1052 1.412166e-005 1.397818e-003
1053 1.064914e-004 2.530313e-003
1054 2.418409e-005 1.166897e-003
1055 4.097960e-006 1.033318e-003
1056 5.602240e-005 2.033893e-003
1057 1.039949e-004 2.445476e-003
1058 1.347703e-005 1.044291e-003
1059 2.173745e-004 3.373141e-003
1060 1.114461e-005 9.234509e-004
1061 1.114461e-005 9.234509e-004
1062 4.097960e-006 1.033318e-003
1063 6.469690e-004 1.297303e-002
1064 1.542739e-004 4.723198e-003
1065 5.743201e-006 1.636646e-003
1066 3.972234e-006 9.119267e-004
1067 1.598463e-004 2.037189e-003
1068 1.251067e-005 1.073635e-003
1069 2.469632e-005 1.196861e-003
1070 4.097960e-006 1.033318e-003
1071 1.251067e-005 1.073635e-003
1072 1.481591e-005 1.462964e-003
1073 4.097960e-006 1.033318e-003
1074 1.605285e-005 1.435246e-003
1075 5.602240e-005 2.033893e-003
1076 5.319221e-005 1.764386e-003
1077 3.367042e-005 2.499135e-003
1078 6.874470e-005 2.609308e-003
1079 2.527339e-005 1.473422e-003
1080 1.854461e-004 6.139419e-003
1081 2.016621e-004 7.387790e-003
1082 4.954663e-005 1.692657e-003
1083 5.248649e-005 1.497053e-003
1084 4.097960e-006 1.033318e-003
1085 7.334076e-006 1.068459e-003
1086 1.839800e-005 1.749492e-003
1087 8.070823e-006 1.107712e-003
1088 1.589842e-005 1.565128e-003
1089 7.334076e-006 1.068459e-003
1090 4.097960e-006 1.033318e-003
1091 1.251067e-005 1.073635e-003
1092 1.251067e-005 1.073635e-003
1093 2.005039e-004 3.830090e-003
1094 1.221992e-004 3.054183e-003
1095 3.005495e-005 1.584752e-003
1096 1.410289e-004 4.452886e-003
1097 2.621398e-004 1.576525e-002
1098 1.568939e-004 5.229930e-003
1099 6.432870e-005 2.299008e-003
1100 4.301551e-006 9.645222e-004
1101 2.853802e-004 7.328088e-003
1102 9.272300e-005 5.429801e-003
1103 3.822424e-005 2.357554e-003
1104 5.270845e-004 7.750760e-003
1105 5.397026e-005 1.514087e-003
1106 2.178580e-004 2.791345e-003
1107 3.150850e-005 1.689184e-003
1108 1.230735e-004 3.222510e-003
1109 3.079984e-005 1.564087e-003
1110 2.064894e-004 3.367582e-003
1111 2.583622e-005 1.277512e-003
1112 4.996696e-005 1.421599e-003
1113 2.918672e-004 5.621716e-003
1114 1.086944e-004 2.339996e-003
1115 1.014666e-004 2.209774e-003
1116 1.702305e-005 1.713342e-003
1117 2.481057e-004 4.976946e-003
1118 7.089493e-005 2.801282e-003
1119 2.874917e-004 9.747147e-003
1120 2.460353e-004 4.242264e-003
1121 3.496339e-005 2.338239e-003
1122 1.596564e-004 5.273348e-003
1123 3.727641e-005 2.001192e-003
1124 2.833849e-004 6.702047e-003
1125 4.175119e-005 2.524763e-003
1126 1.547945e-004 4.873798e-003
1127 4.991123e-005 3.479728e-003
1128 1.075950e-003 1.124889e-002
1129 5.612887e-005 1.947253e-003
1130 2.224423e-004 5.089481e-003
1131 3.430846e-004 3.243993e-003
1132 6.964132e-005 2.898766e-003
1133 2.378489e-005 1.253907e-003
1134 8.566085e-005 4.016174e-003
1135 6.641596e-005 2.606866e-003
1136 2.125498e-004 3.442647e-003
1137 4.051628e-004 4.668231e-003
1138 1.666731e-005 1.620370e-003
1139 3.544069e-005 2.050202e-003
1140 1.924718e-005 1.924563e-003
1141 4.072119e-005 2.622017e-003
1142 1.529433e-004 3.889853e-003
1143 1.160167e-003 2.149597e-002
1144 1.179478e-004 2.737006e-003
1145 1.168868e-004 4.201082e-003
1146 1.047418e-003 1.159957e-002
1147 5.504391e-004 9.650762e-003
1148 3.582868e-005 1.978210e-003
1149 2.295846e-004 4.441522e-003
1150 1.806006e-005 1.609353e-003
1151 2.035396e-004 3.413640e-003
1152 1.023706e-004 1.020666e-002
1153 1.529499e-004 2.307857e-003
1154 1.589842e-005 1.565128e-003
1155 2.023911e-004 3.702938e-003
1156 2.524509e-005 1.289666e-003
1157 2.451934e-004 4.917070e-003
1158 6.239020e-005 2.582909e-003
1159 1.552502e-005 1.298660e-003
1160 1.940366e-005 2.022390e-003
1161 2.473243e-004 4.679674e-003
1162 9.867123e-004 9.956000e-003
1163 1.744643e-005 1.701535e-003
1164 1.634400e-003 1.298931e-002
1165 8.401923e-004 2.210452e-002
1166 5.457649e-005 1.871468e-003
1167 4.341198e-004 8.296210e-003
1168 1.225841e-004 3.613336e-003
1169 2.354352e-004 4.070683e-003
1170 1.215955e-004 3.414375e-003
1171 1.552902e-004 4.988566e-003
1172 6.030966e-004 1.092890e-002
1173 4.097960e-006 1.033318e-003
1174 5.176789e-004 7.420474e-003
1175 6.309884e-005 2.994507e-003
1176 8.132056e-006 1.268643e-003
1177 3.688479e-004 9.036130e-003
1178 1.496002e-003 1.338714e-002
1179 1.382950e-004 4.768703e-003
1180 1.129614e-004 2.574269e-003
1181 1.251067e-005 1.073635e-003
1182 8.413424e-005 4.623170e-003
1183 1.999489e-004 3.073026e-003
1184 1.544659e-004 4.289047e-003
1185 9.271033e-005 4.190009e-003
1186 1.739590e-004 6.761546e-003
1187 2.243660e-005 1.138565e-003
1188 1.669305e-005 1.498070e-003
1189 1.514284e-005 1.241380e-003
1190 2.864731e-005 1.599855e-003
1191 1.839800e-005 1.749492e-003
1192 1.145512e-003 1.232813e-002
1193 5.553441e-005 2.303070e-003
1194 1.382117e-004 3.864979e-003
1195 2.894682e-004 5.559209e-003
1196 1.113093e-004 2.882264e-003
1197 5.497407e-005 2.010514e-003
1198 7.334076e-006 1.068459e-003
1199 3.062857e-004 7.153086e-003
1200 2.075138e-004 8.962090e-003
1201 4.097960e-006 1.033318e-003
1202 7.101806e-005 2.878573e-003
1203 5.320224e-004 7.137058e-003
1204 6.846151e-005 2.242162e-003
1205 3.278167e-005 1.722761e-003
1206 7.531646e-004 5.614630e-003
1207 3.687275e-005 2.072935e-003
1208 9.147177e-005 2.051376e-003
1209 3.635413e-004 3.841671e-003
1210 7.171615e-005 2.701626e-003
1211 1.410065e-004 3.793854e-003
1212 5.425444e-005 1.720838e-003
1213 5.869534e-005 2.276136e-003
1214 4.093235e-005 1.115428e-003
1215 3.214721e-005 1.642795e-003
1216 1.148871e-005 1.863850e-003
1217 5.724613e-004 9.112282e-003
1218 6.252294e-005 2.061188e-003
1219 3.496170e-005 1.902567e-003
1220 3.150043e-004 9.103038e-003
1221 2.736128e-004 5.041905e-003
1222 5.783796e-004 9.762343e-003
1223 2.909747e-004 5.559600e-003
1224 1.613150e-004 5.413282e-003
1225 2.569423e-005 1.212702e-003
1226 1.301619e-005 1.081660e-003
1227 8.451799e-005 1.727629e-003
1228 1.300160e-004 3.323245e-003
1229 8.171899e-005 4.187701e-003
1230 7.581675e-005 2.869404e-003
1231 5.538011e-004 8.283832e-003
1232 1.128230e-004 3.418965e-003
1233 1.389943e-004 3.665585e-003
1234 1.731679e-004 6.022871e-003
1235 4.020876e-004 8.547356e-003
1236 9.147177e-005 2.051376e-003
1237 1.159915e-003 1.260903e-002
1238 2.545414e-004 4.364312e-003
1239 1.118297e-004 3.265078e-003
1240 2.583622e-005 1.277512e-003
1241 2.982936e-005 1.475545e-003
1242 2.288285e-003 1.918291e-002
1243 2.766181e-004 6.380525e-003
1244 3.461854e-005 2.322208e-003
1245 9.843705e-005 2.109239e-003
1246 1.735401e-005 1.656246e-003
1247 2.099438e-005 2.724986e-003
1248 3.842162e-004 1.276841e-002
1249 1.164865e-004 3.332010e-003
1250 1.106812e-004 3.573045e-003
1251 1.717971e-004 2.233908e-003
1252 3.648398e-005 2.555650e-003
1253 6.458084e-004 1.198064e-002
1254 6.849867e-005 2.673984e-003
1255 1.921273e-004 3.281197e-003
1256 2.199969e-005 1.005795e-003
1257 5.184795e-004 8.142763e-003
1258 4.823922e-005 3.100397e-003
1259 2.352985e-004 5.154291e-003
1260 8.689892e-004 9.661424e-003
1261 8.359685e-005 1.615907e-003
1262 1.806206e-004 2.801665e-003
1263 7.174001e-004 9.294011e-003
1264 2.848669e-004 7.166834e-003
1265 2.428671e-004 3.752935e-003
1266 1.020755e-003 1.051250e-002
1267 2.741636e-004 5.110893e-003
1268 1.550098e-004 5.756125e-003
1269 1.432182e-004 4.515961e-003
1270 2.108220e-004 3.362931e-003
1271 2.337185e-004 4.761714e-003
1272 1.251067e-005 1.073635e-003
1273 2.749675e-004 5.729213e-003
1274 1.878496e-004 8.292450e-003
1275 2.734059e-004 5.668748e-003
1276 2.145006e-004 3.901287e-003
1277 1.432018e-004 3.607355e-003
1278 2.107209e-004 1.053488e-002
1279 2.675996e-005 1.385202e-003
1280 6.352019e-004 6.158941e-003
1281 4.986626e-005 1.740791e-003
1282 5.964962e-005 2.488642e-003
1283 3.606862e-004 9.759086e-003
1284 2.237316e-005 1.126363e-003
1285 2.156215e-004 3.251820e-003
1286 6.447145e-005 2.219630e-003
1287 6.353912e-005 2.478724e-003
1288 7.445023e-005 1.481132e-003
1289 1.408785e-004 4.067371e-003
1290 4.580212e-004 1.484698e-002
1291 5.486042e-005 1.965921e-003
1292 2.680119e-003 3.357532e-002
1293 8.923157e-005 2.365456e-003
1294 6.521979e-005 2.120788e-003
1295 1.215151e-005 2.002402e-003
1296 2.244299e-004 3.794562e-003
1297 6.229619e-004 1.247503e-002
1298 1.131565e-004 7.008226e-003
1299 2.316377e-005 1.195138e-003
1300 1.447762e-005 1.186642e-003
1301 3.349102e-005 2.169558e-003
1302 1.743945e-004 6.583910e-003
1303 1.439931e-004 3.968562e-003
1304 1.044104e-004 2.429340e-003
1305 4.514145e-004 7.290902e-003
1306 1.225118e-005 1.058456e-003
1307 9.822974e-005 2.059001e-003
1308 3.087849e-005 1.658601e-003
1309 2.966780e-004 1.615603e-002
1310 8.462839e-006 1.194252e-003
1311 9.659450e-004 9.424730e-003
1312 1.011655e-003 1.377586e-002
1313 1.483171e-005 1.235696e-003
1314 6.502158e-005 2.809886e-003
1315 2.802259e-005 1.702435e-003
1316 2.192581e-005 1.113448e-003
1317 8.471790e-006 1.042612e-003
1318 7.347000e-004 1.681504e-002
1319 6.181869e-004 1.075182e-002
1320 3.915846e-005 2.394370e-003
1321 1.568939e-004 5.229930e-003
1322 7.181959e-006 1.053387e-003
1323 2.192581e-005 1.113448e-003
1324 1.087949e-004 2.684594e-003
1325 1.572997e-004 4.954408e-003
1326 6.611199e-005 2.499432e-003
1327 3.616762e-004 4.510511e-003
1328 4.059611e-005 1.268852e-003
1329 8.539236e-005 3.510525e-003
1330 7.373796e-005 4.080263e-003
1331 2.583622e-005 1.277512e-003
1332 1.314083e-005 1.102383e-003
1333 2.648301e-005 1.309618e-003
1334 4.710938e-005 1.388774e-003
1335 5.590094e-005 5.321602e-003
1336 3.349102e-005 2.169558e-003
1337 3.283237e-005 1.938148e-003
1338 3.269712e-005 1.614197e-003
1339 1.064249e-004 3.117723e-003
1340 6.611199e-005 2.499432e-003
1341 1.791155e-004 5.303000e-003
1342 2.192581e-005 1.113448e-003
1343 2.192581e-005 1.113448e-003
1344 3.349102e-005 2.169558e-003
1345 3.405287e-004 7.557039e-003
1346 2.803494e-005 1.447183e-003
1347 7.317180e-006 1.059789e-003
1348 1.460182e-004 4.793184e-003
1349 1.360235e-003 2.424662e-002
1350 7.002811e-005 2.559409e-003
1351 9.426899e-005 1.916831e-003
1352 1.144949e-004 3.154553e-003
1353 1.185732e-004 3.455088e-003
1354 6.916347e-005 2.715335e-003
1355 6.630545e-005 2.658112e-003
1356 3.759271e-004 4.583891e-003
1357 1.618897e-004 2.473739e-003
1358 5.268176e-005 1.926579e-003
1359 2.583622e-005 1.277512e-003
1360 5.100123e-005 1.531990e-003
1361 7.394647e-005 2.948636e-003
1362 5.325850e-005 1.819565e-003
1363 9.843705e-005 2.109239e-003
1364 1.766647e-004 2.447251e-003
1365 3.957078e-005 3.164906e-003
1366 1.537497e-004 2.119047e-003
1367 1.285348e-005 1.104376e-003
1368 5.569113e-004 9.665956e-003
1369 2.053541e-005 2.229930e-003
1370 2.469632e-005 1.196861e-003
1371 1.365302e-004 3.396571e-003
1372 9.147177e-005 2.051376e-003
1373 4.059611e-005 1.268852e-003
1374 3.436713e-005 2.048893e-003
1375 7.060936e-005 2.632238e-003
1376 2.994921e-003 4.052857e-002
1377 1.280576e-004 3.387045e-003
1378 1.251067e-005 1.073635e-003
1379 1.251067e-005 1.073635e-003
1380 4.553854e-004 1.329388e-002
1381 3.349102e-005 2.169558e-003
1382 1.340675e-005 9.910647e-004
1383 2.360374e-004 4.325204e-003
1384 6.916347e-005 2.715335e-003
1385 6.916347e-005 2.715335e-003
1386 6.916347e-005 2.715335e-003
1387 6.972575e-005 2.832295e-003
1388 4.120495e-005 1.255599e-003
1389 2.784125e-005 1.413719e-003
1390 4.289519e-006 1.056762e-003
1391 2.354879e-005 3.196755e-003
1392 1.251067e-005 1.073635e-003
1393 1.475978e-004 4.147497e-003
1394 7.009934e-005 3.126977e-003
1395 1.718355e-004 2.228304e-003
1396 3.971524e-004 5.867966e-003
1397 3.848631e-005 2.127128e-003
1398 1.094717e-004 8.314025e-003
1399 2.998120e-004 8.199236e-003
1400 1.138912e-004 2.751240e-003
1401 8.357985e-004 6.878599e-003
1402 2.301511e-005 1.048633e-003
1403 1.158658e-004 2.709820e-003
1404 2.316377e-005 1.195138e-003
1405 6.468608e-005 2.577729e-003
1406 1.397204e-004 4.342335e-003
1407 3.921051e-005 1.197561e-003
1408 1.108728e-003 1.545440e-002
1409 1.062665e-003 1.291473e-002
1410 1.805672e-004 2.727237e-003
1411 2.876472e-005 1.592446e-003
1412 6.023077e-005 2.186943e-003
1413 4.097960e-006 1.033318e-003
1414 2.527339e-005 1.473422e-003
1415 2.482637e-005 1.348649e-003
1416 5.616728e-005 1.930498e-003
1417 2.192581e-005 1.113448e-003
1418 6.916347e-005 2.715335e-003
1419 7.840917e-005 1.603159e-003
1420 1.058531e-004 2.652523e-003
1421 4.313446e-005 2.858241e-003
1422 1.898857e-004 2.722975e-003
1423 4.986626e-005 1.740791e-003
1424 4.620359e-005 1.386403e-003
1425 4.620359e-005 1.386403e-003
1426 4.620359e-005 1.386403e-003
1427 4.620359e-005 1.386403e-003
1428 5.989288e-005 2.310710e-003
1429 1.156938e-004 2.794116e-003
1430 3.195524e-004 3.550592e-003
1431 4.313808e-004 1.358981e-002
1432 5.115176e-004 6.550524e-003
1433 1.027450e-004 2.581897e-003
1434 4.348239e-005 1.236859e-003
1435 2.468641e-005 1.122268e-003
1436 8.385764e-005 1.720991e-003
1437 4.312845e-005 1.164972e-003
1438 5.130802e-005 1.806777e-003
1439 5.196262e-004 7.140351e-003
1440 7.979395e-005 1.655170e-003
1441 2.583622e-005 1.277512e-003
1442 1.048574e-004 2.419455e-003
1443 4.000437e-005 2.784496e-003
1444 1.957827e-005 2.162048e-003
1445 1.699326e-004 2.388504e-003
1446 1.589842e-005 1.565128e-003
1447 8.955331e-004 1.139175e-002
1448 2.583622e-005 1.277512e-003
1449 3.349102e-005 2.169558e-003
1450 6.454476e-005 3.062370e-003
1451 2.575066e-004 4.575441e-003
1452 2.068983e-004 3.281724e-003
1453 5.020639e-005 1.691019e-003
1454 4.348239e-005 1.236859e-003
1455 5.770634e-005 2.068508e-003
1456 1.251067e-005 1.073635e-003
1457 2.604625e-005 1.321203e-003
1458 2.688018e-005 1.294084e-003
1459 4.142438e-005 1.292765e-003
1460 2.479957e-004 4.207924e-003
1461 1.251067e-005 1.073635e-003
1462 1.251067e-005 1.073635e-003
1463 1.285348e-005 1.104376e-003
1464 2.583622e-005 1.277512e-003
1465 1.251067e-005 1.073635e-003
1466 2.783941e-004 5.841971e-003
1467 8.013757e-005 1.568806e-003
1468 6.200934e-005 2.494820e-003
1469 1.166038e-004 3.195847e-003
1470 4.339415e-005 2.879838e-003
1471 1.707388e-004 2.794584e-003
1472 1.086757e-004 2.692152e-003
1473 5.100123e-005 1.531990e-003
1474 5.411225e-004 6.571737e-003
1475 2.575922e-005 1.363593e-003
1476 2.392786e-004 3.831050e-003
1477 1.761898e-005 1.572316e-003
1478 2.244299e-004 3.794562e-003
1479 1.052492e-004 5.888638e-003
1480 2.549668e-004 4.713357e-003
1481 6.681681e-004 1.166659e-002
1482 1.056667e-004 4.930291e-003
1483 5.219295e-005 1.885283e-003
1484 1.346203e-003 2.495896e-002
1485 5.104248e-004 7.408913e-003
1486 6.272818e-004 1.178463e-002
1487 1.595260e-005 1.605230e-003
1488 1.437537e-004 3.286674e-003
1489 7.317180e-006 1.059789e-003
1490 5.880565e-005 1.896264e-003
1491 1.007589e-003 1.118031e-002
1492 5.437164e-005 5.006530e-003
1493 1.039949e-004 2.445476e-003
1494 3.408223e-005 2.087476e-003
1495 6.403987e-005 2.830708e-003
1496 5.288094e-005 1.915820e-003
1497 3.038158e-004 6.871497e-003
1498 7.557941e-005 3.573980e-003
1499 3.315645e-005 2.337210e-003
1500 9.017207e-005 1.827061e-003
1501 4.443457e-005 3.907779e-003
1502 2.080358e-004 3.873937e-003
1503 3.635183e-004 8.092006e-003
1504 1.335855e-004 3.558264e-003
1505 5.957562e-005 2.256974e-003
1506 5.616728e-005 1.930498e-003
1507 9.147177e-005 2.051376e-003
1508 4.767973e-004 7.161059e-003
1509 5.144071e-005 1.702795e-003
1510 1.115185e-004 2.819790e-003
1511 6.972575e-005 2.832295e-003
1512 8.764189e-005 1.799730e-003
1513 9.833119e-005 2.285930e-003
1514 1.007372e-004 2.742402e-003
1515 2.876539e-004 5.496991e-003
1516 2.823341e-004 4.615444e-003
1517 2.944321e-004 5.890474e-003
1518 7.712139e-005 1.643943e-003
1519 2.237885e-004 3.621217e-003
1520 1.285983e-005 9.909091e-004
1521 7.336430e-005 3.321181e-003
1522 1.397204e-004 4.342335e-003
1523 5.733144e-005 2.661257e-003
1524 1.631722e-004 5.180395e-003
1525 1.913393e-004 7.070296e-003
1526 2.562367e-004 5.251986e-003
1527 2.498657e-004 4.931207e-003
1528 1.212138e-004 2.935434e-003
1529 4.045200e-005 2.638789e-003
1530 1.990707e-004 7.193027e-003
1531 1.365302e-004 3.396571e-003
1532 6.916347e-005 2.715335e-003
1533 7.875570e-005 2.868608e-003
1534 1.335855e-004 3.558264e-003
1535 1.251067e-005 1.073635e-003
1536 2.482637e-005 1.348649e-003
1537 3.349102e-005 2.169558e-003
1538 5.616728e-005 1.930498e-003
1539 1.251067e-005 1.073635e-003
1540 4.901117e-005 4.198793e-003
1541 6.940282e-004 1.405857e-002
1542 5.038491e-004 1.115507e-002
1543 1.191578e-003 2.663091e-002
1544 1.212138e-004 2.935434e-003
1545 3.151484e-004 2.672011e-003
1546 8.924681e-005 1.791920e-003
1547 3.266412e-004 8.072813e-003
1548 1.230317e-004 2.895862e-003
1549 5.219295e-005 1.885283e-003
1550 1.116139e-004 2.865892e-003
1551 3.645486e-005 2.289340e-003
1552 3.105496e-004 8.307787e-003
1553 1.607405e-003 1.702983e-002
1554 1.404183e-004 4.895698e-003
1555 4.267082e-004 6.259534e-003
1556 3.467995e-004 4.697408e-003
1557 6.005847e-004 9.936745e-003
1558 1.513045e-004 5.412980e-003
1559 1.521721e-004 4.960044e-003
1560 3.668124e-004 4.575929e-003
1561 1.715431e-003 1.806450e-002
1562 1.333054e-004 4.702227e-003
1563 1.557435e-004 7.048844e-003
1564 1.177487e-003 1.275623e-002
1565 2.794641e-004 7.366514e-003
1566 4.784255e-005 4.058828e-003
1567 1.260125e-003 1.580747e-002
1568 2.696731e-004 6.636842e-003
1569 9.428578e-005 1.993142e-003
1570 1.158550e-004 7.794618e-003
1571 2.550664e-005 1.409651e-003
1572 3.444452e-005 1.759636e-003
1573 5.470440e-004 1.266510e-002
1574 2.509857e-004 4.778404e-003
1575 2.448415e-004 3.878330e-003
1576 2.331596e-004 3.836918e-003
1577 1.318999e-003 1.751465e-002
1578 9.783499e-005 1.855117e-003
1579 1.058728e-004 2.402785e-003
1580 3.958738e-004 8.565822e-003
1581 1.097144e-004 2.617169e-003
1582 6.707656e-005 2.260984e-003
1583 1.974302e-004 8.255558e-003
1584 2.281507e-004 4.086502e-003
1585 1.289101e-003 2.174123e-002
1586 8.238334e-005 4.422720e-003
1587 3.123050e-005 1.706355e-003
1588 2.716129e-005 1.370016e-003
1589 1.449040e-005 2.718818e-003
1590 6.541774e-005 1.879116e-003
1591 7.700029e-005 2.438952e-003
1592 3.464529e-005 2.098893e-003
1593 2.027462e-005 1.794398e-003
1594 6.575203e-005 5.870220e-003
1595 5.231738e-005 1.790159e-003
1596 9.942951e-004 9.620473e-003
1597 7.924700e-005 3.761994e-003
1598 4.045200e-005 2.638789e-003
1599 1.585314e-003 1.252463e-002
1600 1.261117e-004 3.013184e-003
1601 6.289134e-005 1.941588e-003
1602 9.851527e-004 2.562912e-002
1603 2.161591e-004 3.962729e-003
1604 5.943704e-005 1.845412e-003
1605 3.993266e-005 1.077348e-003
1606 4.168832e-003 3.052868e-002
1607 9.515017e-005 4.624306e-003
1608 3.991317e-005 2.998587e-003
1609 4.688780e-004 8.267319e-003
1610 1.135326e-003 1.466854e-002
1611 1.606964e-004 5.916663e-003
1612 4.167186e-005 2.862818e-003
1613 7.334076e-006 1.068459e-003
1614 1.403855e-004 3.747731e-003
1615 7.189045e-004 1.117614e-002
1616 2.156625e-005 1.977893e-003
1617 6.717615e-005 2.763593e-003
1618 2.327556e-005 1.123504e-003
1619 3.573486e-004 1.202756e-002
1620 7.251326e-004 1.729896e-002
1621 1.963427e-003 1.632440e-002
1622 1.927215e-004 2.670267e-003
1623 9.839213e-004 2.148801e-002
1624 1.029852e-003 1.229147e-002
1625 4.774035e-005 3.120081e-003
1626 2.142375e-004 9.851887e-003
1627 2.571345e-004 4.856739e-003
1628 6.780138e-004 1.084708e-002
1629 5.451381e-004 1.373644e-002
1630 5.729352e-004 9.653365e-003
1631 7.372019e-004 1.469640e-002
1632 3.328825e-004 1.776595e-002
1633 3.789634e-005 2.421278e-003
1634 8.610898e-005 4.375514e-003
1635 4.966382e-006 1.039106e-003
1636 3.435763e-005 2.192596e-003
1637 1.023765e-005 1.385185e-003
1638 3.005567e-005 1.732011e-003
1639 1.126599e-005 1.676034e-003
1640 2.815335e-004 5.698305e-003
1641 6.975714e-005 2.706656e-003
1642 8.492081e-004 7.451533e-003
1643 1.665633e-004 5.681239e-003
1644 1.498759e-004 4.890466e-003
1645 3.569874e-005 2.246361e-003
1646 4.340605e-003 3.267130e-002
1647 9.606817e-005 1.857314e-003
1648 5.158908e-005 1.862660e-003
1649 3.232425e-003 3.562720e-002
1650 5.429668e-004 8.278611e-003
1651 2.561044e-005 3.148905e-003
1652 1.035460e-003 2.229637e-002
1653 1.856529e-003 2.681620e-002
1654 4.776506e-004 1.215774e-002
1655 5.270899e-004 1.561394e-002
1656 1.975238e-004 4.004822e-003
1657 9.965176e-005 4.803116e-003
1658 7.259168e-005 3.296370e-003
1659 1.005023e-004 2.038127e-003
1660 3.939188e-005 2.901073e-003
1661 5.815974e-005 1.873624e-003
1662 3.748001e-005 2.793782e-003
1663 7.339391e-004 1.605741e-002
1664 8.495672e-005 4.140205e-003
1665 2.644777e-005 3.446688e-003
1666 3.608984e-004 7.711122e-003
1667 4.287207e-004 1.061331e-002
1668 1.257683e-006 8.736769e-004
1669 1.830878e-004 6.435905e-003
1670 5.216601e-005 1.454956e-003
1671 1.448747e-004 5.544809e-003
1672 8.561590e-004 1.762029e-002
1673 2.072283e-004 7.861070e-003
1674 1.090328e-004 5.863158e-003
1675 8.023720e-005 3.779385e-003
1676 5.561267e-005 1.788259e-003
1677 1.511450e-004 4.493891e-003
1678 3.761387e-005 2.374903e-003
1679 1.302124e-005 1.035465e-003
1680 1.039001e-004 2.000984e-003
1681 2.742235e-004 4.583105e-003
1682 1.149104e-004 7.304450e-003
1683 1.251067e-005 1.073635e-003
1684 4.165299e-005 1.377913e-003
1685 1.608217e-004 5.424896e-003
1686 1.362728e-004 5.298955e-003
1687 4.142493e-004 1.309877e-002
1688 1.455694e-004 3.676063e-003
1689 7.709514e-005 4.014730e-003
1690 2.300916e-005 1.097343e-003
1691 1.035513e-005 1.361185e-003
1692 3.484430e-005 2.191040e-003
1693 1.664765e-004 6.074481e-003
1694 4.558304e-004 5.351026e-003
1695 1.251067e-005 1.073635e-003
1696 1.270616e-003 2.513760e-002
1697 6.986792e-005 2.866926e-003
1698 6.531183e-004 1.408150e-002
1699 1.427973e-003 1.199775e-002
1700 4.732442e-005 2.933072e-003
1701 2.020585e-004 7.686138e-003
1702 4.277974e-004 5.123678e-003
1703 4.512103e-004 5.696632e-003
1704 1.251067e-005 1.073635e-003
1705 1.251067e-005 1.073635e-003
1706 4.420814e-005 1.206099e-003
1707 2.734982e-004 2.520357e-003
1708 9.824173e-005 5.608252e-003
1709 2.864540e-004 5.911517e-003
1710 3.294837e-004 7.255587e-003
1711 1.093411e-004 3.379222e-003
1712 3.691015e-004 1.101693e-002
1713 1.412016e-004 4.380981e-003
1714 2.981739e-004 6.913910e-003
1715 7.616922e-005 3.713137e-003
1716 4.060938e-005 2.737103e-003
1717 2.253050e-004 4.394172e-003
1718 1.944346e-004 6.627712e-003
1719 1.293217e-004 3.795476e-003
1720 1.054597e-004 5.182763e-003
1721 5.315023e-004 1.644936e-002
1722 1.028841e-004 5.054912e-003
1723 1.704430e-003 2.597061e-002
1724 3.189220e-005 1.530613e-003
1725 1.141136e-004 6.248512e-003
1726 4.464087e-004 1.219387e-002
1727 1.316188e-004 4.977177e-003
1728 1.652707e-004 5.656794e-003
1729 4.073148e-005 2.787696e-003
1730 2.774485e-004 5.771005e-003
1731 8.669825e-005 3.402670e-003
1732 2.780574e-005 1.252348e-003
1733 4.301551e-006 9.645222e-004
1734 5.738114e-005 2.067800e-003
1735 5.865063e-005 2.254739e-003
1736 7.217024e-006 9.711136e-004
1737 9.006897e-005 2.243915e-003
1738 9.735378e-006 1.495309e-003
1739 1.450874e-004 4.103702e-003
1740 6.849541e-004 1.412975e-002
1741 1.188640e-004 3.078391e-003
1742 3.324411e-004 9.334964e-003
1743 5.468256e-004 7.446065e-003
1744 8.366828e-005 3.311851e-003
1745 1.185434e-004 3.082499e-003
1746 2.275975e-005 1.052741e-003
1747 1.119583e-004 2.904407e-003
1748 1.401245e-003 4.451556e-002
1749 1.433036e-004 1.946312e-003
1750 2.322028e-004 3.695518e-003
1751 1.125657e-004 3.045240e-003
1752 2.604625e-005 1.321203e-003
1753 1.414116e-004 3.857268e-003
1754 1.947116e-004 3.245117e-003
1755 9.314511e-005 1.830223e-003
1756 3.075591e-004 7.857817e-003
1757 3.212473e-004 8.009227e-003
1758 5.602240e-005 2.033893e-003
1759 2.606158e-005 3.298378e-003
1760 1.785013e-003 1.960079e-002
1761 9.001616e-005 5.118304e-003
1762 5.083653e-005 1.864969e-003
1763 8.743497e-005 6.425601e-003
1764 1.170446e-004 2.720279e-003
1765 4.886407e-004 6.825391e-003
1766 4.926349e-005 1.577604e-003
1767 9.594590e-005 2.075039e-003
1768 2.124494e-004 3.492686e-003
1769 6.355784e-005 2.165909e-003
1770 1.275149e-004 3.281058e-003
1771 3.718492e-004 4.222542e-003
1772 7.469101e-004 7.811007e-003
1773 1.466472e-003 2.409194e-002
1774 3.710809e-005 2.173327e-003
1775 5.156569e-005 1.714174e-003
1776 6.487101e-004 1.063750e-002
1777 3.967408e-005 3.051841e-003
1778 8.742117e-005 3.707669e-003
1779 1.864296e-004 7.055427e-003
1780 3.301391e-005 2.139208e-003
1781 4.661399e-006 1.181771e-003
1782 8.403704e-005 1.803814e-003
1783 1.150099e-004 3.307972e-003
1784 1.082966e-004 6.148077e-003
1785 5.280623e-005 1.578004e-003
1786 6.112817e-004 9.385938e-003
1787 3.137903e-004 7.539214e-003
1788 7.156222e-005 3.084771e-003
1789 6.307501e-004 1.260389e-002
1790 2.391160e-005 1.330307e-003
1791 1.565123e-005 1.342523e-003
1792 7.496707e-005 1.466438e-003
1793 1.117108e-004 7.597360e-003
1794 2.090052e-004 9.592164e-003
1795 2.887200e-005 1.240153e-003
1796 8.661959e-004 2.168961e-002
1797 1.651452e-004 6.028050e-003
1798 5.840260e-005 1.983861e-003
1799 1.585741e-005 1.669465e-003
1800 3.687026e-004 1.268980e-002
1801 3.014130e-005 1.556475e-003
1802 1.342592e-004 4.727038e-003
1803 1.481591e-005 1.462964e-003
1804 2.680701e-005 1.279249e-003
1805 1.320993e-004 9.521317e-003
1806 1.018811e-004 1.897660e-003
1807 2.518271e-005 1.116692e-003
1808 1.782233e-003 1.936987e-002
1809 8.338732e-005 4.008618e-003
1810 1.710958e-004 4.992602e-003
1811 1.896354e-004 2.984478e-003
1812 1.042102e-004 2.236200e-003
1813 1.712727e-004 5.313427e-003
1814 4.557679e-005 1.314791e-003
1815 4.959804e-004 7.869549e-003
1816 3.277418e-004 6.666564e-003
1817 6.641037e-005 2.198204e-003
1818 3.987668e-005 3.139115e-003
1819 1.941372e-005 1.857263e-003
1820 1.569514e-005 1.200545e-003
1821 7.355476e-005 2.882291e-003
1822 3.398399e-004 8.282331e-003
1823 1.181381e-004 7.382731e-003
1824 7.630193e-004 1.575916e-002
1825 1.013161e-003 1.175557e-002
1826 2.218777e-004 3.561265e-003
1827 2.880620e-004 6.345467e-003
1828 1.383634e-004 3.870579e-003
1829 1.499718e-004 4.740165e-003
1830 3.328824e-005 2.118216e-003
1831 2.190313e-005 1.111050e-003
1832 1.859524e-004 6.721116e-003
1833 4.689360e-005 1.471216e-003
1834 3.138000e-005 1.680348e-003
1835 3.666513e-005 2.198104e-003
1836 3.717810e-004 1.064371e-002
1837 1.877800e-004 7.802150e-003
1838 2.734026e-005 1.244795e-003
1839 6.444128e-004 1.120593e-002
1840 3.733918e-004 3.763970e-003
1841 1.740069e-004 6.041269e-003
1842 7.880078e-005 4.031007e-003
1843 8.115129e-005 3.290958e-003
1844 1.887523e-005 1.986495e-003
1845 1.895726e-004 2.557984e-003
1846 6.850961e-005 2.314397e-003
1847 7.880715e-004 8.161497e-003
1848 2.786527e-005 1.399449e-003
1849 1.831277e-004 5.686146e-003
1850 5.310847e-004 8.106411e-003
1851 1.081822e-003 1.205016e-002
1852 3.116512e-004 5.661601e-003
1853 2.543408e-004 4.595221e-003
1854 4.148870e-004 1.289403e-002
1855 6.329102e-004 1.038041e-002
1856 1.170891e-005 1.866192e-003
1857 7.469262e-005 3.645393e-003
1858 3.678652e-005 1.139293e-003
1859 3.166835e-005 2.008744e-003
1860 1.430532e-004 3.470173e-003
1861 8.608657e-005 3.647390e-003
1862 5.988999e-004 1.477327e-002
1863 5.201967e-005 1.865988e-003
1864 1.595198e-005 1.319700e-003
1865 1.307858e-004 3.744135e-003
1866 2.783498e-004 5.041966e-003
1867 6.766073e-005 2.159342e-003
1868 3.465408e-005 1.957101e-003
1869 6.303401e-004 5.494259e-003
1870 5.869534e-005 2.276136e-003
1871 1.432673e-004 5.631984e-003
1872 9.276887e-005 4.534592e-003
1873 2.622206e-005 1.370621e-003
1874 2.677746e-005 1.403111e-003
1875 2.758499e-004 6.341375e-003
1876 5.029774e-005 1.671900e-003
1877 1.796842e-005 1.529486e-003
1878 4.890798e-005 3.314372e-003
1879 1.828448e-004 6.877619e-003
1880 2.939951e-005 1.690706e-003
1881 2.970576e-004 5.371171e-003
1882 1.725629e-005 1.756805e-003
1883 1.257965e-004 3.908536e-003
1884 2.225464e-005 1.106290e-003
1885 4.755977e-005 3.307425e-003
1886 5.905473e-005 2.700720e-003
1887 5.723048e-005 5.565043e-003
1888 4.889373e-005 1.523387e-003
1889 4.097960e-006 1.033318e-003
1890 9.276795e-005 4.735684e-003
1891 1.108537e-003 1.380875e-002
1892 1.670210e-004 4.743477e-003
1893 4.807827e-004 6.343580e-003
1894 4.548425e-004 7.693185e-003
1895 1.477200e-004 4.276224e-003
1896 2.124580e-004 3.778550e-003
1897 6.858480e-005 2.284786e-003
1898 6.948930e-004 1.286099e-002
1899 8.333740e-005 2.945996e-003
1900 5.814732e-005 2.014836e-003
1901 3.272734e-005 1.821294e-003
1902 1.447762e-005 1.186642e-003
1903 8.083981e-005 4.613409e-003
1904 4.453506e-005 1.381670e-003
1905 3.005567e-005 1.732011e-003
1906 1.130669e-004 2.761860e-003
1907 4.045200e-005 2.638789e-003
1908 1.313221e-005 1.006842e-003
1909 3.349102e-005 2.169558e-003
1910 4.628054e-004 5.746387e-003
1911 7.563625e-005 3.002080e-003
1912 1.410938e-004 3.796597e-003
1913 5.168897e-005 1.842400e-003
1914 8.938319e-005 1.694291e-003
1915 2.115867e-004 3.161837e-003
1916 7.777862e-004 7.835892e-003
1917 1.419221e-003 1.306667e-002
1918 4.388190e-004 5.082255e-003
1919 2.194522e-004 3.750902e-003
1920 2.875218e-005 1.607889e-003
1921 8.955501e-006 1.156688e-003
1922 1.455350e-005 1.243287e-003
1923 2.583622e-005 1.277512e-003
1924 2.482637e-005 1.348649e-003
1925 1.443614e-005 1.200225e-003
1926 1.048124e-004 2.405303e-003
1927 1.145106e-004 2.654880e-003
1928 1.640058e-005 1.255364e-003
1929 5.970002e-005 2.277160e-003
1930 6.395210e-005 2.714060e-003
1931 1.630380e-004 5.608399e-003
1932 8.338732e-005 4.008618e-003
1933 3.035816e-004 5.957835e-003
1934 1.086906e-003 1.335225e-002
1935 1.315146e-004 3.014198e-003
1936 1.133668e-004 2.783580e-003
1937 1.499646e-004 1.799651e-003
1938 2.099005e-005 1.088382e-003
1939 6.507807e-004 9.327915e-003
1940 6.176440e-004 9.990732e-003
1941 1.928624e-004 2.733648e-003
1942 8.660789e-004 1.872877e-002
1943 4.014549e-004 4.113099e-003
1944 1.600129e-004 4.847935e-003
1945 1.716742e-004 5.341581e-003
1946 9.632153e-005 2.112178e-003
1947 2.734026e-005 1.244795e-003
1948 2.469632e-005 1.196861e-003
1949 2.256268e-003 2.895813e-002
1950 1.439931e-004 3.968562e-003
1951 3.084949e-004 5.900149e-003
1952 8.653993e-005 4.227344e-003
1953 2.110753e-004 3.773858e-003
1954 6.468608e-005 2.577729e-003
1955 1.061807e-004 2.275462e-003
1956 1.974054e-004 6.664394e-003
1957 1.337427e-004 3.385101e-003
1958 2.294481e-004 4.233475e-003
1959 5.486626e-004 8.187073e-003
1960 1.308884e-004 3.373542e-003
1961 5.104248e-004 7.408913e-003
1962 4.505857e-004 5.308960e-003
1963 3.082012e-004 5.770215e-003
1964 2.868367e-005 1.194604e-003
1965 1.205476e-004 2.784140e-003
1966 1.265366e-004 2.635869e-003
1967 4.419618e-004 1.929673e-002
1968 2.431144e-005 1.318527e-003
1969 2.166163e-004 7.416369e-003
1970 2.512161e-004 6.001589e-003
1971 2.646308e-004 7.104119e-003
1972 3.203429e-005 2.489754e-003
1973 2.202323e-004 5.326594e-003
1974 6.480384e-005 2.612623e-003
1975 5.516047e-004 1.140882e-002
1976 2.530405e-004 4.644062e-003
1977 5.966723e-005 2.041729e-003
1978 4.156437e-005 3.143734e-003
1979 4.262225e-004 1.550844e-002
1980 2.396795e-006 1.026782e-003
1981 1.070249e-004 6.892080e-003
1982 2.469632e-005 1.196861e-003
1983 2.604625e-005 1.321203e-003
1984 2.654114e-004 8.136762e-003
1985 3.369609e-005 2.535701e-003
1986 4.490511e-005 3.046187e-003
1987 6.806939e-004 7.670945e-003
1988 1.490776e-004 4.342205e-003
1989 7.334076e-006 1.068459e-003
1990 2.762137e-005 1.627386e-003
1991 1.326674e-004 3.362850e-003
1992 2.163072e-004 3.509740e-003
1993 2.461064e-006 1.081037e-003
1994 2.163787e-005 1.016455e-003
1995 5.278134e-005 1.872071e-003
1996 8.850588e-005 2.145861e-003
1997 1.251067e-005 1.073635e-003
1998 3.349102e-005 2.169558e-003
1999 9.969673e-005 2.076225e-003
2000 2.967131e-005 1.703568e-003
2001 3.254755e-005 2.123121e-003
