1 8.245670e-004 1.470194e-002
2 9.523404e-006 1.745923e-002
3 7.357904e-006 1.857290e-003
4 3.044772e-006 1.648545e-003
5 9.081992e-006 2.140928e-003
6 2.332271e-003 4.958237e-002
7 4.989731e-005 7.027345e-003
8 8.856539e-005 3.444037e-002
9 4.407710e-007 2.373834e-003
10 6.798019e-004 4.392053e-002
11 1.259699e-005 4.150953e-003
12 1.404167e-006 1.194118e-003
13 7.728344e-004 5.770327e-002
14 9.982355e-006 7.245129e-003
15 1.000005e-005 2.773933e-003
16 1.177015e-004 8.992572e-003
17 4.101254e-006 1.491440e-003
18 8.127811e-004 2.787526e-002
19 2.488713e-005 6.287322e-003
20 4.510259e-007 1.013668e-003
21 1.178093e-003 5.968144e-002
22 9.101452e-006 2.193212e-003
23 2.757836e-004 1.655605e-002
24 1.668501e-003 5.397919e-002
25 1.276840e-003 5.134007e-002
26 1.611482e-005 2.574589e-003
27 1.672662e-005 4.610810e-003
28 1.962498e-005 2.390598e-003
29 1.472894e-003 8.390035e-002
30 4.709753e-003 1.933957e-001
31 1.847098e-003 1.017992e-001
32 4.350570e-005 3.418998e-003
33 2.508568e-006 1.165749e-003
34 4.449197e-006 1.016574e-003
35 6.433313e-006 2.721027e-003
36 1.762753e-003 4.308215e-002
37 2.156341e-004 2.548297e-002
38 7.643996e-005 6.237786e-003
39 9.185408e-007 1.829693e-003
40 1.215015e-005 3.083154e-003
41 3.885697e-004 6.385036e-003
42 3.122646e-006 4.756969e-003
43 1.926894e-003 6.136104e-002
44 1.637516e-004 6.151455e-003
45 4.617586e-004 1.086876e-002
46 5.203772e-005 5.702913e-003
47 2.549388e-003 7.682758e-002
48 6.414974e-004 2.672432e-002
49 2.709499e-005 4.956377e-003
50 2.092803e-003 1.005189e-001
51 3.951071e-005 8.133272e-003
52 1.160584e-004 1.230799e-002
53 2.107021e-005 2.430393e-003
54 2.966378e-005 6.272995e-003
55 5.813645e-006 3.976805e-003
56 2.034085e-005 4.626109e-003
57 5.361162e-005 1.033078e-002
58 2.580217e-004 1.500163e-002
59 1.176969e-004 1.312199e-002
60 1.366593e-006 1.334265e-003
61 2.926654e-003 1.771023e-001
62 1.647087e-004 2.582084e-002
63 1.734413e-006 1.574959e-003
64 4.648279e-006 3.928066e-003
65 1.529973e-004 1.108744e-002
66 9.031908e-006 2.551303e-003
67 5.215744e-005 5.647329e-003
68 8.206256e-006 6.084836e-003
69 1.339922e-006 1.362085e-003
70 1.232750e-006 1.224902e-003
71 1.127503e-003 4.285864e-002
72 1.641291e-004 6.309555e-003
73 1.568139e-005 3.684506e-003
74 3.897510e-004 8.993409e-002
75 7.161341e-006 2.234336e-003
76 3.256647e-006 2.356363e-003
77 2.797522e-004 1.480794e-002
78 1.634429e-003 1.227043e-001
79 6.735411e-004 1.302346e-002
80 3.138329e-006 1.472960e-003
81 7.415425e-007 1.265828e-003
82 1.578195e-005 1.970299e-003
83 4.752491e-005 5.725649e-003
84 2.764544e-006 1.686680e-003
85 1.834803e-004 9.841086e-003
86 1.848777e-005 4.323554e-003
87 1.265438e-005 2.152294e-003
88 2.618303e-006 1.607873e-003
89 1.568886e-004 1.279393e-002
90 6.151265e-004 4.844968e-002
91 6.078091e-004 2.482834e-002
92 1.345534e-003 9.219804e-002
93 8.677869e-005 6.100860e-003
94 2.461204e-005 3.049718e-003
95 3.166812e-003 1.431553e-001
96 2.963840e-005 2.315428e-003
97 2.372746e-004 1.872794e-002
98 1.081587e-005 2.204457e-003
99 1.605745e-005 1.800863e-003
100 1.438330e-003 5.523467e-002
101 1.752058e-005 3.548683e-003
102 2.163613e-005 1.274285e-002
103 2.327686e-004 2.766478e-002
104 3.317700e-004 1.254557e-002
105 2.793495e-004 1.138905e-002
106 2.634317e-005 7.876724e-003
107 3.871577e-006 2.695829e-003
108 6.213628e-005 1.404087e-002
109 8.652400e-006 4.556033e-003
110 4.925808e-005 7.471072e-003
111 3.427425e-003 9.745468e-002
112 5.394151e-004 2.457748e-002
113 1.639512e-003 7.186115e-002
114 2.158013e-003 5.399058e-002
115 4.229325e-004 2.152728e-002
116 4.460580e-004 2.112228e-002
117 2.688340e-004 2.079929e-002
118 2.918113e-004 1.715276e-002
119 2.185626e-006 4.495300e-003
120 1.906911e-006 3.582030e-003
121 1.135158e-004 9.564558e-003
122 2.729398e-006 1.559999e-003
123 1.982917e-005 4.523778e-003
124 6.179001e-005 6.525077e-003
125 7.532873e-006 3.847456e-003
126 3.886029e-005 5.179938e-003
127 4.844712e-005 8.794493e-003
128 6.367866e-005 6.525502e-003
129 2.029165e-005 3.989688e-003
130 7.655660e-006 3.573601e-003
131 1.771868e-005 5.518324e-003
132 1.233692e-005 4.006602e-003
133 7.520883e-005 6.403518e-003
134 1.696977e-004 1.524277e-002
135 3.251829e-005 3.736881e-003
136 1.727529e-005 3.251356e-003
137 7.448943e-005 8.860445e-003
138 2.067717e-005 8.663445e-003
139 1.867989e-005 7.235548e-003
140 5.390255e-006 4.932391e-003
141 3.866733e-006 2.918034e-003
142 4.196994e-006 2.907065e-003
143 2.631495e-005 5.960312e-003
144 3.283433e-005 7.779918e-003
145 5.679820e-006 4.579153e-003
146 2.387285e-005 5.304506e-003
147 3.611591e-005 4.656139e-003
148 1.830189e-005 7.533390e-003
149 8.078275e-006 3.705830e-003
150 4.894618e-006 3.844650e-003
151 6.944646e-005 6.976679e-003
152 2.950257e-005 3.778931e-003
153 2.612370e-006 2.846795e-003
154 7.869037e-006 3.477686e-003
155 2.353627e-006 2.916641e-003
156 1.721339e-005 3.121280e-003
157 1.320720e-005 3.561459e-003
158 1.956013e-005 3.235460e-003
159 4.631160e-005 4.438594e-003
160 4.626692e-006 4.559731e-003
161 9.266255e-007 3.052205e-003
162 9.544579e-007 2.975915e-003
163 1.513159e-006 3.017184e-003
164 6.540189e-007 1.620335e-003
165 1.102435e-006 1.649836e-003
166 1.112235e-006 1.633107e-003
167 9.118964e-007 2.911962e-003
168 4.252934e-006 3.110282e-003
169 3.103675e-005 4.787098e-003
170 7.155394e-007 1.620349e-003
171 1.883131e-005 3.088130e-003
172 2.703740e-006 3.161023e-003
173 6.776086e-007 1.603892e-003
174 2.410923e-006 3.025500e-003
175 2.514816e-006 3.042174e-003
176 1.537122e-006 2.957224e-003
177 1.053729e-006 1.628197e-003
178 3.423360e-006 2.147882e-003
179 6.776086e-007 1.603892e-003
180 2.514816e-006 3.042174e-003
181 7.745968e-007 2.100177e-003
182 4.409207e-006 3.329726e-003
183 3.716034e-007 1.192228e-003
184 6.776086e-007 1.603892e-003
185 9.621618e-007 1.219506e-003
186 1.388585e-006 2.137707e-003
187 8.183857e-007 1.889385e-003
188 4.019908e-007 1.583939e-003
189 2.183686e-007 1.130147e-003
190 5.708018e-007 1.201149e-003
191 6.555206e-005 1.002528e-002
192 6.123989e-006 3.037545e-003
193 6.029597e-005 7.891370e-003
194 6.554857e-005 1.020644e-002
195 1.710632e-005 4.377647e-003
196 3.528610e-005 6.288637e-003
197 5.484873e-005 6.606191e-003
198 1.831236e-005 4.454755e-003
199 6.622904e-005 9.150686e-003
200 3.634735e-005 6.559935e-003
201 4.984091e-005 5.962281e-003
202 5.325308e-005 1.366805e-002
203 5.859034e-006 3.050817e-003
204 2.393984e-005 3.467334e-003
205 3.244743e-005 5.489331e-003
206 9.700293e-006 3.088861e-003
207 5.303019e-005 6.304736e-003
208 1.020308e-005 3.212435e-003
209 3.244743e-005 5.489331e-003
210 2.393984e-005 3.467334e-003
211 4.900797e-006 2.116700e-003
212 9.646075e-005 6.796093e-003
213 4.659293e-006 2.057344e-003
214 9.842237e-006 3.521319e-003
215 1.637317e-005 3.101656e-003
216 1.616151e-005 3.297932e-003
217 6.960855e-006 1.684502e-003
218 1.153649e-004 1.419410e-002
219 8.333362e-005 6.239971e-003
220 9.889492e-006 3.046233e-003
221 1.637317e-005 3.101656e-003
222 2.675775e-005 4.981837e-003
223 4.326780e-005 8.169346e-003
224 6.017611e-006 2.902819e-003
225 1.419588e-005 4.789482e-003
226 1.111179e-005 3.198693e-003
227 1.975494e-005 3.511378e-003
228 1.252821e-005 4.165939e-003
229 7.351073e-005 7.804439e-003
230 2.562705e-005 5.751508e-003
231 1.426371e-005 5.260885e-003
232 8.501577e-006 4.546613e-003
233 2.259329e-005 5.288184e-003
234 1.218731e-005 4.306700e-003
235 3.105135e-006 4.366063e-003
236 1.181942e-005 3.992213e-003
237 2.518524e-006 3.283136e-003
238 8.578449e-006 4.861940e-003
239 4.539220e-006 3.449984e-003
240 6.423243e-006 2.785252e-003
241 6.851218e-006 3.582985e-003
242 1.181942e-005 3.992213e-003
243 2.372083e-006 3.067916e-003
244 1.376736e-005 4.241003e-003
245 7.217347e-006 3.905622e-003
246 4.248696e-006 3.567692e-003
247 1.218731e-005 4.306700e-003
248 2.180301e-006 2.558928e-003
249 1.457239e-005 5.445735e-003
250 7.426415e-006 3.597645e-003
251 3.567093e-006 2.629853e-003
252 1.426371e-005 5.260885e-003
253 2.532344e-006 3.230787e-003
254 5.243374e-006 4.636622e-003
255 1.504052e-005 5.690705e-003
256 3.567093e-006 2.629853e-003
257 2.518524e-006 3.283136e-003
258 3.591882e-005 2.975830e-003
259 5.856414e-005 3.368701e-003
260 1.232445e-004 5.670922e-003
261 3.881201e-005 3.287789e-003
262 3.767635e-005 3.161766e-003
263 6.179703e-005 3.516649e-003
264 1.534054e-004 7.948207e-003
265 7.186658e-005 4.287777e-003
266 1.994159e-004 7.102862e-003
267 3.506741e-004 2.096797e-002
268 1.752188e-004 1.028986e-002
269 3.177054e-004 1.376691e-002
270 2.483888e-005 3.361439e-003
271 5.856414e-005 3.368701e-003
272 4.624764e-005 5.059727e-003
273 2.483888e-005 3.361439e-003
274 6.332769e-005 4.023535e-003
275 8.416199e-005 5.765169e-003
276 2.926062e-004 1.300719e-002
277 1.465846e-005 2.848461e-003
278 1.251697e-005 2.212640e-003
279 1.513297e-004 7.383029e-003
280 2.908848e-005 4.623173e-003
281 8.416199e-005 5.765169e-003
282 9.104586e-005 8.412132e-003
283 2.053043e-005 2.384950e-003
284 5.856414e-005 3.368701e-003
285 7.737090e-005 5.281511e-003
286 1.084328e-004 5.193419e-003
287 2.470877e-005 3.138745e-003
288 6.007163e-005 8.219349e-003
289 1.411157e-004 9.145070e-003
290 1.411157e-004 9.145070e-003
291 2.483888e-005 3.361439e-003
292 4.056170e-005 3.670262e-003
293 1.476291e-004 9.803707e-003
294 1.167368e-004 6.190927e-003
295 1.459028e-004 1.347373e-002
296 6.679332e-004 3.169880e-002
297 6.515927e-004 2.957474e-002
298 1.317591e-004 9.236984e-003
299 2.102081e-005 2.919349e-003
300 9.669053e-006 4.211789e-003
301 1.533512e-004 1.222549e-002
302 1.578949e-005 4.648523e-003
303 3.236288e-006 2.937038e-003
304 4.649328e-006 2.207580e-003
305 7.033895e-007 2.636771e-003
306 1.698885e-006 2.653380e-003
307 7.033895e-007 2.636771e-003
308 1.099298e-006 2.560611e-003
309 3.156205e-005 3.160046e-003
310 4.934850e-006 3.146913e-003
311 7.033895e-007 2.636771e-003
312 4.401692e-006 2.098491e-003
313 4.289996e-007 2.534252e-003
314 6.917816e-007 2.535645e-003
315 7.073167e-007 2.664198e-003
316 1.980178e-006 2.772443e-003
317 5.736731e-007 1.920707e-003
318 1.436000e-006 1.921691e-003
319 6.693070e-006 1.993547e-003
320 4.367821e-007 2.500276e-003
321 3.077271e-007 1.420398e-003
322 1.370830e-004 3.306312e-002
323 2.782692e-004 2.025509e-002
324 1.999164e-005 8.721589e-003
325 4.159529e-005 7.603173e-003
326 6.736617e-006 2.874306e-003
327 1.963142e-004 1.093489e-002
328 3.907944e-005 7.682950e-003
329 5.451007e-004 3.541693e-002
330 7.316332e-004 2.572982e-002
331 1.510463e-004 1.645324e-002
332 8.552120e-004 5.197771e-002
333 2.008166e-005 3.938254e-003
334 1.098756e-004 7.871400e-003
335 5.178463e-005 5.575119e-003
336 1.188717e-004 7.866073e-003
337 3.996066e-004 1.985922e-002
338 6.759539e-005 1.159616e-002
339 8.249209e-004 1.954721e-002
340 1.456895e-005 3.057511e-003
341 5.253818e-006 2.579768e-003
342 5.142818e-005 6.617572e-003
343 7.660767e-005 1.333106e-002
344 1.457414e-005 2.999077e-003
345 2.115954e-005 5.016191e-003
346 3.033803e-006 2.237130e-003
347 5.406151e-006 2.689387e-003
348 5.197504e-005 5.868718e-003
349 3.284187e-005 5.097971e-003
350 5.878010e-006 3.041059e-003
351 5.545856e-006 2.604496e-003
352 4.713064e-006 2.106286e-003
353 1.654990e-005 3.178956e-003
354 9.996236e-006 3.113340e-003
355 1.650800e-005 3.296008e-003
356 1.988425e-006 2.251702e-003
357 1.983669e-005 4.967761e-003
358 9.057090e-005 6.817030e-003
359 1.907905e-005 4.177481e-003
360 1.166441e-005 4.824324e-003
361 1.350273e-004 1.791756e-002
362 2.977683e-006 2.322908e-003
363 5.997937e-006 3.095625e-003
364 4.713064e-006 2.106286e-003
365 4.217926e-005 1.039645e-002
366 1.663704e-005 3.537840e-003
367 2.125525e-005 6.166114e-003
368 3.284187e-005 5.097971e-003
369 2.242825e-004 2.362687e-002
370 4.717726e-005 1.065777e-002
371 5.515065e-005 1.484139e-002
372 4.963873e-003 1.535044e-001
373 9.972741e-004 8.720093e-002
374 1.952419e-003 1.280964e-001
375 3.655576e-004 1.507016e-002
376 6.722266e-004 3.600372e-002
377 5.388395e-005 7.561457e-003
378 6.216578e-005 9.647594e-003
379 2.436313e-005 6.408282e-003
380 5.473678e-005 5.074480e-003
381 1.111120e-005 1.521998e-003
382 8.624917e-005 6.838250e-003
383 1.111120e-005 1.521998e-003
384 4.132655e-005 3.266466e-003
385 2.736738e-006 4.350534e-003
386 7.336993e-006 4.832189e-003
387 1.778361e-005 1.033318e-002
388 1.289646e-005 2.513232e-003
389 2.710511e-005 4.473395e-003
390 1.245174e-005 4.163716e-003
391 7.581179e-005 1.757329e-002
392 3.841002e-005 6.384598e-003
393 3.181351e-005 8.401863e-003
394 5.966199e-006 2.571338e-003
395 2.375485e-005 5.947415e-003
396 9.699092e-005 1.977012e-002
397 7.210303e-005 8.030079e-003
398 1.085960e-004 8.450744e-003
399 2.024538e-005 5.368488e-003
400 7.242508e-005 9.115514e-003
401 2.108099e-005 5.557610e-003
402 2.108099e-005 5.557610e-003
403 3.585139e-005 5.498251e-003
404 6.292654e-005 6.389781e-003
405 6.292654e-005 6.389781e-003
406 3.585139e-005 5.498251e-003
407 1.062327e-005 4.016582e-003
408 2.145282e-005 4.997063e-003
409 2.369906e-004 2.082682e-002
410 7.351393e-005 1.026177e-002
411 7.483762e-005 1.091119e-002
412 2.130058e-004 1.319577e-002
413 3.271163e-005 5.017051e-003
414 3.846236e-005 5.621475e-003
415 1.790693e-005 4.321160e-003
416 2.171980e-005 5.482261e-003
417 6.292654e-005 6.389781e-003
418 2.535080e-004 2.654752e-002
419 4.676741e-004 4.133706e-002
420 1.630906e-004 2.340542e-002
421 6.369475e-005 6.885922e-003
422 8.811663e-005 1.124384e-002
423 1.697427e-004 2.636986e-002
424 5.592533e-004 7.050664e-002
425 9.756542e-005 2.030214e-002
426 1.441637e-004 1.399207e-002
427 2.777084e-004 3.469975e-002
428 8.155362e-005 1.450131e-002
429 8.402491e-005 1.403938e-002
430 8.402491e-005 1.403938e-002
431 1.575164e-004 2.486934e-002
432 4.975970e-005 1.076223e-002
433 4.975970e-005 1.076223e-002
434 8.402491e-005 1.403938e-002
435 1.572382e-004 2.236387e-002
436 5.869877e-005 1.763316e-002
437 8.155362e-005 1.450131e-002
438 8.402491e-005 1.403938e-002
439 4.529221e-004 4.947314e-002
440 3.039111e-005 1.075480e-002
441 3.039111e-005 1.075480e-002
442 4.105925e-004 3.635598e-002
443 7.712723e-005 2.001755e-002
444 8.967132e-004 7.625647e-002
445 8.052532e-004 4.346783e-002
446 1.635989e-007 9.099439e-004
447 3.822932e-007 1.214579e-003
448 5.632503e-008 9.074460e-004
449 9.974279e-008 9.078550e-004
450 1.926478e-007 9.896777e-004
451 2.600585e-006 1.662992e-003
452 3.822932e-007 1.214579e-003
453 8.662837e-007 1.085446e-003
454 6.444057e-007 1.226453e-003
455 6.041065e-007 1.216001e-003
456 1.825227e-007 1.027446e-003
457 1.718102e-007 9.220252e-004
458 3.822932e-007 1.214579e-003
459 3.330891e-005 1.295441e-002
460 1.678585e-006 2.568296e-003
461 1.117723e-007 1.051397e-003
462 2.894279e-006 2.807866e-003
463 5.446856e-007 1.099329e-003
464 6.414010e-007 1.292157e-003
465 5.193930e-007 1.140947e-003
466 6.116174e-007 1.366133e-003
467 1.820359e-007 1.077727e-003
468 1.102709e-007 1.088933e-003
469 6.414010e-007 1.292157e-003
470 6.920621e-007 1.732985e-003
471 2.247970e-007 1.211540e-003
472 5.446856e-007 1.099329e-003
473 6.414010e-007 1.292157e-003
474 6.831815e-008 1.045469e-003
475 6.414010e-007 1.292157e-003
476 1.225983e-006 1.394692e-003
477 7.948374e-006 2.572376e-003
478 3.533232e-005 3.212109e-003
479 2.031730e-006 1.492022e-003
480 3.083424e-006 1.997602e-003
481 4.503867e-006 1.737889e-003
482 1.643415e-006 2.070256e-003
483 1.004499e-006 2.043483e-003
484 6.677026e-006 1.839035e-003
485 1.569610e-006 1.727675e-003
486 4.332361e-005 9.733646e-003
487 7.846155e-007 1.466100e-003
488 4.072576e-005 7.565200e-003
489 9.199933e-004 3.477627e-002
490 2.052280e-005 5.028260e-003
491 6.094557e-005 6.125597e-003
492 2.028727e-005 4.982896e-003
493 3.181990e-005 5.396368e-003
494 2.295908e-005 6.136433e-003
495 1.939358e-005 4.654418e-003
496 7.685836e-005 1.010233e-002
497 3.466401e-004 1.395601e-002
498 3.348286e-005 5.230748e-003
499 3.824047e-005 7.001097e-003
500 1.251232e-005 4.770352e-003
501 4.278451e-005 7.123768e-003
502 5.675090e-004 4.608205e-002
503 2.052280e-005 5.028260e-003
504 5.945860e-005 5.800708e-003
505 1.217514e-005 4.721342e-003
506 2.047512e-004 1.086191e-002
507 1.735378e-004 1.097354e-002
508 3.799840e-005 6.798324e-003
509 3.495141e-005 6.679249e-003
510 4.145907e-005 8.166062e-003
511 3.050317e-005 5.232703e-003
512 3.601053e-005 6.604359e-003
513 3.050317e-005 5.232703e-003
514 1.706911e-003 6.484590e-002
515 3.802927e-005 5.862910e-003
516 3.802927e-005 5.862910e-003
517 7.345145e-005 9.072315e-003
518 3.884827e-005 5.551921e-003
519 2.349620e-004 1.120031e-002
520 1.306594e-004 1.261009e-002
521 2.349620e-004 1.120031e-002
522 2.349620e-004 1.120031e-002
523 2.349620e-004 1.120031e-002
524 1.222011e-004 8.806646e-003
525 4.176245e-005 5.976427e-003
526 2.349620e-004 1.120031e-002
527 7.544026e-005 6.693127e-003
528 2.588719e-005 5.073729e-003
529 1.457088e-004 1.067583e-002
530 8.591617e-006 4.675038e-003
531 3.802927e-005 5.862910e-003
532 1.501059e-004 1.184898e-002
533 5.286535e-005 1.064362e-002
534 8.438350e-005 9.000951e-003
535 8.438350e-005 9.000951e-003
536 3.084168e-004 2.147902e-002
537 1.885125e-004 1.828854e-002
538 5.286535e-005 1.064362e-002
539 1.789815e-004 1.426604e-002
540 1.043573e-004 1.657302e-002
541 1.043573e-004 1.657302e-002
542 9.505805e-004 3.566148e-002
543 1.562378e-004 1.312890e-002
544 3.802927e-005 5.862910e-003
545 2.433408e-005 3.324845e-003
546 2.006228e-005 2.493247e-003
547 7.492951e-006 2.302682e-003
548 8.190336e-006 2.614647e-003
549 2.122658e-006 1.512052e-003
550 1.374152e-005 3.236768e-003
551 1.195769e-005 2.041007e-003
552 9.488994e-005 1.010275e-002
553 1.104782e-004 8.996137e-003
554 5.847927e-005 3.239161e-003
555 6.548165e-005 4.193456e-003
556 1.127102e-005 1.846131e-003
557 2.236638e-005 2.634134e-003
558 3.877835e-005 3.292632e-003
559 8.014458e-006 2.298100e-003
560 2.236638e-005 2.634134e-003
561 1.326884e-005 2.350708e-003
562 1.326884e-005 2.350708e-003
563 2.659257e-005 3.933297e-003
564 1.326884e-005 2.350708e-003
565 7.832252e-005 7.344062e-003
566 2.285868e-005 2.559850e-003
567 1.154393e-004 5.035025e-003
568 6.788089e-005 4.551657e-003
569 1.075222e-004 4.927874e-003
570 1.129531e-004 5.279531e-003
571 3.752570e-005 3.328060e-003
572 1.021998e-004 4.631260e-003
573 3.566818e-005 3.170714e-003
574 6.788089e-005 4.551657e-003
575 5.676130e-005 3.613451e-003
576 6.788089e-005 4.551657e-003
577 9.445025e-005 4.222091e-003
578 5.456291e-005 6.681887e-003
579 9.976289e-004 3.805694e-002
580 1.129531e-004 5.279531e-003
581 1.398402e-005 2.570675e-003
582 1.129531e-004 5.279531e-003
583 7.008452e-005 4.773190e-003
584 5.721982e-005 3.363023e-003
585 1.129531e-004 5.279531e-003
586 6.191558e-005 7.567099e-003
587 4.577621e-005 9.706719e-003
588 5.281853e-005 5.281347e-003
589 1.081957e-005 1.893489e-003
590 1.214464e-003 5.208150e-002
591 1.130953e-004 5.697417e-003
592 3.896001e-005 3.014700e-003
593 1.087365e-004 1.257917e-002
594 4.153408e-005 3.763646e-003
595 2.217183e-005 5.916025e-003
596 2.524441e-003 1.217482e-001
597 2.664001e-006 1.881948e-003
598 4.582294e-006 1.828935e-003
599 2.664001e-006 1.881948e-003
600 4.369514e-006 1.940645e-003
601 9.053148e-006 2.515607e-003
602 5.145372e-006 2.414389e-003
603 8.827060e-006 3.037577e-003
604 2.664001e-006 1.881948e-003
605 4.369514e-006 1.940645e-003
606 2.664001e-006 1.881948e-003
607 1.583288e-006 1.755251e-003
608 4.369514e-006 1.940645e-003
609 4.553300e-005 7.606641e-003
610 1.548455e-005 3.643574e-003
611 6.663201e-004 3.871736e-002
612 2.099971e-004 1.457029e-002
613 7.226556e-005 1.138129e-002
614 1.328860e-004 1.720420e-002
615 5.975861e-005 8.143720e-003
616 2.582447e-006 3.203290e-003
617 6.394782e-005 9.365748e-003
618 4.326638e-006 4.016788e-003
619 1.859433e-005 4.449010e-003
620 1.286302e-005 5.028086e-003
621 4.535770e-004 1.611912e-002
622 1.302291e-005 5.220498e-003
623 2.208689e-005 6.535144e-003
624 2.256644e-005 5.280625e-003
625 1.256215e-005 3.929665e-003
626 9.273408e-004 3.293310e-002
627 1.990480e-005 4.066061e-003
628 1.159733e-004 9.507670e-003
629 1.397534e-004 1.102933e-002
630 1.979191e-004 9.378591e-003
631 9.531631e-005 6.364373e-003
632 1.517057e-004 1.588518e-002
633 1.891156e-005 5.066569e-003
634 1.283332e-005 4.219817e-003
635 2.138603e-005 4.276209e-003
636 2.202177e-005 4.853399e-003
637 6.671290e-005 7.542791e-003
638 2.226953e-005 7.143841e-003
639 7.538874e-005 9.951939e-003
640 1.755589e-005 3.643387e-003
641 1.205736e-005 4.846016e-003
642 2.048563e-005 5.635960e-003
643 2.353827e-004 1.646360e-002
644 2.032697e-005 4.483865e-003
645 7.440348e-005 8.701948e-003
646 1.431874e-004 1.308324e-002
647 2.544913e-005 6.387887e-003
648 1.285986e-004 1.386774e-002
649 9.977776e-005 6.002719e-003
650 2.198040e-005 4.772999e-003
651 3.592349e-005 5.211255e-003
652 3.852217e-005 5.865423e-003
653 1.900079e-003 1.079730e-001
654 6.719711e-004 4.805183e-002
655 4.375626e-006 2.740625e-003
656 9.591127e-005 1.262152e-002
657 1.113544e-003 1.314000e-001
658 2.367954e-004 9.850237e-003
659 4.981058e-005 1.051057e-002
660 4.695639e-005 9.857644e-003
661 2.487247e-004 1.369008e-002
662 5.042887e-004 3.305199e-002
663 1.074690e-004 7.680262e-003
664 5.060808e-005 1.042428e-002
665 8.896988e-005 1.043700e-002
666 1.554080e-004 1.650008e-002
667 6.833170e-005 8.135855e-003
668 2.349654e-005 5.672100e-003
669 9.018835e-005 1.509034e-002
670 5.130726e-005 1.208349e-002
671 2.369687e-004 1.664487e-002
672 2.531027e-005 6.219925e-003
673 1.387938e-003 5.751703e-002
674 2.159368e-005 5.403296e-003
675 8.267362e-004 3.046114e-002
676 1.132721e-004 1.023956e-002
677 3.366656e-004 1.978699e-002
678 8.969699e-005 6.164934e-003
679 5.976143e-004 2.902039e-002
680 1.552268e-005 3.130962e-003
681 4.961510e-005 6.260501e-003
682 3.015488e-003 1.044846e-001
683 1.413363e-004 8.867636e-003
684 5.635782e-004 2.479194e-002
685 7.089746e-005 5.275061e-003
686 1.883374e-003 3.822350e-002
687 4.208613e-005 3.283437e-003
688 8.369961e-005 6.393417e-003
689 7.898659e-005 6.324267e-003
690 7.386979e-005 3.999520e-003
691 2.721716e-004 1.071734e-002
692 1.961806e-004 6.343978e-003
693 1.245173e-004 4.938844e-003
694 8.627836e-006 2.999827e-003
695 5.934933e-005 5.864590e-003
696 4.180974e-004 2.177786e-002
697 5.030748e-004 4.439765e-002
698 7.791644e-004 4.542654e-002
699 1.278744e-004 1.276864e-002
700 1.189479e-004 1.033633e-002
701 5.994104e-005 6.424704e-003
702 7.206187e-005 8.098140e-003
703 5.027260e-005 4.847539e-003
704 9.466441e-005 1.583806e-002
705 5.027260e-005 4.847539e-003
706 6.146277e-005 6.700325e-003
707 3.072793e-005 4.396389e-003
708 6.982932e-003 1.272522e-001
709 1.358663e-004 1.634395e-002
710 2.694888e-004 1.748878e-002
711 4.931437e-004 2.894845e-002
712 4.197844e-004 1.161925e-002
713 2.405979e-004 1.728656e-002
714 7.258262e-005 1.021319e-002
715 1.407832e-005 5.854968e-003
716 8.318617e-005 1.246725e-002
717 1.631468e-004 1.901961e-002
718 6.112538e-005 7.312717e-003
719 4.307088e-005 8.744698e-003
720 9.028131e-005 1.437186e-002
721 1.059688e-004 7.560231e-003
722 1.926149e-004 1.245281e-002
723 2.099519e-004 1.693051e-002
724 2.309136e-005 6.131418e-003
725 2.209231e-005 6.187192e-003
726 4.459971e-005 9.006353e-003
727 6.117518e-004 4.653237e-002
728 2.804720e-005 1.046501e-002
729 2.660412e-005 8.754775e-003
730 7.903224e-005 1.081691e-002
731 1.169763e-005 4.730304e-003
732 1.332647e-005 4.690404e-003
733 2.516856e-005 6.084077e-003
734 4.711172e-005 8.939349e-003
735 2.287643e-005 5.615702e-003
736 9.469849e-005 1.440995e-002
737 3.248770e-004 3.088422e-002
738 1.427136e-004 1.710463e-002
739 2.309136e-005 6.131418e-003
740 3.777875e-005 6.766755e-003
741 1.913796e-005 5.052153e-003
742 7.433634e-005 9.835413e-003
743 6.400579e-005 7.108765e-003
744 9.972579e-005 7.915809e-003
745 7.928015e-005 1.405080e-002
746 3.657632e-005 6.362652e-003
747 3.657632e-005 6.362652e-003
748 8.139711e-006 5.546385e-003
749 9.064664e-005 1.821908e-002
750 2.588917e-004 1.519048e-002
751 3.499920e-005 6.995379e-003
752 5.740594e-005 7.703546e-003
753 1.819295e-003 5.521347e-002
754 1.119501e-004 5.453235e-003
755 2.179422e-004 9.044868e-003
756 6.047740e-005 9.129786e-003
757 3.052775e-004 1.415036e-002
758 1.589710e-005 4.459531e-003
759 1.055341e-004 5.022914e-003
760 6.845920e-004 2.401935e-002
761 5.873668e-004 3.901101e-002
762 3.263817e-005 6.207534e-003
763 3.263817e-005 6.207534e-003
764 3.501513e-005 6.345941e-003
765 2.184476e-003 1.110263e-001
766 2.279363e-003 1.345296e-001
767 3.022373e-004 3.501267e-002
768 6.432114e-004 4.919503e-002
769 5.033718e-005 7.470820e-003
770 2.217438e-005 3.991367e-003
771 1.399913e-005 3.820115e-003
772 5.651685e-006 4.138046e-003
773 3.249231e-004 1.450710e-002
774 9.246468e-006 4.498925e-003
775 5.012476e-005 7.969276e-003
776 1.048513e-005 4.846104e-003
777 3.183847e-005 7.760548e-003
778 1.019587e-004 1.080684e-002
779 2.250947e-005 6.942770e-003
780 9.246468e-006 4.498925e-003
781 1.811365e-005 4.768597e-003
782 1.598689e-006 2.186030e-003
783 8.446604e-006 3.139184e-003
784 8.271827e-005 9.362555e-003
785 6.790028e-005 4.600696e-003
786 4.086699e-005 3.811542e-003
787 4.328514e-005 4.835152e-003
788 7.026357e-005 6.158509e-003
789 4.294694e-005 5.034715e-003
790 5.303795e-004 1.536011e-002
791 2.831286e-005 2.162887e-003
792 7.022182e-005 5.492064e-003
793 7.331933e-005 5.000527e-003
794 1.619975e-003 8.297000e-002
795 5.175072e-005 3.105127e-003
796 1.236216e-005 2.929742e-003
797 3.274863e-004 1.287066e-002
798 3.671652e-005 3.951612e-003
799 1.935543e-004 9.101912e-003
800 9.737414e-005 5.249295e-003
801 4.244950e-005 5.213466e-003
802 8.346823e-005 4.004779e-003
803 5.481710e-004 1.902615e-002
804 3.930272e-005 4.908223e-003
805 1.204160e-004 6.392327e-003
806 1.572489e-003 6.130930e-002
807 1.859612e-004 6.360746e-003
808 6.112590e-005 3.237204e-003
809 1.197679e-004 9.947188e-003
810 3.688875e-006 2.138083e-003
811 4.592338e-005 8.059635e-003
812 1.269213e-005 3.189369e-003
813 1.477185e-004 1.686527e-002
814 5.711912e-005 9.007687e-003
815 5.930327e-005 9.641277e-003
816 8.096186e-005 1.098407e-002
817 2.291374e-004 1.305703e-002
818 3.758738e-005 8.613773e-003
819 4.112305e-005 8.617119e-003
820 2.124478e-004 1.897215e-002
821 2.159431e-004 2.049267e-002
822 1.475265e-004 2.568171e-002
823 4.081288e-004 7.060628e-002
824 1.752730e-003 1.597945e-001
825 1.244068e-003 1.184666e-001
826 1.318711e-003 8.428460e-002
827 3.367347e-004 5.676409e-002
828 2.107345e-003 2.046181e-001
829 7.431611e-004 8.858035e-002
830 2.649551e-005 5.168680e-003
831 3.462681e-005 3.636999e-003
832 1.016738e-005 4.470800e-003
833 5.036928e-005 8.132596e-003
834 3.384845e-005 3.468183e-003
835 2.574688e-005 5.515463e-003
836 1.343235e-005 3.529709e-003
837 6.888770e-005 5.691339e-003
838 2.066527e-005 3.903655e-003
839 2.071010e-005 3.967374e-003
840 8.210292e-005 1.158019e-002
841 3.521991e-005 4.111327e-003
842 4.517971e-005 6.752666e-003
843 1.041552e-004 6.439121e-003
844 1.923108e-004 9.185187e-003
845 1.854239e-004 8.200711e-003
846 2.054179e-004 1.168942e-002
847 3.521991e-005 4.111327e-003
848 1.112932e-004 6.993100e-003
849 2.001699e-004 9.589959e-003
850 3.558747e-005 4.221250e-003
851 9.250558e-004 2.546283e-002
852 5.840007e-005 4.795380e-003
853 5.947283e-005 4.831245e-003
854 3.590724e-005 3.920680e-003
855 5.929174e-005 4.607400e-003
856 4.181104e-007 1.452267e-003
857 1.782732e-006 1.208929e-003
858 1.310340e-006 1.939369e-003
859 6.827711e-007 1.467591e-003
860 3.411041e-004 1.819233e-002
861 1.433544e-005 4.818388e-003
862 1.113938e-006 1.475111e-003
863 6.603154e-007 1.395136e-003
864 2.415139e-007 1.376771e-003
865 4.154880e-007 1.412928e-003
866 1.300202e-006 1.860264e-003
867 6.603154e-007 1.395136e-003
868 2.335707e-007 1.338420e-003
869 4.324612e-007 1.559900e-003
870 6.827711e-007 1.467591e-003
871 2.478457e-007 1.381595e-003
872 1.382286e-006 1.833960e-003
873 4.169945e-007 1.385864e-003
874 1.261869e-006 1.315433e-003
875 2.076165e-004 2.758939e-002
876 4.154880e-007 1.412928e-003
877 3.940289e-007 1.379431e-003
878 1.258593e-006 1.734664e-003
879 1.431636e-007 1.336843e-003
880 1.431636e-007 1.336843e-003
881 2.478457e-007 1.381595e-003
882 2.195152e-006 1.585825e-003
883 1.726819e-006 1.330810e-003
884 4.036021e-007 1.375823e-003
885 6.584906e-007 1.413563e-003
886 1.036821e-005 2.494513e-003
887 4.452220e-005 2.302909e-003
888 6.938284e-005 6.816133e-003
889 3.370726e-004 1.002928e-002
890 1.064652e-004 5.939279e-003
891 2.649319e-004 1.804921e-002
892 6.583658e-004 1.354257e-002
893 5.196465e-005 3.616387e-003
894 2.514181e-005 2.201649e-003
895 4.323555e-005 3.654036e-003
896 8.713031e-005 6.122508e-003
897 2.369863e-004 1.546082e-002
898 8.222785e-005 8.375010e-003
899 8.363843e-004 2.213924e-002
900 4.218223e-005 2.762734e-003
901 4.055475e-005 2.515793e-003
902 7.753628e-005 4.350526e-003
903 5.258822e-005 4.924104e-003
904 8.172466e-004 4.970718e-002
905 1.597165e-004 7.900851e-003
906 3.263903e-004 2.192290e-002
907 3.789322e-003 9.003326e-002
908 8.672281e-006 2.142232e-003
909 9.396383e-006 2.364396e-003
910 3.098967e-006 1.477775e-003
911 2.657419e-005 2.165393e-003
912 3.418940e-005 2.090833e-003
913 6.243854e-006 1.225899e-003
914 6.577958e-005 2.750574e-003
915 1.373668e-005 2.098303e-003
916 4.789289e-004 1.314295e-002
917 3.307202e-006 1.935144e-003
918 4.572725e-006 1.556292e-003
919 9.316951e-007 1.351293e-003
920 5.318282e-006 1.765802e-003
921 7.322072e-007 1.036293e-003
922 1.478573e-006 1.336684e-003
923 8.452749e-005 1.431669e-002
924 3.954469e-005 6.773512e-003
925 1.232656e-006 1.002288e-003
926 5.023577e-005 4.464607e-003
927 3.790601e-006 1.193859e-003
928 2.045960e-005 1.778080e-003
929 2.742750e-005 2.665869e-003
930 1.216499e-005 1.568618e-003
931 3.934140e-005 2.533154e-003
932 4.578170e-006 1.412079e-003
933 1.027747e-005 1.257623e-003
934 5.569923e-005 2.629708e-003
935 7.586841e-006 1.436059e-003
936 2.442591e-006 1.116008e-003
937 1.927918e-005 1.673464e-003
938 4.671441e-006 1.581529e-003
939 9.600628e-006 1.809643e-003
940 7.083453e-006 1.507458e-003
941 2.291510e-005 2.666639e-003
942 3.193817e-006 1.458016e-003
943 6.807797e-006 1.232127e-003
944 3.051899e-005 1.705934e-003
945 1.347422e-005 1.797255e-003
946 3.286579e-005 2.579881e-003
947 3.591126e-004 2.394936e-002
948 2.310848e-005 6.300491e-003
949 5.656349e-005 8.767010e-003
950 2.031503e-005 7.091409e-003
951 3.781389e-005 1.402725e-002
952 7.157650e-005 8.755293e-003
953 2.778869e-005 7.472328e-003
954 4.002455e-006 2.888574e-003
955 3.668433e-004 1.714619e-002
956 4.002455e-006 2.888574e-003
957 1.877801e-005 7.589901e-003
958 2.944397e-005 6.036569e-003
959 2.191532e-004 3.235453e-002
960 6.249539e-005 1.638636e-002
961 2.711071e-005 7.288004e-003
962 3.706818e-005 1.058962e-002
963 8.031020e-006 3.481683e-003
964 2.448284e-004 2.318373e-002
965 5.127146e-006 5.192866e-003
966 1.141305e-003 5.376720e-002
967 3.650726e-004 2.658633e-002
968 1.687291e-005 3.355000e-003
969 4.536714e-005 5.475929e-003
970 9.462071e-005 1.365274e-002
971 3.918848e-006 2.779650e-003
972 9.840590e-006 6.577498e-003
973 3.094010e-005 7.976035e-003
974 7.604801e-006 3.065014e-003
975 2.735261e-005 5.813397e-003
976 3.934016e-004 2.009645e-002
977 6.853382e-005 3.235172e-003
978 4.547070e-005 2.896390e-003
979 1.006001e-005 2.501944e-003
980 3.994688e-006 1.175301e-003
981 1.232536e-005 3.370561e-003
982 4.667259e-005 3.597211e-003
983 8.863602e-006 2.151448e-003
984 2.888143e-005 3.242676e-003
985 1.025261e-005 2.642341e-003
986 1.025261e-005 2.642341e-003
987 3.793396e-006 1.121708e-003
988 5.302078e-006 1.815214e-003
989 4.069870e-005 4.492111e-003
990 1.687545e-005 2.609792e-003
991 2.288791e-005 4.186753e-003
992 3.117349e-006 1.959244e-003
993 5.320019e-006 2.051596e-003
994 3.156097e-006 1.992713e-003
995 5.208223e-006 2.019691e-003
996 6.230202e-006 2.590195e-003
997 4.693549e-005 4.897375e-003
998 1.687545e-005 2.609792e-003
999 2.509512e-005 2.121171e-003
1000 4.446617e-006 1.397051e-003
1001 4.446617e-006 1.397051e-003
1002 6.827638e-005 2.752955e-003
1003 7.431068e-006 1.473147e-003
1004 1.728212e-005 2.833624e-003
1005 3.728041e-006 2.443191e-003
1006 2.204542e-005 2.543609e-003
1007 6.230202e-006 2.590195e-003
1008 8.473450e-006 2.029247e-003
1009 2.607137e-005 2.697445e-003
1010 9.417942e-006 2.351229e-003
1011 2.607137e-005 2.697445e-003
1012 1.556531e-005 2.625670e-003
1013 1.992507e-006 1.977152e-003
1014 1.645938e-005 2.585705e-003
1015 3.510681e-006 2.031628e-003
1016 1.696139e-006 1.410941e-003
1017 1.695680e-006 1.455435e-003
1018 3.681490e-006 2.352862e-003
1019 4.553769e-005 3.155120e-003
1020 1.810235e-006 1.572124e-003
1021 2.491798e-005 1.984212e-003
1022 1.450845e-006 1.087714e-003
1023 7.542662e-006 1.533694e-003
1024 2.709105e-006 1.335522e-003
1025 5.201393e-006 1.999683e-003
1026 1.718671e-003 2.007660e-001
1027 2.799137e-004 1.990141e-002
1028 2.765305e-004 2.125989e-002
1029 1.006384e-004 2.091880e-002
1030 5.769633e-004 5.170100e-002
1031 9.253210e-004 7.135384e-002
1032 2.187499e-005 5.238993e-003
1033 3.230906e-005 1.207672e-002
1034 3.031571e-004 4.016451e-002
1035 5.367855e-006 3.136003e-003
1036 2.205500e-005 7.298275e-003
1037 7.990139e-005 1.411127e-002
1038 2.198405e-006 2.645025e-003
1039 3.525923e-005 8.235308e-003
1040 9.923710e-006 7.093013e-003
1041 1.049487e-004 2.144388e-002
1042 1.406465e-005 9.068710e-003
1043 3.843480e-005 1.032171e-002
1044 9.884580e-005 1.174788e-002
1045 3.021069e-005 5.718667e-003
1046 1.058724e-004 1.307008e-002
1047 1.605774e-004 1.859749e-002
1048 1.057393e-004 2.770542e-002
1049 9.848190e-006 7.107709e-003
1050 4.980898e-004 6.687939e-002
1051 2.648302e-004 5.105887e-002
1052 5.684386e-007 1.195276e-003
1053 1.739130e-006 1.757680e-003
1054 1.056016e-004 1.622756e-002
1055 1.492834e-006 1.519443e-003
1056 1.296659e-005 4.317209e-003
1057 2.917864e-006 1.970656e-003
1058 3.269832e-006 1.906845e-003
1059 6.996498e-007 1.014712e-003
1060 4.578767e-007 9.424524e-004
1061 1.372551e-005 2.187169e-003
1062 4.611259e-006 1.642865e-003
1063 6.894046e-006 3.148982e-003
1064 1.326714e-004 9.860978e-003
1065 7.317697e-005 8.217736e-003
1066 1.049267e-006 1.545488e-003
1067 5.948890e-007 1.429309e-003
1068 3.665042e-007 1.455967e-003
1069 1.137852e-006 1.587558e-003
1070 2.581725e-005 1.237386e-002
1071 9.170684e-006 4.536032e-003
1072 5.907045e-006 2.447479e-003
1073 8.578448e-005 8.370836e-003
1074 6.563876e-007 1.016123e-003
1075 8.386299e-005 1.147349e-002
1076 1.055965e-005 2.927601e-003
1077 2.785862e-005 7.196579e-003
1078 4.752970e-006 1.525238e-003
1079 1.371010e-005 4.909948e-003
1080 2.546679e-006 1.489488e-003
1081 2.699173e-006 1.421503e-003
1082 2.722237e-006 1.424399e-003
1083 8.304619e-006 1.613755e-003
1084 9.458762e-007 1.208290e-003
1085 6.619031e-006 3.789210e-003
1086 9.458762e-007 1.208290e-003
1087 2.436096e-006 1.307882e-003
1088 5.583144e-006 4.598439e-003
1089 8.985546e-007 1.214629e-003
1090 5.376788e-007 1.184799e-003
1091 9.458762e-007 1.208290e-003
1092 2.928913e-003 1.286042e-001
1093 7.930816e-005 1.604326e-002
1094 4.857903e-005 1.140797e-002
1095 1.835969e-006 1.423332e-003
1096 1.036777e-006 1.417709e-003
1097 1.847420e-005 3.400515e-003
1098 2.979083e-005 4.433393e-003
1099 1.000184e-005 2.841250e-003
1100 1.366630e-005 1.893002e-003
1101 1.458183e-005 2.096675e-003
1102 9.090891e-006 2.083825e-003
1103 8.042078e-006 1.784827e-003
1104 5.478787e-005 1.892674e-002
1105 1.700529e-006 1.445628e-003
1106 3.511821e-006 2.080122e-003
1107 9.497396e-006 2.759013e-003
1108 5.076062e-006 1.516206e-003
1109 7.924507e-006 1.777659e-003
1110 2.429999e-005 3.897031e-003
1111 1.015130e-005 3.296353e-003
1112 1.465530e-004 9.174138e-003
1113 4.846451e-005 7.125856e-003
1114 2.242327e-006 1.893060e-003
1115 1.434357e-004 9.252024e-003
1116 1.835969e-006 1.423332e-003
1117 1.679975e-006 1.532112e-003
1118 2.751386e-005 3.766239e-003
1119 8.275888e-005 8.725325e-003
1120 2.685169e-005 2.967127e-003
1121 4.058430e-005 3.376345e-003
1122 1.439128e-005 2.605252e-003
1123 1.364977e-005 1.824046e-003
1124 1.034993e-005 2.606862e-003
1125 1.594736e-005 2.246364e-003
1126 2.473414e-005 2.855254e-003
1127 1.474225e-005 2.169313e-003
1128 2.367243e-005 2.181367e-003
1129 5.361098e-006 1.990261e-003
1130 1.516996e-005 2.857619e-003
1131 1.901133e-004 8.553229e-003
1132 2.102642e-003 6.302749e-002
1133 6.974124e-004 1.766875e-002
1134 1.146404e-004 3.772354e-003
1135 2.010362e-005 1.438000e-003
1136 2.317763e-005 1.780104e-003
1137 4.942281e-005 3.039670e-003
1138 6.642314e-005 2.988545e-003
1139 5.271328e-005 3.256979e-003
1140 2.824301e-003 6.564927e-002
1141 1.795876e-004 7.125860e-003
1142 7.887164e-005 3.100937e-003
1143 8.112072e-005 3.449918e-003
1144 6.532209e-004 1.585101e-002
1145 1.487693e-004 5.135195e-003
1146 1.128655e-003 2.178198e-002
1147 7.136750e-004 1.932893e-002
1148 1.487693e-004 5.135195e-003
1149 8.701150e-005 3.725383e-003
1150 1.677393e-004 3.339776e-003
1151 1.094083e-004 3.090778e-003
1152 6.660811e-005 3.006594e-003
1153 6.628170e-005 2.528311e-003
1154 1.114802e-004 3.351651e-003
1155 5.946871e-005 2.177541e-003
1156 1.963393e-004 1.022270e-002
1157 4.249301e-004 1.628839e-002
1158 1.450359e-004 8.653553e-003
1159 1.303041e-003 3.291449e-002
1160 8.261673e-005 4.094201e-003
1161 8.421521e-005 3.807640e-003
1162 3.149940e-004 1.176745e-002
1163 8.876917e-004 1.906981e-002
1164 1.322672e-004 4.553878e-003
1165 5.172787e-005 3.805254e-003
1166 4.554298e-004 1.802509e-002
1167 1.954273e-004 8.041689e-003
1168 8.618302e-005 4.297363e-003
1169 3.149940e-004 1.176745e-002
1170 3.149940e-004 1.176745e-002
1171 8.261673e-005 4.094201e-003
1172 2.304060e-004 9.303564e-003
1173 1.179363e-003 3.080305e-002
1174 6.324907e-004 2.683843e-002
1175 2.143217e-004 1.799972e-002
1176 8.880273e-003 3.494417e-001
1177 1.936533e-005 2.780591e-003
1178 1.396656e-004 1.132797e-002
1179 7.448903e-005 1.603283e-002
1180 6.037694e-005 1.432284e-002
1181 1.390513e-004 9.255357e-003
1182 1.443454e-004 1.113297e-002
1183 1.491798e-004 1.120900e-002
1184 3.853404e-004 2.794750e-002
1185 8.534776e-004 3.237957e-002
1186 1.588639e-004 1.007747e-002
1187 4.958718e-005 5.552010e-003
1188 8.991108e-005 7.595162e-003
1189 1.836551e-004 1.304698e-002
1190 6.288613e-004 3.318666e-002
1191 7.079209e-005 9.788295e-003
1192 4.647168e-004 1.772576e-002
1193 1.994722e-004 1.916576e-002
1194 9.002854e-004 2.807911e-002
1195 2.859205e-004 1.458408e-002
1196 2.884621e-004 1.368250e-002
1197 2.338127e-004 8.722202e-003
1198 2.848723e-004 1.645671e-002
1199 4.143013e-004 1.314752e-002
1200 4.983533e-004 1.989519e-002
1201 1.790855e-004 1.684080e-002
1202 6.627179e-005 1.083292e-002
1203 3.148090e-004 2.060516e-002
1204 4.787182e-004 2.362253e-002
1205 1.696531e-005 4.105724e-003
1206 1.236856e-004 1.031274e-002
1207 4.764261e-006 3.378310e-003
1208 2.516245e-004 1.879138e-002
1209 4.331587e-005 6.507096e-003
1210 4.126435e-005 5.878780e-003
1211 3.536456e-005 2.506805e-003
1212 1.620972e-005 2.641203e-003
1213 3.828303e-005 5.558294e-003
1214 3.945361e-005 6.553835e-003
1215 3.494318e-004 2.058310e-002
1216 6.478438e-006 4.067689e-003
1217 8.686960e-004 4.392809e-002
1218 5.546495e-005 4.797870e-003
1219 2.331447e-006 1.096059e-003
1220 1.700873e-005 2.977419e-003
1221 2.704673e-005 1.995752e-003
1222 9.606149e-004 3.748552e-002
1223 5.217268e-006 1.867579e-003
1224 1.127175e-005 1.655422e-003
1225 5.098605e-004 8.616661e-003
1226 7.787957e-006 2.187411e-003
1227 1.078895e-003 8.480228e-002
1228 4.238698e-005 3.050293e-003
1229 4.017432e-006 1.130986e-003
1230 8.844712e-006 2.103544e-003
1231 1.763320e-006 1.414074e-003
1232 3.083412e-006 1.918565e-003
1233 3.210771e-006 2.099887e-003
1234 1.573476e-005 2.631742e-003
1235 9.125087e-006 2.259062e-003
1236 9.125087e-006 2.259062e-003
1237 5.349417e-006 2.161568e-003
1238 1.520317e-005 2.398197e-003
1239 3.210771e-006 2.099887e-003
1240 3.828411e-003 1.161199e-001
1241 9.298610e-005 2.935656e-003
1242 8.216978e-006 2.235875e-003
1243 1.432666e-005 2.300471e-003
1244 3.210771e-006 2.099887e-003
1245 9.125087e-006 2.259062e-003
1246 5.403892e-006 2.105890e-003
1247 3.526589e-005 8.915627e-003
1248 9.506229e-005 2.247470e-002
1249 1.595661e-005 9.119055e-003
1250 4.033731e-005 1.094089e-002
1251 4.039817e-005 1.205855e-002
1252 4.419464e-005 1.340135e-002
1253 9.514373e-005 1.038348e-002
1254 5.217920e-005 5.533995e-003
1255 9.515855e-004 4.118188e-002
1256 6.740684e-005 3.881766e-003
1257 3.010562e-003 7.882610e-002
1258 2.708295e-004 1.380633e-002
1259 1.090208e-003 3.173311e-002
1260 1.983158e-004 8.505362e-003
1261 2.018694e-006 1.702492e-003
1262 1.882291e-004 1.360100e-002
1263 2.638522e-005 2.940646e-003
1264 6.307772e-004 1.609813e-002
1265 3.780409e-006 2.695608e-003
1266 4.807716e-005 4.868622e-003
1267 2.655402e-007 1.912576e-003
1268 1.059830e-004 3.658109e-003
1269 2.408477e-004 2.167557e-002
1270 2.660182e-004 9.825510e-003
1271 3.519551e-005 6.402706e-003
1272 3.417270e-006 2.789444e-003
1273 3.829985e-005 2.342580e-003
1274 1.829868e-004 1.250786e-002
1275 5.254065e-004 1.721154e-002
1276 6.745606e-004 2.599714e-002
1277 5.447539e-004 4.283891e-002
1278 3.030083e-004 3.180075e-002
1279 5.304918e-005 2.869360e-003
1280 1.457394e-005 6.726285e-003
1281 1.732833e-005 7.898704e-003
1282 8.167197e-005 1.016885e-002
1283 5.576922e-005 8.143427e-003
1284 5.359795e-004 2.389529e-002
1285 9.179513e-005 6.555090e-003
1286 1.214584e-004 1.793658e-002
1287 3.937945e-005 2.496691e-003
1288 8.771875e-004 3.374515e-002
1289 1.067756e-003 8.785278e-002
1290 7.286119e-006 1.523825e-003
1291 1.141466e-004 8.728224e-003
1292 5.900202e-005 3.315676e-003
1293 1.059499e-003 3.574615e-002
1294 3.341738e-006 2.186146e-003
1295 8.327654e-005 5.096738e-003
1296 1.260520e-004 5.401540e-003
1297 8.524416e-004 5.180785e-002
1298 3.455841e-004 4.119837e-002
1299 8.879447e-005 5.959277e-003
1300 1.310374e-003 6.229069e-002
1301 1.296651e-005 2.308694e-003
1302 5.477930e-005 2.351688e-003
1303 8.787778e-005 1.130266e-002
1304 4.065580e-004 1.358713e-002
1305 1.238602e-004 8.571842e-003
1306 7.418870e-005 8.204344e-003
1307 1.644833e-004 6.207750e-003
1308 2.501674e-005 8.758285e-003
1309 1.537598e-004 1.337467e-002
1310 9.293158e-004 3.265021e-002
1311 2.774644e-004 1.720557e-002
1312 3.730935e-003 4.545917e-002
1313 4.255644e-006 3.271914e-003
1314 1.406198e-004 6.467171e-003
1315 4.398993e-005 3.963549e-003
1316 8.308982e-006 4.717987e-003
1317 6.449581e-006 3.223241e-003
1318 1.714269e-006 1.824088e-003
1319 8.122129e-006 2.246401e-003
1320 2.527380e-006 4.153504e-003
1321 4.026105e-006 3.822638e-003
1322 1.623882e-006 1.466734e-003
1323 8.611550e-005 8.851824e-003
1324 1.980119e-005 1.664785e-003
1325 5.356790e-005 4.782971e-003
1326 4.886863e-005 3.236947e-003
1327 6.200242e-005 5.655327e-003
1328 2.077395e-005 2.756779e-003
1329 1.507618e-006 2.718704e-003
1330 6.463307e-005 3.675436e-003
1331 3.765376e-004 1.170345e-002
1332 5.122023e-004 3.614969e-002
1333 1.138883e-004 1.214565e-002
1334 9.873188e-005 1.726193e-002
1335 2.368185e-005 7.032319e-003
1336 3.357516e-005 6.002850e-003
1337 5.094959e-005 2.467593e-003
1338 7.918711e-005 5.103279e-003
1339 1.384310e-004 1.988680e-002
1340 3.805175e-005 8.320353e-003
1341 6.230260e-005 3.488141e-003
1342 5.872589e-006 1.545038e-003
1343 5.092926e-004 3.844389e-002
1344 9.493081e-006 4.525539e-003
1345 1.614735e-003 3.982162e-002
1346 1.354398e-004 1.725770e-002
1347 2.051787e-004 2.185443e-002
1348 2.887786e-004 1.202359e-002
1349 8.664547e-005 9.229735e-003
1350 4.763936e-004 5.545764e-002
1351 3.274374e-003 8.415386e-002
1352 5.947055e-004 1.919577e-002
1353 1.501442e-006 3.202470e-003
1354 8.913137e-006 2.670908e-003
1355 1.179110e-004 2.234755e-002
1356 5.203047e-006 4.255446e-003
1357 1.525608e-005 4.520100e-003
1358 1.676305e-004 1.825692e-002
1359 5.791998e-005 1.819980e-002
1360 2.596709e-006 1.582928e-003
1361 7.529101e-005 5.277725e-003
1362 5.777009e-006 2.403689e-003
1363 4.350606e-006 1.306329e-003
1364 3.622104e-006 1.155807e-003
1365 1.260756e-005 1.686014e-003
1366 2.285060e-005 6.244236e-003
1367 3.878430e-004 7.301430e-003
1368 3.397880e-005 2.459312e-003
1369 1.631529e-005 1.875519e-003
1370 1.244885e-006 1.077639e-003
1371 2.893737e-006 1.475324e-003
1372 1.991248e-006 1.040032e-003
1373 4.669878e-006 1.877529e-003
1374 6.005899e-006 2.941262e-003
1375 4.055087e-004 3.356052e-002
1376 1.721818e-005 1.811247e-003
1377 8.432250e-005 5.149076e-003
1378 1.295244e-004 6.805866e-003
1379 2.219781e-004 1.181308e-002
1380 2.533845e-004 2.212069e-002
1381 3.167992e-004 1.671734e-002
1382 1.847192e-005 1.767375e-003
1383 3.003903e-005 2.020462e-003
1384 3.006978e-004 4.244975e-002
1385 1.457535e-004 8.890509e-003
1386 4.929212e-004 1.854763e-002
1387 1.016351e-003 3.188539e-002
1388 1.045592e-003 3.976007e-002
1389 1.962029e-005 4.420156e-003
1390 3.723176e-004 2.486140e-002
1391 3.233260e-005 5.437634e-003
1392 5.783548e-005 1.358953e-002
1393 1.916289e-005 2.446385e-003
1394 6.596344e-005 6.753586e-003
1395 1.058847e-004 1.662965e-002
1396 3.439785e-005 3.042652e-003
1397 1.104938e-005 1.787015e-003
1398 4.224645e-004 1.669917e-002
1399 2.906259e-005 5.267177e-003
1400 2.126549e-005 2.319230e-003
1401 1.226105e-004 1.355682e-002
1402 1.219563e-005 2.374764e-003
1403 8.044542e-006 1.889120e-003
1404 4.026097e-004 1.779964e-002
1405 2.212667e-006 1.822385e-003
1406 1.355856e-005 4.828145e-003
1407 1.012478e-005 2.086089e-003
1408 3.625921e-006 2.141956e-003
1409 2.093922e-005 6.473483e-003
1410 2.270660e-004 6.293621e-003
1411 2.040018e-003 8.579338e-002
1412 3.053452e-004 2.985706e-002
1413 1.957451e-005 1.796289e-003
1414 1.111392e-003 3.432004e-002
1415 1.358739e-005 2.779094e-003
1416 5.687594e-005 2.433342e-003
1417 1.930848e-005 1.977849e-003
1418 3.657045e-005 2.521883e-003
1419 3.428856e-004 1.473797e-002
1420 9.571727e-004 2.276405e-002
1421 1.090141e-003 3.705665e-002
1422 5.783957e-005 7.194437e-003
1423 2.763744e-003 4.184623e-002
1424 5.423269e-005 7.744540e-003
1425 3.481722e-003 3.961370e-002
1426 9.532729e-004 3.121771e-002
1427 1.931443e-004 1.842535e-002
1428 1.785717e-005 1.437694e-003
1429 2.444180e-005 6.550901e-003
1430 2.479200e-004 1.252734e-002
1431 2.648506e-004 1.993594e-002
1432 1.444725e-004 7.607200e-003
1433 3.379829e-005 6.693428e-003
1434 1.280716e-004 2.698085e-002
1435 3.134503e-004 1.992778e-002
1436 2.514763e-003 5.077299e-002
1437 2.394787e-005 2.406046e-003
1438 1.621669e-005 2.367768e-003
1439 5.716856e-003 1.822349e-001
1440 5.704533e-004 1.505811e-002
1441 5.910843e-004 9.240732e-002
1442 5.701515e-006 2.013129e-003
1443 6.858972e-005 2.061981e-002
1444 7.672429e-005 2.539113e-002
1445 1.085062e-004 1.945581e-002
1446 1.389155e-005 5.049298e-003
1447 2.188646e-005 2.729749e-003
1448 2.016185e-005 6.919600e-003
1449 1.392362e-004 9.092027e-003
1450 2.464604e-004 9.375940e-003
1451 8.860808e-006 1.481827e-003
1452 7.950897e-005 9.339808e-003
1453 3.348507e-006 1.608930e-003
1454 3.062508e-005 1.083509e-002
1455 4.395893e-006 4.226148e-003
1456 3.273661e-005 4.979561e-003
1457 1.888853e-005 4.222670e-003
1458 2.099087e-006 2.813048e-003
1459 2.416667e-005 3.711938e-003
1460 4.684621e-006 4.239299e-003
1461 6.731715e-006 7.085651e-003
1462 1.523014e-005 7.157673e-003
1463 1.685479e-004 1.191336e-002
1464 3.690502e-003 1.017697e-001
1465 6.944733e-004 3.687437e-002
1466 8.611422e-004 7.675775e-002
1467 6.975600e-005 1.735110e-002
1468 1.385360e-003 5.422066e-002
1469 1.176916e-003 7.566950e-002
1470 6.881391e-005 4.941570e-003
1471 5.723234e-005 9.272854e-003
1472 4.530637e-004 1.702523e-002
1473 5.577080e-006 2.618804e-003
1474 1.813326e-005 1.173122e-002
1475 1.710465e-005 3.952108e-003
1476 1.141544e-005 3.489640e-003
1477 3.193669e-004 2.439995e-002
1478 1.087575e-004 1.748964e-002
1479 2.033026e-004 2.847436e-002
1480 3.779894e-004 2.575664e-002
1481 2.207271e-004 1.328419e-002
1482 2.033312e-004 2.998437e-002
1483 5.942459e-006 5.879379e-003
1484 4.203129e-006 4.621043e-003
1485 7.572125e-006 4.454231e-003
1486 5.881850e-004 2.123771e-002
1487 2.668935e-005 2.528290e-003
1488 5.756562e-005 5.535156e-003
1489 9.740913e-006 2.696278e-003
1490 1.816083e-005 3.301941e-003
1491 9.351350e-004 3.795682e-002
1492 5.890356e-005 4.705539e-003
1493 1.488416e-005 2.219032e-003
1494 1.168617e-004 8.591758e-003
1495 8.149793e-004 2.090615e-002
1496 1.780061e-005 1.457132e-003
1497 2.844644e-004 2.148277e-002
1498 1.737553e-003 6.216340e-002
1499 2.801570e-005 1.898533e-003
1500 1.181667e-004 5.150603e-003
1501 3.977620e-004 2.213876e-002
1502 5.339463e-004 1.483807e-002
1503 2.095360e-004 6.892426e-003
1504 3.688887e-003 6.161380e-002
1505 3.634602e-004 4.940897e-002
1506 1.591602e-005 1.338749e-003
1507 9.804503e-004 1.478892e-002
1508 3.947841e-003 1.828122e-001
1509 3.122944e-005 2.486486e-003
1510 6.297267e-006 3.047038e-003
1511 3.891477e-004 1.062964e-002
1512 3.012334e-006 9.942342e-004
1513 1.419412e-004 8.975942e-003
1514 2.975998e-005 4.148234e-003
1515 2.991599e-005 6.010571e-003
1516 2.467412e-004 2.098532e-002
1517 7.003660e-005 4.642695e-003
1518 3.677141e-004 4.496088e-002
1519 3.748290e-006 1.684864e-003
1520 1.224925e-004 9.817680e-003
1521 5.231546e-006 2.035284e-003
1522 1.100133e-005 3.788463e-003
1523 2.676927e-005 3.671625e-003
1524 3.329241e-004 1.937679e-002
1525 1.069501e-004 7.481681e-003
1526 7.967003e-005 1.071023e-002
1527 2.336013e-004 7.291239e-003
1528 2.506854e-005 5.331138e-003
1529 7.166125e-005 9.124369e-003
1530 3.431698e-005 4.216246e-003
1531 7.219231e-004 2.940803e-002
1532 4.272044e-005 6.346798e-003
1533 6.817654e-004 2.661036e-002
1534 6.505445e-004 6.463975e-002
1535 3.747579e-003 1.143376e-001
1536 1.396046e-003 1.057107e-001
1537 4.122630e-005 5.761228e-003
1538 8.096671e-004 1.469368e-001
1539 7.590993e-005 1.251844e-002
1540 1.574836e-004 4.233144e-002
1541 1.671192e-003 7.635876e-002
1542 1.652769e-003 7.345066e-002
1543 1.577036e-005 4.962686e-003
1544 7.369104e-005 1.231597e-002
1545 6.695382e-006 3.529438e-003
1546 1.374102e-004 6.356378e-003
1547 9.590782e-005 1.520308e-002
1548 2.120222e-004 3.622831e-002
1549 5.955628e-006 2.453271e-003
1550 2.003002e-004 7.431600e-003
1551 1.124885e-004 1.024553e-002
1552 5.898467e-006 1.187916e-003
1553 1.339358e-005 2.781212e-003
1554 7.575443e-004 4.314972e-002
1555 7.093764e-004 7.802285e-002
1556 1.727303e-004 1.459730e-002
1557 5.157805e-004 2.699450e-002
1558 2.409589e-003 8.402948e-002
1559 1.693489e-004 5.452132e-003
1560 1.611993e-005 3.456200e-003
1561 1.284276e-004 6.213523e-003
1562 4.663789e-005 1.151659e-002
1563 1.051693e-005 1.952068e-003
1564 8.148179e-006 6.518539e-003
1565 2.729999e-004 2.146076e-002
1566 8.765568e-005 7.814395e-003
1567 4.342248e-005 3.211284e-003
1568 8.623252e-006 1.998869e-003
1569 9.188820e-005 5.884928e-003
1570 5.037832e-004 1.410195e-002
1571 4.236307e-004 1.042158e-002
1572 1.085258e-006 1.855701e-003
1573 3.197702e-004 3.197971e-002
1574 1.388812e-005 3.752258e-003
1575 9.014726e-005 1.129017e-002
1576 5.986969e-005 1.140188e-002
1577 1.383759e-003 4.420751e-002
1578 9.777724e-006 6.127051e-003
1579 5.537211e-005 1.133030e-002
1580 1.545664e-006 2.467677e-003
1581 1.139423e-005 3.298727e-003
1582 1.244037e-005 4.722685e-003
1583 4.062906e-004 2.041083e-002
1584 8.467547e-006 5.427418e-003
1585 1.718661e-003 6.750247e-002
1586 2.073691e-003 9.008783e-002
1587 1.603769e-003 3.711185e-002
1588 2.759275e-004 1.774776e-002
1589 5.221731e-004 2.103947e-002
1590 1.875179e-003 7.131989e-002
1591 5.519927e-004 1.945622e-002
1592 1.270415e-004 1.322415e-002
1593 5.172091e-004 2.008965e-002
1594 1.936213e-004 1.178520e-002
1595 4.110082e-005 9.276990e-003
1596 3.702216e-004 8.538403e-003
1597 1.161941e-004 8.675277e-003
1598 4.873822e-004 2.126768e-002
1599 1.916652e-005 1.676527e-003
1600 7.552662e-004 2.964622e-002
1601 2.159472e-006 1.172152e-003
1602 5.411776e-004 2.999026e-002
1603 2.888451e-006 1.920696e-003
1604 1.441687e-005 2.272938e-003
1605 8.594200e-005 1.066506e-002
1606 1.208523e-006 2.917255e-003
1607 1.910480e-006 1.900977e-003
1608 2.549772e-006 1.778044e-003
1609 2.624926e-005 4.390984e-003
1610 2.540080e-004 1.338580e-002
1611 6.680851e-007 1.867215e-003
1612 8.436943e-006 1.912106e-003
1613 4.830775e-006 2.062930e-003
1614 1.914537e-005 4.585779e-003
1615 8.280880e-004 4.507871e-002
1616 3.280917e-004 2.078496e-002
1617 4.727207e-004 1.280075e-002
1618 3.993838e-004 1.991949e-002
1619 3.153805e-003 8.462287e-002
1620 3.242438e-005 7.683160e-003
1621 5.075496e-004 4.276220e-002
1622 8.816539e-006 2.971539e-003
1623 2.463361e-004 3.394923e-002
1624 2.666217e-005 4.589468e-003
1625 2.836214e-006 1.597739e-003
1626 3.766446e-005 7.370497e-003
1627 2.659558e-005 3.627668e-003
1628 2.993892e-006 1.906109e-003
1629 2.650681e-004 1.717090e-002
1630 4.138762e-006 1.603242e-003
1631 3.747724e-005 5.475300e-003
1632 6.093672e-005 8.637460e-003
1633 1.172519e-004 1.713531e-002
1634 3.055591e-003 1.073646e-001
1635 1.661795e-004 2.469410e-002
1636 4.529110e-003 2.810030e-001
1637 8.518249e-004 4.191738e-002
1638 6.635366e-005 9.569865e-003
1639 1.455791e-003 1.252770e-001
1640 9.450993e-004 2.035034e-002
1641 1.972735e-003 1.083538e-001
1642 2.194134e-004 2.806971e-002
1643 3.431288e-004 1.376454e-002
1644 6.192748e-004 4.417559e-002
1645 8.476127e-006 1.478888e-003
1646 7.912352e-005 2.423769e-003
1647 2.297063e-003 6.955774e-002
1648 2.199709e-005 4.447462e-003
1649 1.872354e-004 5.277469e-003
1650 9.158618e-004 2.868002e-002
1651 1.603304e-005 1.022175e-003
1652 1.383470e-003 7.049876e-002
1653 1.492558e-003 4.871935e-002
1654 9.089581e-006 2.516615e-003
1655 3.477158e-005 3.979189e-003
1656 4.629151e-006 3.541808e-003
1657 1.332823e-006 1.200269e-003
1658 1.433230e-005 2.434835e-003
1659 4.126338e-006 4.374432e-003
1660 4.138358e-007 1.985017e-003
1661 1.101455e-004 2.070952e-002
1662 1.056216e-005 7.660093e-003
1663 1.480169e-005 1.368090e-002
1664 4.372969e-006 6.718263e-003
1665 1.490643e-004 4.893222e-003
1666 1.849400e-004 1.381475e-002
1667 4.088868e-004 2.202698e-002
1668 6.660428e-006 1.585530e-003
1669 8.524559e-006 4.286074e-003
1670 1.552844e-005 7.295092e-003
1671 2.158596e-005 3.785634e-003
1672 1.602878e-004 2.482818e-002
1673 8.342533e-005 9.971490e-003
1674 5.268856e-006 2.330381e-003
1675 4.157559e-005 2.963613e-003
1676 2.342041e-006 1.292470e-003
1677 1.800017e-005 8.560358e-003
1678 5.504286e-004 6.407673e-002
1679 3.793994e-005 8.477016e-003
1680 2.597214e-005 8.174252e-003
1681 5.602571e-005 1.078113e-002
1682 1.326400e-005 4.727403e-003
1683 6.893430e-005 9.796568e-003
1684 8.146630e-006 4.470109e-003
1685 1.951870e-006 2.130459e-003
1686 3.527815e-005 1.094838e-002
1687 2.093879e-005 4.372710e-003
1688 3.849936e-006 1.109431e-003
1689 2.316940e-004 2.429312e-002
1690 4.498962e-005 8.195735e-003
1691 5.346702e-004 2.260228e-002
1692 1.844962e-003 1.055962e-001
1693 1.460089e-003 2.986753e-002
1694 4.270974e-004 3.966573e-002
1695 2.201098e-005 5.720667e-003
1696 6.385551e-006 2.526795e-003
1697 1.048272e-005 5.751434e-003
1698 1.256816e-004 1.858832e-002
1699 7.933402e-005 1.056791e-002
1700 3.969630e-005 5.068906e-003
1701 3.624086e-005 6.263434e-003
1702 9.273159e-006 5.604966e-003
1703 9.002820e-005 1.000711e-002
1704 7.980729e-005 5.300019e-003
1705 5.905927e-004 5.362756e-002
1706 7.084590e-005 1.117855e-002
1707 1.672091e-005 2.377397e-003
1708 9.042460e-007 2.038973e-003
1709 3.910897e-006 5.283517e-003
1710 1.583595e-006 1.363932e-003
1711 2.269449e-005 1.017760e-002
1712 1.950068e-005 3.698594e-003
1713 1.259177e-005 4.186826e-003
1714 1.439454e-005 5.526569e-003
1715 4.944143e-006 3.985824e-003
1716 4.558823e-006 5.913027e-003
1717 1.454017e-006 2.174601e-003
1718 5.531894e-005 1.578420e-002
1719 6.905083e-007 1.963165e-003
1720 2.246934e-005 3.822233e-003
1721 1.130677e-006 1.488813e-003
1722 4.954672e-005 8.477508e-003
1723 1.947731e-007 1.296718e-003
1724 3.502825e-007 1.402130e-003
1725 1.782985e-006 1.790534e-003
1726 9.652892e-005 3.213990e-002
1727 2.503127e-005 9.647170e-003
1728 5.635828e-006 2.414454e-003
1729 2.687139e-005 6.641050e-003
1730 7.483588e-006 4.092804e-003
1731 5.251928e-006 3.041686e-003
1732 6.237443e-005 1.472807e-002
1733 1.884937e-003 8.327739e-002
1734 3.061428e-003 6.490828e-002
1735 6.060836e-004 3.277841e-002
1736 5.578622e-005 6.742108e-003
1737 2.581644e-005 6.213087e-003
1738 4.998018e-004 6.683274e-002
1739 1.368637e-004 1.043485e-002
1740 5.014648e-005 9.514452e-003
1741 1.886048e-006 1.309032e-003
1742 5.072005e-006 1.442263e-003
1743 8.569195e-006 3.698655e-003
1744 1.142636e-006 2.004224e-003
1745 8.519163e-007 2.159894e-003
1746 2.368045e-005 5.568846e-003
1747 4.141469e-005 1.871124e-002
1748 5.573228e-005 4.691241e-003
1749 1.294918e-005 4.683380e-003
1750 5.110323e-005 5.901042e-003
1751 1.193244e-005 3.385560e-003
1752 1.011730e-004 5.353020e-003
1753 8.179248e-004 2.888034e-002
1754 1.016908e-003 4.791071e-002
1755 1.370259e-003 4.751034e-002
1756 1.093235e-004 1.437369e-002
1757 3.864340e-004 3.526430e-002
1758 1.876920e-003 1.108167e-001
1759 1.085808e-003 6.654571e-002
1760 5.866269e-004 4.776845e-002
1761 2.955328e-003 1.125213e-001
1762 2.417416e-003 7.990750e-002
1763 6.581085e-004 7.700733e-002
1764 6.870929e-005 1.765747e-002
1765 1.804827e-004 2.295721e-002
1766 7.017566e-004 9.219780e-002
1767 1.454012e-004 1.556072e-002
1768 2.463152e-004 1.819822e-002
1769 4.036461e-004 6.038398e-002
1770 2.416962e-004 4.250340e-002
1771 7.570256e-004 2.886132e-002
1772 2.159223e-006 4.279653e-003
1773 4.075818e-003 1.694935e-001
1774 1.253456e-003 4.259005e-002
1775 6.847699e-003 2.682229e-001
1776 3.425422e-004 1.919309e-002
1777 3.855505e-004 2.165651e-002
1778 1.843269e-003 5.722469e-002
1779 3.954189e-004 2.750724e-002
1780 3.580707e-004 1.618430e-002
1781 2.018303e-004 1.291856e-002
1782 1.040918e-004 1.825850e-002
1783 1.460608e-003 6.262990e-002
1784 3.159311e-004 3.017538e-002
1785 5.545846e-004 3.563912e-002
1786 3.262600e-005 4.438997e-003
1787 9.225723e-005 6.423343e-003
1788 9.814740e-004 8.141602e-002
1789 3.892369e-004 6.924839e-002
1790 4.211592e-005 1.122980e-002
1791 1.235565e-003 9.456125e-002
1792 1.837176e-004 3.368805e-002
1793 7.744924e-004 2.346942e-002
1794 1.555298e-004 8.629173e-003
1795 2.971052e-004 1.537515e-002
1796 1.361281e-003 5.217329e-002
1797 1.310037e-003 5.498000e-002
1798 4.437759e-004 3.388301e-002
1799 8.147222e-005 1.297749e-002
1800 1.341041e-003 6.053490e-002
1801 2.104682e-004 1.355113e-002
1802 6.810005e-004 3.605046e-002
1803 6.688770e-004 3.177823e-002
1804 6.284557e-004 3.919606e-002
1805 3.880239e-004 2.429566e-002
1806 4.720769e-004 3.757855e-002
1807 2.112060e-004 1.414595e-002
1808 1.830298e-003 6.481571e-002
1809 1.503062e-004 1.701189e-002
1810 1.864757e-005 8.632177e-003
1811 3.314097e-005 9.445596e-003
1812 8.287185e-005 1.054358e-002
1813 3.081700e-005 5.049006e-003
1814 1.364495e-004 1.678457e-002
1815 4.293967e-004 3.045480e-002
1816 1.774767e-004 9.808621e-003
1817 7.952056e-004 2.477645e-002
1818 4.438416e-004 3.283044e-002
1819 6.156550e-004 5.972803e-002
1820 1.934489e-004 2.460877e-002
1821 4.604476e-005 1.171897e-002
1822 1.288794e-004 1.340310e-002
1823 2.709368e-004 3.182563e-002
1824 9.402399e-005 1.561765e-002
1825 8.459205e-004 5.958569e-002
1826 1.111230e-004 2.242125e-002
1827 8.686546e-005 7.841979e-003
1828 8.215328e-005 1.017767e-002
1829 8.875771e-005 1.083509e-002
1830 4.094036e-003 1.077083e-001
1831 3.980376e-005 6.304849e-003
1832 1.818673e-004 2.239024e-002
1833 2.039262e-005 1.018895e-002
1834 7.965386e-005 9.013442e-003
1835 2.870226e-005 7.940257e-003
1836 5.128455e-006 5.020087e-003
1837 2.155693e-004 1.690344e-002
1838 2.143415e-004 1.515158e-002
1839 4.084718e-004 2.876818e-002
1840 4.572493e-004 3.059685e-002
1841 4.394551e-004 2.028979e-002
1842 1.304514e-004 1.455771e-002
1843 7.654921e-005 1.044046e-002
1844 1.533963e-004 1.412822e-002
1845 2.174793e-005 1.113988e-002
1846 6.903015e-006 6.488227e-003
1847 1.255563e-005 8.012767e-003
1848 1.368411e-005 1.091694e-002
1849 4.319464e-005 1.100441e-002
1850 6.831665e-005 6.966341e-003
1851 2.342589e-005 4.041258e-003
1852 6.384510e-006 3.987022e-003
1853 2.370590e-005 3.046514e-003
1854 2.093847e-004 1.268161e-002
1855 1.754531e-004 1.139275e-002
1856 4.152258e-004 2.274867e-002
1857 3.462725e-004 1.495697e-002
1858 3.298186e-004 1.667073e-002
1859 1.637648e-005 3.945158e-003
1860 1.415415e-004 1.966206e-002
1861 2.654112e-005 7.037850e-003
1862 3.266407e-005 6.668473e-003
1863 1.719742e-004 1.837049e-002
1864 6.217048e-004 2.869787e-002
1865 6.433932e-004 2.783888e-002
1866 3.880343e-004 2.151675e-002
1867 2.954326e-005 8.088870e-003
1868 1.852114e-005 9.210326e-003
1869 1.759933e-005 5.749269e-003
1870 5.597649e-005 1.161523e-002
1871 7.989494e-004 3.607798e-002
1872 7.528954e-004 5.092596e-002
1873 1.392434e-004 9.938219e-003
1874 1.274868e-003 3.146408e-002
1875 6.503355e-004 2.032046e-002
1876 2.491828e-005 5.111086e-003
1877 1.503463e-004 1.052240e-002
1878 1.641212e-005 6.073975e-003
1879 2.805840e-004 1.691409e-002
1880 8.564347e-005 9.816376e-003
1881 1.654379e-003 6.888394e-002
1882 2.977852e-004 3.569089e-002
1883 6.390397e-004 2.707389e-002
1884 2.288081e-004 1.878155e-002
1885 9.811412e-005 9.944571e-003
1886 3.900264e-004 2.056373e-002
1887 2.876016e-005 7.189810e-003
1888 9.625687e-005 1.369233e-002
1889 2.986020e-005 7.321301e-003
1890 8.614442e-006 5.307749e-003
1891 1.386152e-005 4.732772e-003
1892 1.578606e-005 5.333140e-003
1893 5.199749e-005 2.092479e-002
1894 2.840460e-004 2.493210e-002
1895 1.289641e-004 1.239786e-002
1896 8.844978e-006 4.635468e-003
1897 6.623472e-006 3.469806e-003
1898 1.421902e-005 2.950362e-003
1899 1.377143e-004 9.616094e-003
1900 1.987392e-004 1.216381e-002
1901 2.720501e-006 1.698369e-003
1902 4.462449e-004 2.360056e-002
1903 1.081720e-003 8.695682e-002
1904 1.268858e-004 1.069612e-002
1905 1.318502e-004 1.187166e-002
1906 1.387158e-003 1.321560e-001
1907 4.260250e-005 6.399751e-003
1908 4.260250e-005 6.399751e-003
1909 8.394243e-006 5.114714e-003
1910 1.402158e-004 1.263499e-002
1911 8.360559e-005 1.029998e-002
1912 3.057439e-004 2.349870e-002
1913 7.665057e-004 4.148660e-002
1914 2.733336e-004 2.204760e-002
1915 2.716858e-003 6.091225e-002
1916 6.475391e-004 2.843624e-002
1917 6.439707e-004 2.635055e-002
1918 2.783885e-004 2.155542e-002
1919 6.656322e-004 7.743360e-002
1920 5.642008e-004 2.864391e-002
1921 1.500235e-004 1.895116e-002
1922 7.913368e-004 5.574908e-002
1923 4.621888e-004 2.535129e-002
1924 8.652379e-004 7.033619e-002
1925 5.367924e-004 2.473774e-002
1926 1.790907e-004 1.342637e-002
1927 3.255197e-004 1.932985e-002
1928 1.245570e-003 5.643748e-002
1929 3.843046e-004 2.224416e-002
1930 2.889154e-005 4.434821e-003
1931 1.779280e-004 2.819262e-002
1932 1.341624e-004 2.290572e-002
1933 6.474283e-005 8.134308e-003
1934 2.389036e-005 6.581941e-003
1935 2.686711e-004 2.679377e-002
1936 3.283282e-005 1.179635e-002
1937 7.798441e-005 8.874183e-003
1938 1.357010e-004 1.564882e-002
1939 1.740361e-004 2.149799e-002
1940 1.222753e-003 5.103466e-002
1941 5.424941e-005 5.318476e-003
1942 1.142150e-003 3.431981e-002
1943 7.221324e-004 3.820756e-002
1944 4.097813e-004 1.735118e-002
1945 6.600310e-005 7.818278e-003
1946 6.599114e-004 6.562441e-002
1947 8.666816e-005 1.455299e-002
1948 1.237220e-004 1.459013e-002
1949 8.140869e-004 5.461015e-002
1950 1.342227e-004 9.135242e-003
1951 6.860496e-004 2.591281e-002
1952 1.399431e-003 2.728386e-002
1953 1.007318e-004 1.564900e-002
1954 7.360642e-005 7.264551e-003
1955 2.253443e-003 1.127152e-001
1956 1.542198e-003 1.114260e-001
1957 2.491708e-003 1.427770e-001
1958 1.136863e-003 5.888731e-002
1959 1.597059e-005 6.857746e-003
1960 2.364334e-005 6.905149e-003
1961 3.988294e-006 2.875579e-003
1962 8.028750e-006 5.506486e-003
1963 1.949729e-006 1.981086e-003
1964 6.460186e-006 3.245665e-003
1965 1.263346e-004 1.055899e-002
1966 2.888014e-005 9.001802e-003
1967 6.042526e-004 2.885617e-002
1968 2.547935e-005 7.331828e-003
1969 9.207552e-005 1.376123e-002
1970 8.302812e-006 8.868057e-003
1971 9.807761e-005 1.806535e-002
1972 3.466978e-005 6.475453e-003
1973 4.504700e-004 3.812872e-002
1974 2.284496e-004 1.913049e-002
1975 1.937513e-004 1.390518e-002
1976 2.307633e-004 1.345940e-002
1977 6.849388e-004 3.275097e-002
1978 2.106586e-004 1.550947e-002
1979 2.295626e-004 1.558327e-002
1980 7.949974e-005 8.067168e-003
1981 5.052736e-005 9.577765e-003
1982 3.248464e-004 4.463133e-002
1983 1.520827e-003 9.977053e-002
1984 5.301335e-004 5.560500e-002
1985 4.492151e-004 8.066384e-002
1986 2.185090e-004 3.551666e-002
1987 1.238879e-003 1.527993e-001
1988 7.642071e-005 2.545382e-002
1989 2.756411e-004 3.639618e-002
1990 5.323141e-004 6.447192e-002
1991 7.427519e-005 1.039057e-002
1992 1.302326e-004 1.515575e-002
1993 1.762256e-004 2.041517e-002
1994 9.384873e-005 1.319347e-002
1995 1.584144e-004 1.312079e-002
1996 3.082950e-005 9.057754e-003
1997 9.390058e-004 2.746130e-002
1998 1.927343e-003 4.445593e-002
1999 1.840886e-003 4.973351e-002
2000 1.952865e-004 1.784601e-002
