1 2.555486e-003 4.803613e-002
2 1.974112e-005 1.778239e-002
3 8.353572e-006 2.092351e-003
4 3.645346e-006 1.757813e-003
5 7.474470e-006 2.353861e-003
6 1.167483e-003 9.653905e-002
7 1.651099e-005 8.910545e-003
8 8.357889e-005 3.684815e-002
9 8.979774e-008 2.380171e-003
10 5.608907e-004 5.562318e-002
11 1.583232e-005 4.899796e-003
12 2.909942e-007 1.212807e-003
13 5.624383e-004 7.693467e-002
14 3.237548e-006 7.486462e-003
15 7.429753e-007 2.874846e-003
16 1.518012e-004 1.348679e-002
17 7.533305e-006 1.634156e-003
18 9.956999e-004 4.557576e-002
19 2.026147e-005 6.803089e-003
20 6.276787e-008 1.021687e-003
21 3.718945e-003 1.271413e-001
22 1.928015e-005 2.743927e-003
23 8.760266e-005 2.118199e-002
24 7.414796e-004 8.499508e-002
25 2.689863e-004 6.659863e-002
26 8.753651e-006 2.858576e-003
27 5.274215e-005 5.782690e-003
28 2.734805e-005 3.001301e-003
29 2.937754e-003 1.346250e-001
30 3.826079e-003 2.791148e-001
31 1.434420e-003 1.493081e-001
32 8.536781e-005 4.734791e-003
33 3.326054e-007 1.193521e-003
34 2.239575e-006 1.115208e-003
35 3.333256e-006 2.860145e-003
36 3.344344e-003 1.253683e-001
37 3.908604e-004 3.483811e-002
38 5.572157e-005 7.518603e-003
39 1.768399e-006 1.876524e-003
40 3.598408e-006 3.350153e-003
41 7.396455e-005 1.152589e-002
42 2.541892e-006 4.874284e-003
43 9.083868e-004 1.122685e-001
44 5.503783e-004 1.257065e-002
45 8.271231e-004 2.189271e-002
46 3.883278e-005 6.905209e-003
47 5.575984e-003 1.528245e-001
48 8.069160e-004 4.357775e-002
49 3.527150e-005 5.769314e-003
50 1.658338e-003 1.371327e-001
51 5.285281e-005 1.009670e-002
52 1.428110e-004 1.724180e-002
53 2.493276e-005 3.257150e-003
54 5.978516e-005 8.008856e-003
55 2.715178e-005 4.383007e-003
56 2.464234e-005 5.202234e-003
57 1.574209e-004 1.259030e-002
58 4.720853e-004 2.626994e-002
59 2.329557e-004 1.920947e-002
60 7.107314e-007 1.378605e-003
61 5.850419e-003 2.872667e-001
62 1.408253e-004 3.106003e-002
63 3.144741e-006 1.683780e-003
64 3.732016e-006 4.078749e-003
65 4.649423e-004 2.238219e-002
66 1.832702e-005 3.053629e-003
67 2.624808e-005 6.866659e-003
68 2.527040e-005 6.665905e-003
69 7.637593e-007 1.395281e-003
70 2.356348e-006 1.303976e-003
71 6.294106e-004 9.030031e-002
72 1.293972e-004 1.105423e-002
73 4.334941e-006 3.876382e-003
74 7.846172e-004 1.143308e-001
75 2.667820e-005 3.002406e-003
76 1.066101e-006 2.431908e-003
77 3.621582e-004 2.721083e-002
78 1.373737e-003 1.730486e-001
79 3.068826e-004 2.346590e-002
80 5.950606e-006 1.583716e-003
81 2.175709e-006 1.310072e-003
82 1.227646e-005 2.519341e-003
83 5.788080e-005 7.768576e-003
84 1.506904e-006 1.757222e-003
85 2.406391e-004 1.680685e-002
86 4.006301e-005 4.912650e-003
87 9.960991e-006 2.423360e-003
88 5.098653e-007 1.661297e-003
89 7.575189e-005 1.577987e-002
90 8.016837e-004 7.255534e-002
91 3.629602e-004 4.429235e-002
92 2.656860e-003 1.364528e-001
93 6.659427e-005 8.817824e-003
94 7.897398e-006 3.484248e-003
95 2.337340e-003 2.133820e-001
96 2.591942e-005 3.584763e-003
97 4.367767e-004 3.032158e-002
98 9.037387e-006 2.707297e-003
99 3.016770e-005 2.452603e-003
100 6.564980e-003 1.430482e-001
101 8.217628e-006 3.804535e-003
102 2.725674e-005 1.351513e-002
103 1.727132e-003 4.701831e-002
104 2.494216e-004 2.075273e-002
105 3.434098e-004 2.431922e-002
106 2.054810e-005 8.481947e-003
107 3.019892e-006 2.784777e-003
108 8.195611e-005 1.622599e-002
109 7.062526e-006 4.851174e-003
110 3.940014e-005 9.385360e-003
111 7.034246e-004 1.553575e-001
112 5.860880e-004 3.504337e-002
113 2.074018e-003 1.254997e-001
114 1.869137e-003 1.289032e-001
115 8.603644e-004 4.391299e-002
116 1.389015e-003 5.002999e-002
117 3.452745e-004 3.343871e-002
118 9.380289e-004 3.711180e-002
119 7.696281e-007 4.532251e-003
120 6.139427e-007 3.621387e-003
121 2.454243e-005 1.099486e-002
122 3.194259e-006 1.663570e-003
123 9.872388e-006 5.031082e-003
124 3.072178e-005 8.081776e-003
125 1.583809e-006 3.965302e-003
126 5.463554e-006 5.613217e-003
127 6.811412e-006 9.334661e-003
128 1.350956e-005 7.417201e-003
129 6.506695e-006 4.278341e-003
130 5.983510e-006 3.755103e-003
131 3.826650e-006 5.766308e-003
132 9.637450e-006 4.268381e-003
133 9.915226e-006 7.441647e-003
134 3.695362e-005 1.750921e-002
135 1.038592e-005 4.317886e-003
136 8.461754e-006 3.602869e-003
137 3.643825e-005 1.067823e-002
138 1.059121e-005 9.132957e-003
139 1.599576e-005 7.917765e-003
140 2.720130e-006 5.058492e-003
141 1.291460e-006 2.994280e-003
142 2.149774e-006 3.002365e-003
143 1.347898e-005 6.557839e-003
144 1.098316e-005 8.337920e-003
145 1.871719e-006 4.661043e-003
146 1.222809e-005 5.846582e-003
147 2.044246e-005 5.849679e-003
148 6.122025e-006 7.844421e-003
149 6.518609e-006 3.944781e-003
150 1.575855e-006 3.945671e-003
151 3.894991e-005 8.955538e-003
152 2.568612e-005 5.370385e-003
153 1.279587e-006 2.899950e-003
154 3.849324e-006 3.669716e-003
155 1.861756e-006 2.983452e-003
156 1.341400e-005 3.513403e-003
157 6.460611e-006 3.883759e-003
158 2.357132e-005 3.807615e-003
159 2.356821e-005 5.227854e-003
160 3.404917e-006 4.668422e-003
161 1.084039e-006 3.086373e-003
162 2.947136e-007 2.992857e-003
163 7.183366e-007 3.047239e-003
164 3.021466e-007 1.634290e-003
165 5.093079e-007 1.673359e-003
166 3.317508e-007 1.652518e-003
167 2.678749e-007 2.928639e-003
168 1.991305e-006 3.204240e-003
169 1.019025e-005 5.503421e-003
170 2.155476e-007 1.633744e-003
171 3.427951e-006 3.315241e-003
172 3.397412e-007 3.202625e-003
173 8.259926e-008 1.614111e-003
174 2.920300e-007 3.064177e-003
175 4.517990e-007 3.072187e-003
176 2.951803e-007 2.984198e-003
177 2.107455e-007 1.648554e-003
178 1.480255e-006 2.205807e-003
179 7.859700e-008 1.610832e-003
180 4.517990e-007 3.072187e-003
181 2.242862e-007 2.115451e-003
182 5.191353e-007 3.381332e-003
183 2.774385e-008 1.195674e-003
184 1.269276e-007 1.612271e-003
185 7.458342e-008 1.229718e-003
186 3.925200e-007 2.155729e-003
187 2.206748e-007 1.898466e-003
188 4.917613e-008 1.590892e-003
189 2.554801e-008 1.132906e-003
190 6.641028e-008 1.206431e-003
191 3.410707e-005 1.159687e-002
192 1.957039e-006 3.185128e-003
193 7.269219e-005 1.090615e-002
194 5.117195e-005 1.280046e-002
195 8.544813e-006 4.744631e-003
196 2.742156e-005 7.285288e-003
197 6.503903e-005 8.217805e-003
198 9.147247e-006 4.847613e-003
199 2.116477e-005 1.074675e-002
200 1.830509e-005 7.490208e-003
201 1.592763e-005 7.163403e-003
202 1.701805e-005 1.495140e-002
203 1.872368e-006 3.192015e-003
204 4.996098e-006 3.895947e-003
205 1.036920e-005 6.271285e-003
206 4.763751e-006 3.333216e-003
207 2.604278e-005 7.640594e-003
208 2.103816e-006 3.344508e-003
209 1.593472e-005 6.306699e-003
210 4.996098e-006 3.895947e-003
211 2.468117e-006 2.242131e-003
212 1.143821e-004 9.630389e-003
213 3.637381e-006 2.241731e-003
214 4.938538e-006 3.773141e-003
215 8.376887e-006 3.733229e-003
216 1.931571e-005 3.864040e-003
217 2.232776e-006 1.863876e-003
218 5.646443e-005 1.723928e-002
219 4.212468e-005 8.533648e-003
220 3.122523e-006 3.215875e-003
221 5.206486e-006 3.389993e-003
222 2.081035e-005 5.848041e-003
223 1.325073e-005 8.872593e-003
224 1.938662e-006 3.012759e-003
225 1.107576e-005 5.081280e-003
226 5.538600e-006 3.476053e-003
227 1.547955e-005 3.912554e-003
228 2.398144e-005 4.599549e-003
229 1.407139e-004 1.034870e-002
230 4.857458e-005 6.677406e-003
231 1.786059e-005 5.860020e-003
232 6.910286e-006 4.810289e-003
233 1.702337e-005 5.758335e-003
234 9.906139e-006 4.684688e-003
235 2.508734e-006 4.457687e-003
236 2.266897e-005 4.465444e-003
237 1.315831e-006 3.345822e-003
238 2.551308e-005 5.270525e-003
239 2.151507e-006 3.510748e-003
240 7.469497e-006 2.928302e-003
241 8.859747e-006 3.820089e-003
242 2.262469e-005 4.401292e-003
243 1.971700e-006 3.132436e-003
244 1.007125e-005 4.437955e-003
245 3.442391e-005 4.402814e-003
246 5.365620e-006 3.746317e-003
247 9.906139e-006 4.684688e-003
248 2.630556e-006 2.614488e-003
249 6.742598e-005 6.383009e-003
250 1.424344e-005 3.894986e-003
251 7.038610e-006 2.760057e-003
252 2.802459e-005 6.054326e-003
253 2.104911e-006 3.299666e-003
254 2.739459e-006 4.767131e-003
255 1.222530e-005 6.157186e-003
256 2.609438e-006 2.680883e-003
257 3.165649e-006 3.379337e-003
258 4.654623e-006 3.407685e-003
259 2.767511e-005 4.271558e-003
260 5.824052e-005 7.570928e-003
261 2.965828e-005 3.974179e-003
262 1.886817e-005 3.800440e-003
263 1.821110e-005 4.144399e-003
264 2.805952e-004 1.186586e-002
265 5.671812e-005 5.642464e-003
266 5.876629e-005 9.128578e-003
267 1.698017e-004 2.898600e-002
268 2.162098e-004 1.536104e-002
269 3.808424e-004 2.132272e-002
270 1.173788e-005 3.744369e-003
271 4.621965e-005 4.472636e-003
272 3.649929e-005 5.931497e-003
273 1.898068e-005 3.800714e-003
274 1.866217e-005 4.666833e-003
275 6.431257e-005 7.253571e-003
276 2.198090e-004 2.004046e-002
277 1.156866e-005 3.124773e-003
278 5.915030e-006 2.405608e-003
279 1.137364e-004 1.000958e-002
280 2.222802e-005 5.137602e-003
281 6.532900e-005 7.322361e-003
282 7.336678e-005 1.037023e-002
283 1.473606e-005 2.766146e-003
284 4.475192e-005 4.404406e-003
285 3.718811e-005 6.926710e-003
286 5.124106e-005 6.865079e-003
287 2.867853e-005 3.682656e-003
288 4.472072e-005 9.406809e-003
289 7.017076e-005 1.147040e-002
290 1.698780e-004 1.243885e-002
291 2.990155e-005 3.941204e-003
292 4.882900e-005 4.617013e-003
293 4.459880e-005 1.159567e-002
294 1.405301e-004 8.915681e-003
295 7.084670e-005 1.566945e-002
296 5.752138e-004 5.434201e-002
297 1.289536e-003 6.757570e-002
298 7.267705e-005 1.479180e-002
299 1.641905e-005 3.344597e-003
300 3.066831e-006 4.367591e-003
301 4.751252e-005 1.421449e-002
302 3.233420e-006 4.865270e-003
303 9.901126e-007 2.993537e-003
304 5.934033e-007 2.256963e-003
305 1.421310e-007 2.645606e-003
306 2.249769e-007 2.674390e-003
307 5.910659e-008 2.645246e-003
308 2.221306e-007 2.574419e-003
309 9.845238e-006 3.833590e-003
310 4.261069e-007 3.207101e-003
311 2.205694e-007 2.648749e-003
312 5.609029e-007 2.144044e-003
313 8.785187e-008 2.540141e-003
314 1.397854e-007 2.544334e-003
315 1.450774e-007 2.674105e-003
316 4.084099e-007 2.806797e-003
317 4.988722e-008 1.927776e-003
318 1.888200e-007 1.939271e-003
319 1.323598e-006 2.057598e-003
320 5.784139e-008 2.505677e-003
321 4.115606e-008 1.424409e-003
322 2.772455e-004 3.977357e-002
323 3.692391e-004 3.274842e-002
324 9.593360e-006 9.073290e-003
325 3.395217e-005 9.022025e-003
326 1.289881e-005 3.217279e-003
327 9.832160e-005 1.683558e-002
328 1.888247e-005 8.529126e-003
329 4.315572e-004 5.663299e-002
330 9.050761e-004 5.151453e-002
331 7.621896e-005 2.074686e-002
332 9.729064e-004 8.172846e-002
333 1.476755e-005 4.353960e-003
334 8.260153e-005 1.145104e-002
335 4.013772e-005 7.006875e-003
336 5.874466e-005 1.119448e-002
337 3.071482e-004 3.212797e-002
338 5.551597e-005 1.407665e-002
339 1.036311e-003 5.629585e-002
340 1.157215e-005 3.454628e-003
341 9.731174e-006 2.781432e-003
342 4.084952e-005 8.019390e-003
343 1.421780e-004 1.640506e-002
344 6.836166e-006 3.302075e-003
345 2.519149e-005 5.608035e-003
346 1.434331e-006 2.326870e-003
347 2.539553e-006 2.779932e-003
348 2.386333e-005 6.691149e-003
349 4.022077e-005 6.122335e-003
350 1.786280e-006 3.172205e-003
351 1.685341e-006 2.728231e-003
352 3.662621e-006 2.239406e-003
353 1.984974e-005 3.674235e-003
354 1.168443e-005 3.399428e-003
355 1.231395e-005 3.606023e-003
356 5.738368e-007 2.280934e-003
357 2.272150e-005 5.614994e-003
358 2.612168e-004 1.013271e-002
359 1.373623e-005 4.746556e-003
360 3.573171e-006 5.158599e-003
361 1.687924e-004 2.317092e-002
362 5.642983e-007 2.366388e-003
363 1.822725e-006 3.229447e-003
364 3.662621e-006 2.239406e-003
365 8.073940e-005 1.269748e-002
366 3.182754e-005 4.289915e-003
367 2.550854e-005 6.926789e-003
368 4.022077e-005 6.122335e-003
369 4.293208e-004 3.586231e-002
370 2.445273e-005 1.224448e-002
371 4.504838e-005 1.681987e-002
372 3.917999e-003 3.217991e-001
373 1.710169e-003 1.282658e-001
374 3.302979e-003 1.740819e-001
375 2.724160e-004 2.030670e-002
376 7.783456e-004 6.136285e-002
377 2.313290e-005 8.282895e-003
378 4.242546e-005 1.094146e-002
379 1.775630e-005 6.987788e-003
380 3.889785e-005 6.278510e-003
381 7.346839e-006 1.684350e-003
382 3.842678e-005 8.135105e-003
383 7.473402e-006 1.644777e-003
384 6.812571e-005 4.098847e-003
385 3.604755e-006 4.496900e-003
386 2.318417e-005 5.364019e-003
387 5.098015e-005 1.110234e-002
388 2.675851e-006 2.690161e-003
389 1.430652e-005 5.207323e-003
390 6.013526e-006 4.418571e-003
391 2.087799e-004 2.076394e-002
392 2.733024e-005 7.106753e-003
393 8.713018e-005 1.015674e-002
394 4.378759e-006 2.776394e-003
395 4.023469e-005 6.867626e-003
396 1.212446e-004 2.354364e-002
397 5.642682e-005 1.028375e-002
398 1.223229e-004 1.182258e-002
399 2.544857e-005 6.459643e-003
400 1.389138e-004 1.319696e-002
401 2.649894e-005 6.693801e-003
402 1.703280e-005 6.379779e-003
403 2.834908e-005 6.724381e-003
404 7.909907e-005 9.781300e-003
405 5.084273e-005 8.843948e-003
406 4.325715e-005 6.779807e-003
407 5.448432e-006 4.337974e-003
408 4.114726e-005 6.206018e-003
409 4.558929e-004 2.998705e-002
410 5.939702e-005 1.312885e-002
411 5.971394e-005 1.392627e-002
412 1.660898e-004 1.895663e-002
413 2.440798e-005 6.015823e-003
414 4.834743e-005 7.694461e-003
415 9.184051e-006 4.862908e-003
416 1.113958e-005 6.139363e-003
417 3.227357e-005 8.293533e-003
418 3.170116e-004 3.488044e-002
419 5.848261e-004 5.670971e-002
420 1.294131e-004 2.827570e-002
421 1.266762e-004 1.201926e-002
422 1.857174e-004 1.920682e-002
423 3.527802e-004 3.847222e-002
424 1.178700e-003 1.210456e-001
425 3.131408e-004 2.922650e-002
426 3.038439e-004 2.701994e-002
427 8.913182e-004 6.010189e-002
428 1.718850e-004 2.187120e-002
429 1.146759e-004 1.997026e-002
430 2.696819e-004 2.172519e-002
431 2.059369e-004 3.201230e-002
432 1.048751e-004 1.525894e-002
433 6.505585e-005 1.301870e-002
434 2.696819e-004 2.172519e-002
435 3.174662e-004 3.148953e-002
436 7.674279e-005 2.029500e-002
437 1.709353e-004 1.982137e-002
438 1.696475e-004 1.891595e-002
439 9.144560e-004 7.575943e-002
440 6.191680e-005 1.282903e-002
441 3.973335e-005 1.213296e-002
442 1.255879e-004 4.211852e-002
443 2.294009e-005 2.121374e-002
444 6.257925e-004 1.010972e-001
445 5.877679e-004 6.312170e-002
446 1.156750e-007 9.126086e-004
447 1.702067e-007 1.219635e-003
448 2.589606e-008 9.081515e-004
449 7.220222e-008 9.094023e-004
450 5.833781e-008 9.919869e-004
451 1.955461e-006 1.716920e-003
452 1.779705e-007 1.221057e-003
453 4.262424e-007 1.105436e-003
454 2.809807e-007 1.234674e-003
455 6.567978e-007 1.228511e-003
456 8.510022e-008 1.030187e-003
457 3.448838e-008 9.239124e-004
458 2.729391e-007 1.222353e-003
459 9.854631e-006 1.341216e-002
460 3.157477e-007 2.583989e-003
461 5.211321e-008 1.053076e-003
462 2.066376e-006 2.866721e-003
463 3.886470e-007 1.108863e-003
464 4.645777e-007 1.303548e-003
465 1.590885e-007 1.146805e-003
466 1.873366e-007 1.373031e-003
467 5.604440e-008 1.080481e-003
468 5.087794e-008 1.090680e-003
469 4.570134e-007 1.304770e-003
470 4.689369e-007 1.741077e-003
471 1.031954e-007 1.214739e-003
472 2.548568e-007 1.109907e-003
473 4.515617e-007 1.302747e-003
474 4.867830e-008 1.046813e-003
475 3.008345e-007 1.301523e-003
476 1.577065e-007 1.407326e-003
477 5.931928e-006 2.804538e-003
478 2.600548e-005 3.768399e-003
479 9.755177e-007 1.527277e-003
480 9.441427e-007 2.041483e-003
481 1.464827e-006 1.833845e-003
482 2.266141e-007 2.099977e-003
483 1.330112e-007 2.057676e-003
484 5.091709e-006 2.003010e-003
485 4.724911e-007 1.746489e-003
486 5.209310e-005 1.124089e-002
487 2.483583e-007 1.479538e-003
488 2.068999e-005 8.442561e-003
489 1.705723e-003 7.386209e-002
490 1.042624e-005 5.470386e-003
491 2.018903e-005 7.281744e-003
492 6.512382e-006 5.382964e-003
493 1.090136e-005 5.956414e-003
494 1.973983e-006 6.385974e-003
495 1.655687e-006 4.850429e-003
496 9.452262e-005 1.273074e-002
497 2.803500e-004 2.692453e-002
498 2.704071e-005 6.361659e-003
499 7.746388e-006 7.551215e-003
500 4.132193e-006 5.002394e-003
501 8.737599e-006 7.825324e-003
502 1.081009e-003 7.146160e-002
503 2.411585e-005 5.571566e-003
504 1.214284e-005 6.775675e-003
505 1.493466e-005 5.220180e-003
506 1.094020e-004 1.525819e-002
507 9.007365e-005 1.554055e-002
508 7.097998e-005 8.379557e-003
509 1.154523e-005 7.735801e-003
510 3.317914e-005 9.503357e-003
511 3.993770e-006 5.565612e-003
512 1.142178e-005 7.223242e-003
513 1.504115e-005 6.125696e-003
514 4.935527e-003 1.454571e-001
515 1.279352e-005 6.476790e-003
516 1.279352e-005 6.476790e-003
517 9.095543e-005 1.098390e-002
518 2.033229e-005 6.318748e-003
519 1.846903e-004 1.612287e-002
520 1.043456e-004 1.528932e-002
521 1.846903e-004 1.612287e-002
522 1.210390e-004 1.594561e-002
523 1.869200e-004 1.684956e-002
524 6.395728e-005 1.121878e-002
525 2.151362e-005 6.819865e-003
526 1.846903e-004 1.612287e-002
527 3.886250e-005 8.216724e-003
528 1.354876e-005 5.584717e-003
529 7.506079e-005 1.361858e-002
530 4.425908e-006 4.848555e-003
531 1.279352e-005 6.476790e-003
532 7.856197e-005 1.481192e-002
533 1.778457e-005 1.149699e-002
534 2.838767e-005 1.036309e-002
535 4.416439e-005 1.066660e-002
536 1.614183e-004 2.756687e-002
537 6.341796e-005 2.133156e-002
538 1.778457e-005 1.149699e-002
539 9.220098e-005 1.788076e-002
540 5.431666e-005 1.879147e-002
541 8.317415e-005 1.944599e-002
542 1.176494e-003 6.578443e-002
543 8.177131e-005 1.621288e-002
544 1.959050e-005 6.630952e-003
545 1.846378e-005 4.093959e-003
546 1.474427e-005 3.002691e-003
547 2.369693e-006 2.422899e-003
548 2.549091e-006 2.754242e-003
549 1.017843e-006 1.552565e-003
550 1.105117e-005 3.659599e-003
551 3.902579e-006 2.300136e-003
552 3.030408e-005 1.122927e-002
553 1.235026e-004 1.111351e-002
554 2.893509e-005 4.476563e-003
555 5.266148e-005 6.208348e-003
556 1.323877e-005 2.172039e-003
557 1.071904e-005 3.034870e-003
558 1.979616e-005 4.220236e-003
559 1.005035e-006 2.411740e-003
560 1.106671e-005 3.107399e-003
561 4.257627e-006 2.640765e-003
562 6.773679e-006 2.668107e-003
563 5.576890e-006 4.246086e-003
564 1.001786e-005 2.641087e-003
565 9.556406e-005 8.860647e-003
566 2.608325e-005 3.096121e-003
567 2.035288e-004 7.656000e-003
568 5.023869e-005 5.986891e-003
569 1.278698e-004 8.556506e-003
570 3.547639e-005 7.251348e-003
571 2.829980e-005 4.194344e-003
572 4.886754e-005 6.201857e-003
573 1.615993e-005 3.738026e-003
574 5.124947e-005 6.037180e-003
575 1.782763e-005 4.604330e-003
576 3.316891e-005 6.046922e-003
577 2.966499e-005 5.870904e-003
578 1.663967e-005 7.239381e-003
579 4.888493e-004 5.399052e-002
580 5.519274e-005 7.767637e-003
581 4.490754e-006 2.785240e-003
582 5.523756e-005 7.031602e-003
583 2.201219e-005 5.996652e-003
584 2.795955e-005 4.623448e-003
585 5.523756e-005 7.031602e-003
586 3.063535e-005 8.877212e-003
587 8.759225e-006 1.036420e-002
588 3.982741e-005 6.163090e-003
589 5.008761e-006 2.101739e-003
590 2.363949e-003 9.578501e-002
591 1.318612e-004 8.747281e-003
592 1.296859e-005 3.830610e-003
593 1.332327e-005 1.371338e-002
594 3.135787e-005 4.672588e-003
595 4.325646e-006 6.291364e-003
596 5.180334e-003 1.926517e-001
597 2.251275e-007 1.905297e-003
598 2.167464e-006 1.894185e-003
599 8.135719e-007 1.910989e-003
600 1.373626e-006 2.005062e-003
601 6.463515e-006 2.699702e-003
602 2.371778e-006 2.495105e-003
603 2.774926e-006 3.167709e-003
604 5.304911e-007 1.908186e-003
605 2.121286e-006 2.014310e-003
606 5.358313e-007 1.911714e-003
607 2.006554e-007 1.770828e-003
608 8.956755e-007 2.000330e-003
609 6.071441e-005 8.930460e-003
610 7.925006e-006 3.863255e-003
611 1.264920e-003 6.090191e-002
612 1.631197e-004 1.909754e-002
613 8.990678e-005 1.365565e-002
614 1.049442e-004 2.041925e-002
615 3.029553e-005 8.979474e-003
616 1.998886e-006 3.246629e-003
617 3.240796e-005 1.039081e-002
618 5.128171e-006 4.114986e-003
619 5.981701e-006 4.689539e-003
620 9.956340e-006 5.243956e-003
621 5.265020e-004 2.603915e-002
622 1.543547e-005 5.516067e-003
623 1.129492e-005 6.978932e-003
624 1.084011e-005 5.700825e-003
625 9.757918e-006 4.200488e-003
626 4.595242e-003 8.715321e-002
627 1.546147e-005 4.495181e-003
628 2.456479e-005 1.160184e-002
629 1.649759e-004 1.538905e-002
630 1.482559e-004 1.510257e-002
631 1.126527e-004 1.016678e-002
632 2.793639e-004 2.252804e-002
633 1.414395e-005 5.668180e-003
634 9.558352e-006 4.470446e-003
635 1.040876e-005 4.629405e-003
636 6.345792e-005 5.778227e-003
637 1.219858e-004 1.001614e-002
638 4.072027e-005 7.969472e-003
639 5.944536e-005 1.282204e-002
640 1.346143e-005 4.287066e-003
641 6.025162e-006 5.168229e-003
642 1.570788e-005 6.387057e-003
643 1.894456e-004 2.465285e-002
644 2.424842e-005 5.463874e-003
645 3.675798e-005 1.062671e-002
646 7.023975e-005 1.673315e-002
647 1.273956e-005 6.979777e-003
648 1.008318e-004 1.789634e-002
649 7.713399e-005 8.685205e-003
650 1.123774e-005 5.371179e-003
651 1.208777e-005 6.102092e-003
652 3.005197e-005 6.952281e-003
653 2.068303e-003 1.672766e-001
654 3.007077e-004 5.650231e-002
655 1.224174e-006 2.785065e-003
656 2.652449e-004 1.576062e-002
657 1.964377e-003 1.746061e-001
658 8.093462e-005 1.484178e-002
659 3.651605e-005 1.172274e-002
660 2.367767e-005 1.089139e-002
661 1.904974e-004 2.031144e-002
662 9.265743e-004 5.139657e-002
663 8.252327e-005 1.007452e-002
664 3.876056e-005 1.177153e-002
665 4.486289e-005 1.239567e-002
666 7.836419e-005 1.992138e-002
667 3.445613e-005 9.640177e-003
668 1.184809e-005 6.189376e-003
669 6.780276e-005 1.732137e-002
670 8.980989e-005 1.437547e-002
671 1.194910e-004 2.186173e-002
672 1.215345e-005 6.670392e-003
673 1.063017e-003 9.446571e-002
674 1.088857e-005 5.878680e-003
675 1.512813e-003 5.259431e-002
676 5.711724e-005 1.273324e-002
677 1.718371e-004 2.572862e-002
678 1.721967e-005 7.394312e-003
679 7.384016e-004 4.575886e-002
680 4.967264e-006 3.319908e-003
681 5.956419e-005 7.748623e-003
682 3.524194e-003 1.881391e-001
683 4.316758e-005 1.093952e-002
684 4.129420e-004 3.529585e-002
685 3.288974e-005 6.498343e-003
686 2.279103e-003 8.457473e-002
687 1.972986e-005 4.168745e-003
688 1.606832e-005 7.540596e-003
689 1.582305e-005 7.919046e-003
690 6.066205e-005 6.774363e-003
691 3.280314e-005 1.311367e-002
692 5.979848e-005 9.163592e-003
693 2.360303e-005 6.293134e-003
694 9.899767e-006 3.248334e-003
695 2.910729e-005 7.094494e-003
696 5.146046e-004 3.577677e-002
697 6.009346e-004 5.718022e-002
698 5.864677e-004 6.039486e-002
699 6.526820e-005 1.502543e-002
700 8.754143e-005 1.348327e-002
701 1.888058e-005 7.853541e-003
702 5.456105e-005 9.932353e-003
703 4.073818e-005 6.255939e-003
704 1.118467e-004 1.922295e-002
705 3.797769e-005 6.026500e-003
706 7.564990e-005 8.758248e-003
707 3.782070e-005 5.425235e-003
708 3.558012e-003 2.325250e-001
709 7.034659e-005 1.895593e-002
710 2.107803e-004 2.221096e-002
711 2.518880e-004 3.555839e-002
712 3.111000e-004 1.962858e-002
713 3.285062e-005 2.045714e-002
714 5.631090e-005 1.136845e-002
715 1.092221e-005 6.079045e-003
716 4.248984e-005 1.358225e-002
717 2.025451e-004 2.246176e-002
718 3.122162e-005 8.132022e-003
719 2.199975e-005 9.322006e-003
720 4.611389e-005 1.558196e-002
721 1.295560e-004 1.023309e-002
722 1.494341e-004 1.551856e-002
723 4.211603e-004 2.437160e-002
724 1.174060e-005 6.481758e-003
725 1.128431e-005 6.483310e-003
726 3.460125e-005 9.716223e-003
727 1.169961e-003 6.771801e-002
728 2.122301e-005 1.107836e-002
729 5.262228e-005 1.007833e-002
730 4.082575e-005 1.245315e-002
731 6.314742e-006 4.968522e-003
732 1.628133e-005 5.132293e-003
733 3.157070e-005 6.634027e-003
734 3.961066e-005 1.024910e-002
735 1.722284e-005 6.117653e-003
736 4.824516e-005 1.589199e-002
737 6.395041e-004 4.423863e-002
738 1.758346e-004 2.163915e-002
739 1.192832e-005 6.609490e-003
740 1.956593e-005 7.427105e-003
741 1.569204e-005 5.537414e-003
742 9.398374e-005 1.192184e-002
743 3.280875e-005 8.182276e-003
744 8.085284e-005 9.485375e-003
745 6.557972e-005 1.647237e-002
746 2.965431e-005 6.938320e-003
747 2.965431e-005 6.938320e-003
748 3.979404e-006 5.708720e-003
749 1.724007e-004 2.155535e-002
750 3.078295e-004 2.316194e-002
751 1.053105e-005 7.411775e-003
752 4.169569e-005 8.906903e-003
753 1.285521e-003 9.579639e-002
754 1.997930e-004 1.013530e-002
755 3.789499e-004 1.450659e-002
756 1.819729e-005 9.849304e-003
757 1.341554e-003 3.330025e-002
758 7.350731e-006 4.659412e-003
759 8.027770e-005 7.249448e-003
760 7.771051e-004 4.050197e-002
761 4.194235e-004 4.808093e-002
762 2.497913e-005 7.174328e-003
763 3.974059e-005 7.284737e-003
764 2.840369e-005 7.364302e-003
765 1.659568e-003 1.609540e-001
766 2.636204e-003 1.940673e-001
767 1.534568e-004 4.260398e-002
768 8.166540e-004 7.377160e-002
769 2.465074e-005 8.514146e-003
770 7.116621e-006 4.437056e-003
771 6.855550e-006 4.110271e-003
772 2.814038e-006 4.274298e-003
773 6.337604e-004 2.699410e-002
774 7.025009e-006 4.728582e-003
775 2.495769e-005 9.177692e-003
776 3.426235e-006 5.068947e-003
777 1.559170e-005 8.420457e-003
778 1.163849e-004 1.363521e-002
779 1.747521e-005 7.384699e-003
780 4.603922e-006 4.721840e-003
781 5.839291e-006 5.148627e-003
782 7.960054e-007 2.224571e-003
783 4.296628e-006 3.396629e-003
784 2.615355e-005 1.073764e-002
785 5.435343e-005 6.802090e-003
786 3.277617e-005 5.186531e-003
787 2.245036e-005 6.170901e-003
788 5.644514e-005 8.848367e-003
789 3.459069e-005 6.607243e-003
790 6.645938e-004 4.102805e-002
791 2.297326e-005 3.260996e-003
792 8.590481e-005 8.209817e-003
793 3.782645e-005 6.790295e-003
794 1.097887e-003 1.244731e-001
795 1.537700e-004 5.509487e-003
796 2.429490e-005 3.717863e-003
797 6.355863e-004 3.411117e-002
798 2.957253e-005 5.296009e-003
799 5.534004e-004 1.715342e-002
800 1.208301e-004 8.822241e-003
801 3.355976e-005 6.560503e-003
802 2.673124e-004 7.932610e-003
803 6.695657e-004 3.924788e-002
804 4.902996e-005 6.763236e-003
805 2.361461e-004 1.204023e-002
806 4.773022e-004 8.390638e-002
807 3.766057e-004 1.316711e-002
808 2.027464e-005 4.837658e-003
809 1.455588e-004 1.388919e-002
810 2.802625e-006 2.229705e-003
811 5.622683e-005 9.652832e-003
812 1.556721e-005 3.659443e-003
813 1.951373e-004 2.071007e-002
814 7.540506e-005 1.082669e-002
815 1.154589e-004 1.203082e-002
816 9.812942e-004 2.313263e-002
817 7.015884e-004 2.376438e-002
818 2.805785e-005 9.280694e-003
819 7.598446e-005 9.681571e-003
820 2.924216e-004 2.635506e-002
821 2.915229e-004 2.638072e-002
822 1.202877e-004 2.839523e-002
823 8.156713e-004 8.274072e-002
824 2.318759e-003 2.218533e-001
825 9.473884e-004 1.489637e-001
826 1.780258e-003 1.202415e-001
827 3.921106e-004 6.611926e-002
828 1.681576e-003 2.668474e-001
829 8.272131e-004 1.087172e-001
830 1.872289e-005 5.956851e-003
831 1.599318e-005 4.330880e-003
832 7.265566e-006 4.762038e-003
833 3.599367e-005 9.575392e-003
834 6.154097e-005 4.540167e-003
835 1.839861e-005 6.252966e-003
836 2.454195e-005 4.024465e-003
837 4.922685e-005 7.664583e-003
838 3.775707e-005 4.664822e-003
839 1.590530e-005 4.401926e-003
840 6.128938e-005 1.363790e-002
841 6.434953e-005 5.408588e-003
842 2.130797e-005 7.695936e-003
843 7.999090e-005 8.624571e-003
844 2.275256e-004 1.485542e-002
845 3.144532e-004 1.528644e-002
846 3.645921e-004 2.174413e-002
847 6.434953e-005 5.408588e-003
848 1.228174e-004 1.094795e-002
849 3.854914e-004 1.932064e-002
850 4.280834e-005 5.295218e-003
851 6.720988e-004 5.258901e-002
852 2.708988e-005 5.988910e-003
853 1.145340e-004 7.722344e-003
854 3.962535e-005 5.196658e-003
855 1.141853e-004 7.489696e-003
856 5.076471e-007 1.461338e-003
857 2.170570e-006 1.250512e-003
858 2.561731e-006 1.977127e-003
859 3.572948e-007 1.483251e-003
860 2.788298e-004 2.734696e-002
861 1.692757e-005 5.211563e-003
862 1.449192e-006 1.500119e-003
863 1.240486e-006 1.415947e-003
864 3.164370e-007 1.382376e-003
865 1.292305e-006 1.426940e-003
866 1.493652e-006 1.891021e-003
867 3.149748e-006 1.423811e-003
868 4.501354e-007 1.344550e-003
869 1.328400e-006 1.574241e-003
870 8.882598e-007 1.482919e-003
871 1.285891e-007 1.386543e-003
872 4.462354e-007 1.850660e-003
873 3.441028e-007 1.394732e-003
874 1.526422e-006 1.349831e-003
875 1.126942e-004 3.061422e-002
876 4.938436e-007 1.426680e-003
877 1.239884e-006 1.397260e-003
878 1.522590e-006 1.766749e-003
879 2.876705e-007 1.340932e-003
880 6.828995e-007 1.343060e-003
881 3.031966e-007 1.386673e-003
882 4.022673e-006 1.660204e-003
883 7.782223e-006 1.446144e-003
884 1.237472e-006 1.388371e-003
885 2.043971e-006 1.438383e-003
886 2.934913e-005 3.014457e-003
887 1.294917e-004 3.891773e-003
888 8.272861e-005 9.346815e-003
889 3.942575e-004 1.962176e-002
890 3.247885e-004 1.294857e-002
891 7.811066e-004 3.609117e-002
892 1.941079e-003 5.837753e-002
893 4.090192e-005 4.946329e-003
894 2.056665e-005 3.132518e-003
895 5.162033e-005 5.170970e-003
896 1.077885e-004 9.282888e-003
897 1.199258e-003 3.849750e-002
898 1.520455e-004 1.190829e-002
899 4.154688e-004 4.753774e-002
900 7.946429e-005 4.817734e-003
901 1.947835e-005 3.458211e-003
902 4.114414e-005 6.503508e-003
903 1.673861e-005 5.730420e-003
904 4.177960e-004 6.899861e-002
905 8.131665e-005 1.316383e-002
906 1.619542e-004 3.042892e-002
907 1.742101e-003 1.482746e-001
908 1.757517e-005 2.438752e-003
909 1.744312e-005 2.805516e-003
910 2.133073e-006 1.532129e-003
911 7.139389e-005 3.705726e-003
912 2.607435e-005 2.847132e-003
913 1.161000e-005 1.556224e-003
914 3.076206e-005 4.152481e-003
915 1.778260e-005 2.461849e-003
916 2.476411e-004 2.360298e-002
917 4.445075e-006 2.028241e-003
918 3.684864e-006 1.698634e-003
919 1.114943e-006 1.371933e-003
920 9.443895e-006 1.971021e-003
921 2.401104e-007 1.049658e-003
922 7.456982e-007 1.367215e-003
923 1.918688e-005 1.699284e-002
924 3.213052e-005 7.813921e-003
925 5.931637e-007 1.023829e-003
926 1.713828e-005 5.493037e-003
927 1.794588e-006 1.256005e-003
928 3.785378e-005 2.642752e-003
929 1.186356e-004 4.392849e-003
930 2.424753e-005 2.139986e-003
931 1.200042e-005 3.007023e-003
932 5.979595e-007 1.460722e-003
933 4.783565e-006 1.386006e-003
934 6.839556e-006 3.127284e-003
935 2.452223e-006 1.521498e-003
936 4.944383e-007 1.140160e-003
937 3.646986e-006 1.893517e-003
938 1.422771e-006 1.646067e-003
939 1.078482e-005 2.054714e-003
940 1.228613e-005 1.802157e-003
941 4.256724e-006 3.095186e-003
942 2.289010e-006 1.532583e-003
943 3.260980e-006 1.355200e-003
944 9.037532e-006 2.189313e-003
945 6.427401e-006 2.096731e-003
946 1.582977e-005 3.211781e-003
947 4.907530e-005 2.830554e-002
948 1.052001e-005 6.615757e-003
949 2.791803e-005 9.895160e-003
950 2.411121e-005 7.557740e-003
951 4.499045e-005 1.514975e-002
952 8.576688e-005 1.096112e-002
953 1.448754e-005 8.171446e-003
954 1.911641e-006 2.962296e-003
955 2.762792e-004 2.472798e-002
956 3.079465e-006 2.981300e-003
957 9.378463e-006 7.906306e-003
958 1.428203e-005 6.453169e-003
959 1.094536e-004 3.604721e-002
960 4.808358e-005 1.783421e-002
961 2.102643e-005 7.841996e-003
962 2.852004e-005 1.144839e-002
963 6.202589e-006 3.650981e-003
964 1.174260e-004 2.753232e-002
965 3.959843e-006 5.300949e-003
966 5.611731e-004 7.891700e-002
967 2.749456e-004 3.413152e-002
968 1.308624e-005 3.699787e-003
969 5.384469e-005 6.517329e-003
970 4.502075e-005 1.559398e-002
971 3.002949e-006 2.848723e-003
972 4.914771e-006 6.743309e-003
973 2.404004e-005 8.639324e-003
974 2.451214e-006 3.178976e-003
975 8.418956e-006 6.168492e-003
976 7.133557e-004 3.571258e-002
977 3.559330e-005 4.615881e-003
978 2.302930e-005 3.699421e-003
979 1.245737e-006 2.636834e-003
980 2.012269e-007 1.205634e-003
981 3.625410e-006 3.609539e-003
982 1.429394e-005 4.507871e-003
983 2.900014e-006 2.394185e-003
984 8.845223e-006 3.806201e-003
985 3.295243e-006 2.969186e-003
986 5.095744e-006 3.043603e-003
987 1.911015e-006 1.191844e-003
988 4.119403e-006 2.000397e-003
989 1.974750e-005 5.372134e-003
990 8.406682e-006 3.009150e-003
991 1.139337e-005 4.910871e-003
992 1.641099e-006 2.043979e-003
993 1.702436e-006 2.181632e-003
994 6.489533e-007 2.062393e-003
995 4.079405e-006 2.237692e-003
996 2.018827e-006 2.734754e-003
997 6.000184e-005 7.229887e-003
998 2.154929e-005 3.057158e-003
999 1.320051e-005 2.716800e-003
1000 5.476737e-006 1.492465e-003
1001 2.256036e-006 1.480564e-003
1002 8.959600e-006 3.661299e-003
1003 3.743581e-006 1.610539e-003
1004 9.098010e-006 3.303383e-003
1005 3.126322e-006 2.571328e-003
1006 1.718613e-005 3.394034e-003
1007 2.002421e-006 2.788808e-003
1008 7.029808e-006 2.276560e-003
1009 1.321965e-005 3.217704e-003
1010 2.884338e-006 2.534989e-003
1011 8.497233e-006 3.099653e-003
1012 5.073079e-006 2.865799e-003
1013 6.240287e-007 2.009841e-003
1014 8.345832e-006 2.914154e-003
1015 7.025358e-007 2.081748e-003
1016 2.068539e-006 1.481323e-003
1017 2.062704e-006 1.511796e-003
1018 1.710056e-006 2.422559e-003
1019 8.852772e-006 3.878953e-003
1020 1.321111e-006 1.611797e-003
1021 1.141276e-005 2.385919e-003
1022 6.576041e-007 1.107181e-003
1023 3.478636e-006 1.643401e-003
1024 8.047304e-007 1.370694e-003
1025 2.408935e-006 2.082951e-003
1026 8.832027e-004 2.380365e-001
1027 3.618219e-004 3.972853e-002
1028 8.364924e-004 4.235533e-002
1029 2.119080e-004 2.703406e-002
1030 1.221155e-003 7.370287e-002
1031 7.881998e-004 1.223329e-001
1032 2.780853e-005 6.011788e-003
1033 2.810134e-005 1.348633e-002
1034 4.076542e-004 5.501746e-002
1035 7.174681e-006 3.386142e-003
1036 1.272852e-005 8.130137e-003
1037 6.906150e-005 1.716572e-002
1038 1.834449e-006 2.730725e-003
1039 4.640915e-005 9.599123e-003
1040 1.953412e-005 7.802646e-003
1041 5.182089e-005 2.356345e-002
1042 1.827545e-005 9.712181e-003
1043 4.984053e-005 1.225542e-002
1044 8.644635e-005 1.514252e-002
1045 2.523234e-005 6.810574e-003
1046 8.952056e-005 1.769658e-002
1047 4.857393e-004 3.084732e-002
1048 8.638548e-005 3.235896e-002
1049 3.008073e-005 7.672705e-003
1050 9.052193e-004 8.568533e-002
1051 1.441250e-004 5.680068e-002
1052 1.727190e-007 1.209613e-003
1053 3.504897e-007 1.779261e-003
1054 5.244307e-005 1.870020e-002
1055 3.103640e-007 1.536143e-003
1056 6.555049e-006 4.509859e-003
1057 2.326021e-006 2.044879e-003
1058 6.469124e-007 1.967460e-003
1059 1.336108e-007 1.026022e-003
1060 1.345790e-007 9.518311e-004
1061 6.025358e-006 2.410709e-003
1062 2.149206e-006 1.728828e-003
1063 8.723219e-006 3.363555e-003
1064 2.581512e-004 1.630532e-002
1065 5.783021e-005 9.931924e-003
1066 3.232139e-007 1.566069e-003
1067 7.465624e-008 1.437929e-003
1068 1.083124e-007 1.462355e-003
1069 2.221562e-007 1.608604e-003
1070 2.097549e-005 1.296884e-002
1071 6.874115e-006 4.762716e-003
1072 4.708895e-006 2.597738e-003
1073 6.600000e-005 1.076079e-002
1074 5.193571e-007 1.034621e-003
1075 1.020089e-004 1.370463e-002
1076 2.031549e-005 3.378350e-003
1077 5.420712e-005 8.549774e-003
1078 9.349427e-007 1.597014e-003
1079 1.120726e-005 5.181849e-003
1080 5.079533e-007 1.543099e-003
1081 2.150201e-007 1.454981e-003
1082 5.142949e-007 1.467319e-003
1083 1.568939e-006 1.744688e-003
1084 1.188650e-007 1.222222e-003
1085 3.400918e-006 3.907254e-003
1086 1.855577e-007 1.227824e-003
1087 4.636523e-007 1.349444e-003
1088 1.117636e-006 4.657334e-003
1089 1.129182e-007 1.227864e-003
1090 6.756823e-008 1.192719e-003
1091 1.188650e-007 1.222222e-003
1092 2.212887e-003 2.134225e-001
1093 2.579662e-005 1.791223e-002
1094 2.458308e-005 1.293764e-002
1095 2.304141e-006 1.531875e-003
1096 8.156202e-007 1.446728e-003
1097 2.220968e-005 4.197663e-003
1098 2.154468e-005 5.147265e-003
1099 4.983612e-006 3.050441e-003
1100 1.075112e-005 2.275510e-003
1101 1.756589e-005 2.665803e-003
1102 7.366110e-006 2.494762e-003
1103 9.943034e-006 2.161095e-003
1104 4.170533e-004 2.542088e-002
1105 8.705377e-007 1.490252e-003
1106 1.797778e-006 2.172275e-003
1107 3.086216e-006 2.958487e-003
1108 2.474749e-006 1.617790e-003
1109 2.559662e-006 1.940099e-003
1110 7.764105e-006 4.368148e-003
1111 7.985907e-006 3.580479e-003
1112 1.151821e-004 1.375321e-002
1113 5.753521e-005 8.510266e-003
1114 1.742519e-006 1.947777e-003
1115 6.647816e-005 1.137151e-002
1116 9.194231e-007 1.458190e-003
1117 5.420982e-007 1.563741e-003
1118 2.076320e-005 4.458729e-003
1119 6.300020e-005 1.079352e-002
1120 7.844189e-006 3.336956e-003
1121 1.901182e-005 4.237264e-003
1122 6.560682e-006 2.949356e-003
1123 3.881841e-006 1.996613e-003
1124 3.076586e-006 2.812025e-003
1125 7.382795e-006 2.670241e-003
1126 7.352389e-006 3.345549e-003
1127 4.382233e-006 2.461543e-003
1128 1.108941e-005 2.683532e-003
1129 9.537898e-006 2.320892e-003
1130 7.422761e-006 3.330158e-003
1131 3.551449e-004 1.887587e-002
1132 6.339442e-004 8.635350e-002
1133 3.331117e-004 3.097260e-002
1134 8.372869e-005 6.347601e-003
1135 9.573998e-006 1.803783e-003
1136 2.714531e-005 2.594781e-003
1137 2.291302e-005 3.858868e-003
1138 3.171477e-005 3.983801e-003
1139 1.638477e-005 4.338212e-003
1140 8.709622e-004 1.063857e-001
1141 8.880834e-005 1.112282e-002
1142 3.900302e-005 4.856327e-003
1143 2.501613e-005 4.619967e-003
1144 2.014412e-004 2.527278e-002
1145 4.587771e-005 7.280978e-003
1146 3.480564e-004 3.806121e-002
1147 2.200842e-004 2.962266e-002
1148 7.084878e-005 7.842038e-003
1149 6.644843e-005 6.188150e-003
1150 5.259299e-005 5.825611e-003
1151 8.006973e-005 5.259398e-003
1152 3.348955e-005 4.531350e-003
1153 2.003691e-005 3.447346e-003
1154 2.197020e-005 4.880428e-003
1155 1.797390e-005 3.125093e-003
1156 3.946458e-005 1.352827e-002
1157 2.133022e-004 2.640538e-002
1158 4.638021e-005 1.125901e-002
1159 6.494650e-004 6.299878e-002
1160 6.315314e-005 6.082870e-003
1161 2.640485e-005 5.055679e-003
1162 2.412676e-004 1.957614e-002
1163 6.437692e-004 3.544230e-002
1164 1.011065e-004 7.737684e-003
1165 6.033516e-005 5.108302e-003
1166 1.427955e-004 2.477439e-002
1167 2.269018e-004 1.389410e-002
1168 1.005235e-004 6.468352e-003
1169 3.674075e-004 1.970228e-002
1170 1.503988e-004 1.648718e-002
1171 6.315314e-005 6.082870e-003
1172 1.670944e-004 1.355315e-002
1173 5.832100e-004 5.705131e-002
1174 4.867406e-004 4.432356e-002
1175 1.694925e-004 2.249260e-002
1176 6.074868e-003 5.266310e-001
1177 2.444228e-006 3.010677e-003
1178 1.083256e-004 1.562825e-002
1179 9.100393e-005 1.906343e-002
1180 4.701230e-005 1.646641e-002
1181 6.721208e-005 1.197634e-002
1182 7.225396e-005 1.670238e-002
1183 7.350347e-005 1.348567e-002
1184 1.898639e-004 3.382830e-002
1185 4.228597e-004 4.982685e-002
1186 5.140128e-005 1.247506e-002
1187 1.604420e-005 6.300387e-003
1188 2.870521e-005 8.738509e-003
1189 9.067150e-005 1.593491e-002
1190 4.785243e-004 4.380014e-002
1191 3.530327e-005 1.091405e-002
1192 3.642261e-004 2.900281e-002
1193 4.173601e-005 2.162073e-002
1194 7.215683e-004 4.715112e-002
1195 2.291620e-004 2.064113e-002
1196 3.489333e-004 2.128600e-002
1197 7.565139e-005 1.225094e-002
1198 9.217199e-005 2.075604e-002
1199 2.042653e-004 1.959452e-002
1200 5.864171e-004 3.093825e-002
1201 1.480629e-004 1.984755e-002
1202 1.386620e-005 1.164855e-002
1203 3.894173e-004 2.794775e-002
1204 2.368615e-004 3.328947e-002
1205 8.247316e-006 4.436834e-003
1206 3.916415e-005 1.321201e-002
1207 2.306170e-006 3.518665e-003
1208 1.355943e-004 2.619516e-002
1209 8.976458e-006 7.532284e-003
1210 3.015680e-005 7.286499e-003
1211 1.083893e-005 3.203167e-003
1212 1.150984e-005 2.982613e-003
1213 1.855115e-005 6.673297e-003
1214 2.051308e-005 7.515893e-003
1215 1.141640e-004 2.705829e-002
1216 2.117241e-006 4.158200e-003
1217 1.635302e-003 7.677808e-002
1218 1.076963e-005 5.573482e-003
1219 1.057704e-006 1.129567e-003
1220 3.093234e-006 3.187662e-003
1221 2.027212e-005 2.514204e-003
1222 7.831680e-004 6.532811e-002
1223 1.561829e-006 1.964749e-003
1224 2.053677e-006 1.807920e-003
1225 3.739877e-004 2.309567e-002
1226 6.293408e-007 2.241492e-003
1227 2.125153e-003 1.192466e-001
1228 4.991905e-005 4.059979e-003
1229 1.870117e-006 1.194580e-003
1230 4.289330e-006 2.315666e-003
1231 2.062555e-006 1.478219e-003
1232 9.491951e-007 1.978319e-003
1233 2.472704e-006 2.177632e-003
1234 3.220878e-006 2.922577e-003
1235 2.803891e-006 2.421021e-003
1236 4.496247e-006 2.508704e-003
1237 2.635843e-006 2.307916e-003
1238 7.491129e-006 2.814122e-003
1239 1.575433e-006 2.190305e-003
1240 4.444186e-003 2.496869e-001
1241 1.097763e-005 4.031868e-003
1242 2.524853e-006 2.381717e-003
1243 7.069128e-006 2.668492e-003
1244 2.446485e-006 2.207163e-003
1245 4.417157e-006 2.459141e-003
1246 4.194707e-006 2.289929e-003
1247 1.710402e-005 9.630309e-003
1248 1.148864e-004 2.480825e-002
1249 1.257428e-005 9.438266e-003
1250 3.214103e-005 1.188333e-002
1251 2.010954e-005 1.299312e-002
1252 3.334690e-005 1.462414e-002
1253 4.760029e-005 1.232957e-002
1254 2.489616e-005 7.006208e-003
1255 2.768462e-003 1.080997e-001
1256 1.370858e-005 4.753270e-003
1257 3.832983e-003 1.949820e-001
1258 8.142793e-004 2.711179e-002
1259 9.050971e-004 5.869025e-002
1260 4.179768e-005 1.185839e-002
1261 9.629918e-007 1.759382e-003
1262 2.358222e-004 2.229516e-002
1263 5.666234e-006 3.450637e-003
1264 5.338593e-005 2.481171e-002
1265 7.443628e-007 2.785856e-003
1266 1.020742e-005 5.866737e-003
1267 2.116677e-007 1.920777e-003
1268 8.305312e-006 4.586458e-003
1269 1.810405e-004 3.031666e-002
1270 8.758852e-005 1.576609e-002
1271 1.932753e-005 7.459061e-003
1272 2.703565e-006 2.917555e-003
1273 2.738140e-005 3.130952e-003
1274 3.551648e-005 1.518453e-002
1275 2.413640e-004 2.498969e-002
1276 1.992794e-004 3.488057e-002
1277 1.827957e-004 5.216967e-002
1278 3.589080e-004 4.125534e-002
1279 1.053746e-005 3.701069e-003
1280 4.833821e-006 6.999545e-003
1281 5.951279e-006 8.139814e-003
1282 3.968697e-005 1.241604e-002
1283 2.769814e-005 9.141414e-003
1284 2.732652e-004 3.623594e-002
1285 4.461855e-005 8.927566e-003
1286 2.467258e-004 2.297001e-002
1287 4.754876e-005 5.018423e-003
1288 4.169402e-004 6.132756e-002
1289 1.360700e-004 1.018869e-001
1290 2.134273e-006 1.690874e-003
1291 9.552793e-005 1.154100e-002
1292 2.588605e-005 4.625857e-003
1293 2.000248e-003 5.986108e-002
1294 1.811369e-006 2.273808e-003
1295 9.360661e-005 7.111728e-003
1296 2.235571e-004 9.326233e-003
1297 1.062899e-003 7.682573e-002
1298 4.165211e-004 5.023733e-002
1299 6.746019e-005 7.439304e-003
1300 9.743867e-004 9.027094e-002
1301 9.600985e-006 2.543941e-003
1302 2.734324e-005 3.002803e-003
1303 2.781429e-005 1.251780e-002
1304 1.245714e-004 1.831061e-002
1305 6.333403e-005 1.078207e-002
1306 2.197758e-005 9.704900e-003
1307 5.324943e-005 9.185693e-003
1308 8.919797e-006 9.265961e-003
1309 6.956784e-004 2.542324e-002
1310 7.706705e-004 6.170033e-002
1311 1.400894e-004 2.500275e-002
1312 4.129242e-003 1.352835e-001
1313 4.938708e-006 3.454710e-003
1314 1.015761e-004 1.049415e-002
1315 1.989548e-005 5.569099e-003
1316 1.055900e-006 4.943862e-003
1317 1.874512e-006 3.371997e-003
1318 1.355420e-006 1.884602e-003
1319 1.526488e-006 2.428703e-003
1320 7.921962e-007 4.274241e-003
1321 1.987179e-006 3.955143e-003
1322 4.886429e-007 1.518631e-003
1323 4.755116e-005 1.102253e-002
1324 1.644351e-006 1.985037e-003
1325 1.097344e-005 5.719651e-003
1326 6.027032e-005 5.820483e-003
1327 3.002994e-005 6.825982e-003
1328 1.656101e-005 3.439436e-003
1329 4.985432e-007 2.759807e-003
1330 8.512506e-005 6.944951e-003
1331 1.133193e-003 4.493065e-002
1332 1.634895e-003 6.718840e-002
1333 1.310661e-004 1.456387e-002
1334 4.698749e-005 1.907372e-002
1335 1.090629e-005 7.366584e-003
1336 1.018013e-005 6.400247e-003
1337 2.348428e-005 3.261443e-003
1338 3.728486e-005 6.220082e-003
1339 1.050966e-004 2.238422e-002
1340 1.833382e-005 8.892620e-003
1341 7.327357e-005 5.271575e-003
1342 1.092122e-006 1.590863e-003
1343 2.778345e-004 5.057433e-002
1344 3.109118e-006 4.811365e-003
1345 3.430927e-004 6.685971e-002
1346 6.078627e-005 1.903739e-002
1347 9.331872e-005 2.533390e-002
1348 3.608522e-005 1.474948e-002
1349 4.470646e-005 1.128117e-002
1350 5.606763e-004 6.772190e-002
1351 1.545231e-003 1.266100e-001
1352 7.523342e-004 3.846781e-002
1353 3.111776e-007 3.222313e-003
1354 1.186494e-006 2.816275e-003
1355 3.816600e-005 2.550285e-002
1356 4.468260e-007 4.306168e-003
1357 7.319955e-006 4.954980e-003
1358 4.921785e-004 3.044964e-002
1359 2.900638e-005 1.967713e-002
1360 4.681485e-006 1.758863e-003
1361 3.646089e-005 7.913146e-003
1362 1.006631e-005 2.702827e-003
1363 3.258861e-007 1.339677e-003
1364 2.550049e-006 1.215613e-003
1365 2.474240e-006 1.859842e-003
1366 1.233480e-005 6.692216e-003
1367 1.836813e-004 1.678371e-002
1368 6.610121e-006 2.802148e-003
1369 4.569235e-006 2.125096e-003
1370 6.156537e-007 1.092423e-003
1371 1.381692e-006 1.542146e-003
1372 1.346273e-006 1.074331e-003
1373 1.007748e-006 1.953343e-003
1374 4.729104e-006 3.110673e-003
1375 1.285456e-004 3.937436e-002
1376 8.431633e-006 2.260902e-003
1377 3.853564e-005 6.580173e-003
1378 2.364349e-005 8.397201e-003
1379 1.110690e-004 1.537251e-002
1380 5.152805e-005 2.537829e-002
1381 3.970725e-005 2.079983e-002
1382 7.821725e-006 1.973378e-003
1383 8.825473e-006 2.451121e-003
1384 8.809638e-004 5.770022e-002
1385 7.385555e-005 1.120460e-002
1386 3.894237e-004 2.823944e-002
1387 1.953826e-003 6.322492e-002
1388 1.343992e-003 8.088757e-002
1389 1.031416e-005 4.941629e-003
1390 4.711496e-004 3.492657e-002
1391 1.005012e-004 7.064829e-003
1392 4.505620e-005 1.509597e-002
1393 4.071266e-006 2.704641e-003
1394 3.106460e-005 8.297092e-003
1395 2.022410e-004 2.375705e-002
1396 4.092729e-005 4.253375e-003
1397 2.161129e-005 2.300552e-003
1398 1.328177e-003 5.612321e-002
1399 3.710993e-005 6.049571e-003
1400 2.760880e-005 3.489535e-003
1401 1.058120e-004 1.987815e-002
1402 4.166140e-006 2.703063e-003
1403 2.465378e-006 2.016414e-003
1404 1.201617e-004 2.549257e-002
1405 3.949613e-006 1.918076e-003
1406 2.421385e-005 5.455671e-003
1407 1.124572e-005 2.377256e-003
1408 4.233369e-006 2.282147e-003
1409 3.867509e-005 7.084477e-003
1410 2.597572e-004 1.041966e-002
1411 1.043810e-003 1.245746e-001
1412 2.368247e-004 4.257514e-002
1413 3.645302e-006 2.061641e-003
1414 5.051267e-003 9.682775e-002
1415 2.791455e-006 2.966130e-003
1416 1.178288e-005 3.457882e-003
1417 6.091439e-006 2.327756e-003
1418 1.146420e-005 3.037616e-003
1419 6.717116e-004 2.537661e-002
1420 8.260716e-004 4.097362e-002
1421 1.325173e-003 6.742941e-002
1422 7.519022e-005 9.009237e-003
1423 5.426924e-004 7.772104e-002
1424 1.817399e-005 8.753765e-003
1425 4.487824e-003 1.555154e-001
1426 7.854053e-004 6.949329e-002
1427 1.600225e-004 2.332917e-002
1428 2.207070e-005 2.208564e-003
1429 1.932318e-005 7.453492e-003
1430 1.917864e-004 2.359364e-002
1431 1.397559e-004 2.767222e-002
1432 4.569853e-005 1.050058e-002
1433 2.719634e-005 7.302129e-003
1434 1.484533e-004 3.001250e-002
1435 2.438036e-004 2.489258e-002
1436 1.976077e-003 1.025092e-001
1437 3.011861e-005 3.370364e-003
1438 3.123096e-005 3.273038e-003
1439 2.919979e-003 2.712587e-001
1440 1.173178e-004 2.040797e-002
1441 1.204095e-003 1.191583e-001
1442 1.261584e-006 2.128977e-003
1443 1.339714e-004 2.403875e-002
1444 9.773984e-005 3.042181e-002
1445 3.527796e-004 2.703257e-002
1446 6.635581e-006 5.467711e-003
1447 1.078430e-005 3.578254e-003
1448 2.507232e-005 8.002771e-003
1449 1.046857e-004 1.462414e-002
1450 4.656348e-004 2.482622e-002
1451 4.459704e-006 1.670414e-003
1452 6.002603e-005 1.138307e-002
1453 2.469303e-006 1.670688e-003
1454 2.444643e-005 1.156716e-002
1455 5.636670e-006 4.343783e-003
1456 5.764818e-005 5.683471e-003
1457 1.373144e-005 4.745860e-003
1458 4.192946e-007 2.838001e-003
1459 2.837194e-005 4.410557e-003
1460 5.881603e-006 4.351087e-003
1461 5.321619e-006 7.226500e-003
1462 7.246797e-006 7.446496e-003
1463 1.226482e-004 1.538350e-002
1464 2.749361e-003 1.764335e-001
1465 1.985284e-003 6.861553e-002
1466 4.287420e-004 1.047597e-001
1467 5.174735e-005 1.989704e-002
1468 1.704960e-003 9.079971e-002
1469 9.540706e-004 1.111864e-001
1470 3.381077e-005 6.865157e-003
1471 2.776990e-005 1.104011e-002
1472 2.244873e-004 2.848956e-002
1473 4.661028e-006 2.840652e-003
1474 9.418770e-006 1.208684e-002
1475 5.292660e-006 4.278410e-003
1476 1.349710e-005 3.775422e-003
1477 2.355527e-003 5.114630e-002
1478 2.129780e-005 1.859420e-002
1479 3.590303e-004 3.438648e-002
1480 7.205157e-004 3.628804e-002
1481 2.650046e-004 2.024325e-002
1482 3.899089e-004 3.800613e-002
1483 1.045793e-005 6.118435e-003
1484 4.949306e-006 4.846411e-003
1485 8.546094e-006 4.644825e-003
1486 2.952172e-004 3.626117e-002
1487 3.173314e-005 3.739136e-003
1488 4.689337e-005 7.726520e-003
1489 4.697689e-006 2.919722e-003
1490 5.827512e-006 3.692768e-003
1491 3.008751e-004 6.176873e-002
1492 4.450254e-005 7.040646e-003
1493 9.700880e-006 2.478309e-003
1494 3.455189e-005 1.018407e-002
1495 3.830077e-004 3.465794e-002
1496 2.867012e-005 2.018344e-003
1497 2.151758e-004 2.867214e-002
1498 1.387065e-003 9.943494e-002
1499 1.924753e-005 2.902184e-003
1500 3.545561e-005 7.246353e-003
1501 3.183559e-004 3.018162e-002
1502 2.744587e-004 2.739532e-002
1503 3.924933e-005 1.098033e-002
1504 7.806944e-004 1.120604e-001
1505 1.140327e-004 5.479823e-002
1506 1.811960e-006 1.504164e-003
1507 2.089736e-004 2.844008e-002
1508 3.071122e-003 3.193335e-001
1509 5.879040e-006 2.827488e-003
1510 3.114551e-006 3.152632e-003
1511 7.784971e-005 1.531507e-002
1512 3.494870e-007 1.021654e-003
1513 1.198950e-004 1.177431e-002
1514 2.222462e-005 4.690799e-003
1515 2.369541e-005 7.066692e-003
1516 5.066386e-004 3.433185e-002
1517 8.911577e-005 7.290622e-003
1518 1.955602e-004 5.435784e-002
1519 4.994322e-007 1.754765e-003
1520 2.497851e-004 1.763011e-002
1521 2.616594e-006 2.161191e-003
1522 5.546720e-006 4.020644e-003
1523 1.333137e-005 4.150006e-003
1524 1.614867e-003 4.565504e-002
1525 8.757721e-005 1.086028e-002
1526 1.684560e-004 1.508170e-002
1527 7.452671e-005 1.053130e-002
1528 7.235646e-006 5.630751e-003
1529 5.521546e-005 1.089360e-002
1530 2.667583e-005 5.734394e-003
1531 2.224689e-004 4.275128e-002
1532 1.304112e-005 7.058975e-003
1533 3.370498e-004 4.779041e-002
1534 7.523213e-004 8.815922e-002
1535 8.096534e-004 1.853528e-001
1536 1.093637e-003 1.477561e-001
1537 1.237575e-005 7.035650e-003
1538 6.418248e-004 1.644171e-001
1539 6.295900e-005 1.438681e-002
1540 2.938945e-005 4.522152e-002
1541 2.049238e-003 1.271379e-001
1542 4.730110e-003 1.810918e-001
1543 3.127900e-006 5.190470e-003
1544 3.464412e-005 1.358102e-002
1545 1.202898e-006 3.593462e-003
1546 1.059327e-004 1.025117e-002
1547 2.824784e-004 1.996623e-002
1548 4.323840e-005 3.851225e-002
1549 1.744178e-006 2.563351e-003
1550 3.437704e-004 1.428402e-002
1551 1.296458e-004 1.338977e-002
1552 1.139092e-006 1.255192e-003
1553 6.325664e-006 2.980683e-003
1554 3.995610e-004 6.321621e-002
1555 2.457482e-004 8.694602e-002
1556 1.405537e-004 2.090734e-002
1557 6.575992e-004 5.394306e-002
1558 1.274926e-003 1.540717e-001
1559 7.817584e-004 1.610025e-002
1560 1.077065e-005 3.830786e-003
1561 2.391171e-004 1.076697e-002
1562 1.240829e-005 1.201660e-002
1563 1.381242e-005 2.557466e-003
1564 6.275411e-006 6.784355e-003
1565 6.181242e-005 2.615976e-002
1566 6.948845e-005 1.004869e-002
1567 1.309998e-005 3.757619e-003
1568 1.074122e-005 2.369340e-003
1569 4.501969e-005 9.127186e-003
1570 9.430521e-005 2.176192e-002
1571 2.241452e-004 2.273572e-002
1572 5.578300e-007 1.886908e-003
1573 5.830044e-004 4.940380e-002
1574 1.557952e-005 4.119768e-003
1575 6.698610e-005 1.347207e-002
1576 6.961168e-005 1.284443e-002
1577 1.072646e-003 7.805838e-002
1578 1.893715e-006 6.341697e-003
1579 1.140963e-004 1.444078e-002
1580 2.862117e-007 2.486486e-003
1581 2.372125e-006 3.466840e-003
1582 1.323726e-005 5.274300e-003
1583 2.078596e-004 2.889238e-002
1584 2.483169e-005 5.892851e-003
1585 5.785471e-004 1.119025e-001
1586 6.884517e-004 1.303557e-001
1587 3.389916e-004 7.223904e-002
1588 1.347846e-004 2.501614e-002
1589 9.702409e-004 5.114199e-002
1590 5.928497e-004 1.107402e-001
1591 6.564132e-004 3.356500e-002
1592 2.462355e-004 1.938289e-002
1593 9.357442e-004 3.570506e-002
1594 2.471112e-004 2.141338e-002
1595 5.033673e-005 1.092545e-002
1596 3.029504e-005 1.307666e-002
1597 9.222516e-005 1.281342e-002
1598 3.872181e-004 3.708641e-002
1599 9.738062e-006 2.336370e-003
1600 9.423447e-004 5.536393e-002
1601 1.697263e-006 1.249813e-003
1602 6.584391e-004 5.555992e-002
1603 5.920566e-006 2.093463e-003
1604 2.725593e-006 2.460170e-003
1605 6.763631e-005 1.284097e-002
1606 1.583880e-007 2.936734e-003
1607 5.400160e-007 1.934813e-003
1608 1.959052e-006 1.834273e-003
1609 5.457297e-005 5.657062e-003
1610 3.315382e-004 2.085616e-002
1611 2.004473e-007 1.879474e-003
1612 2.598244e-006 2.161699e-003
1613 1.556601e-006 2.168913e-003
1614 9.211282e-007 4.725298e-003
1615 6.765955e-004 6.512062e-002
1616 6.370458e-005 2.602326e-002
1617 3.288544e-004 2.107366e-002
1618 8.747866e-005 2.615231e-002
1619 2.576917e-003 1.879632e-001
1620 3.812802e-005 8.851209e-003
1621 3.888606e-004 5.820057e-002
1622 6.384836e-006 3.219530e-003
1623 7.873041e-005 3.718102e-002
1624 5.298505e-006 5.030164e-003
1625 8.070074e-007 1.648163e-003
1626 2.988747e-005 8.154117e-003
1627 1.918716e-005 4.364246e-003
1628 8.485050e-007 1.963126e-003
1629 4.929772e-004 2.671719e-002
1630 1.160318e-006 1.669137e-003
1631 1.756338e-005 6.492454e-003
1632 1.237186e-005 9.406221e-003
1633 1.390553e-004 2.012386e-002
1634 2.269231e-003 1.939004e-001
1635 3.231111e-004 2.971890e-002
1636 5.625592e-003 4.426860e-001
1637 9.372800e-004 6.263597e-002
1638 5.004930e-005 1.238507e-002
1639 2.950531e-003 1.858217e-001
1640 7.254664e-004 4.673904e-002
1641 8.913361e-004 1.454469e-001
1642 1.010872e-004 3.437039e-002
1643 1.001112e-004 1.808668e-002
1644 7.517203e-004 5.697933e-002
1645 9.903886e-007 1.557465e-003
1646 6.154561e-005 3.665983e-003
1647 2.944148e-003 1.313841e-001
1648 1.760767e-005 5.201000e-003
1649 2.231577e-004 9.455949e-003
1650 1.933352e-003 8.328687e-002
1651 7.611754e-006 1.297109e-003
1652 1.146026e-003 1.349396e-001
1653 1.131147e-003 9.068605e-002
1654 1.722998e-006 2.638071e-003
1655 1.128619e-005 4.747321e-003
1656 2.294618e-006 3.615013e-003
1657 4.289874e-007 1.236417e-003
1658 4.676737e-006 2.727978e-003
1659 1.966353e-005 4.665172e-003
1660 5.028648e-007 2.002933e-003
1661 1.434382e-004 2.757539e-002
1662 5.381455e-006 7.976151e-003
1663 2.906656e-005 1.431479e-002
1664 1.356119e-006 6.774986e-003
1665 7.161875e-005 7.703265e-003
1666 1.482714e-004 1.711083e-002
1667 2.141622e-004 3.192671e-002
1668 8.759963e-006 1.929470e-003
1669 2.654053e-006 4.398157e-003
1670 4.855545e-005 8.327151e-003
1671 6.385259e-006 4.085365e-003
1672 3.525353e-005 2.807286e-002
1673 1.582155e-004 1.303277e-002
1674 9.430484e-006 2.474200e-003
1675 5.495089e-005 4.099057e-003
1676 2.798489e-006 1.347870e-003
1677 2.483931e-005 9.685301e-003
1678 7.595143e-004 9.472404e-002
1679 3.401375e-005 9.984513e-003
1680 5.535471e-005 9.673492e-003
1681 2.686877e-004 1.527015e-002
1682 1.763024e-005 5.507259e-003
1683 3.381085e-005 1.163260e-002
1684 1.033633e-005 5.208715e-003
1685 1.022903e-006 2.194795e-003
1686 2.401869e-005 1.169569e-002
1687 1.373806e-005 4.768941e-003
1688 4.488621e-007 1.147158e-003
1689 4.959387e-005 3.027815e-002
1690 2.146502e-005 9.105165e-003
1691 1.684008e-004 3.274455e-002
1692 9.675701e-004 1.497449e-001
1693 1.168059e-003 5.904465e-002
1694 8.755681e-005 4.504839e-002
1695 2.689454e-005 6.683701e-003
1696 7.155509e-006 2.697450e-003
1697 8.660293e-006 6.006097e-003
1698 4.336964e-004 3.447520e-002
1699 6.411488e-005 1.311978e-002
1700 2.907399e-005 5.900651e-003
1701 2.494710e-005 7.114232e-003
1702 4.665579e-006 5.847657e-003
1703 1.878617e-005 1.138514e-002
1704 1.075321e-005 6.116276e-003
1705 1.941759e-003 8.710355e-002
1706 2.225698e-004 1.709722e-002
1707 5.394241e-006 2.738238e-003
1708 1.914357e-007 2.058280e-003
1709 1.201905e-006 5.366462e-003
1710 7.848690e-007 1.403734e-003
1711 1.921394e-006 1.040266e-002
1712 6.128259e-006 4.106076e-003
1713 3.712532e-006 4.297620e-003
1714 1.617399e-006 5.674597e-003
1715 4.405364e-006 4.146050e-003
1716 2.240651e-006 6.014874e-003
1717 3.057785e-007 2.189671e-003
1718 1.795850e-005 1.665003e-002
1719 2.367224e-007 1.979318e-003
1720 1.730776e-005 4.225604e-003
1721 8.816430e-007 1.517531e-003
1722 2.430681e-005 9.818427e-003
1723 6.152651e-008 1.299618e-003
1724 2.697887e-007 1.409878e-003
1725 1.403930e-006 1.849402e-003
1726 4.888221e-005 3.407599e-002
1727 5.186725e-006 1.005314e-002
1728 1.167799e-006 2.505859e-003
1729 1.706103e-005 7.004363e-003
1730 2.440310e-006 4.238227e-003
1731 2.460233e-006 3.117388e-003
1732 1.265781e-004 1.791571e-002
1733 7.281990e-004 1.270142e-001
1734 9.706668e-004 9.642160e-002
1735 7.011924e-004 5.124575e-002
1736 1.088866e-005 7.377274e-003
1737 1.978185e-005 6.656636e-003
1738 7.328697e-004 9.393941e-002
1739 3.121131e-004 1.733170e-002
1740 1.143574e-004 1.204144e-002
1741 2.258993e-007 1.325777e-003
1742 3.691279e-006 1.548888e-003
1743 4.115251e-006 3.917870e-003
1744 9.479914e-007 2.043175e-003
1745 1.010048e-006 2.184146e-003
1746 3.070777e-005 6.619477e-003
1747 2.137580e-005 1.964637e-002
1748 2.696820e-005 5.858750e-003
1749 1.781799e-005 5.321271e-003
1750 1.633049e-005 6.907973e-003
1751 5.997187e-006 3.684733e-003
1752 3.348503e-005 6.882165e-003
1753 9.445030e-004 5.161620e-002
1754 1.824964e-003 8.342804e-002
1755 4.023670e-004 6.162054e-002
1756 3.443916e-005 1.665325e-002
1757 1.154359e-004 4.560749e-002
1758 2.162038e-003 1.851322e-001
1759 4.870957e-004 9.646425e-002
1760 4.532800e-004 7.065051e-002
1761 1.406273e-003 1.862703e-001
1762 1.760533e-003 1.611017e-001
1763 7.671464e-004 1.027452e-001
1764 3.146492e-005 1.902436e-002
1765 8.265077e-005 2.654771e-002
1766 3.241984e-004 1.087258e-001
1767 1.057766e-004 1.919611e-002
1768 1.202266e-004 2.621673e-002
1769 4.732300e-004 7.635729e-002
1770 1.700905e-004 4.758030e-002
1771 9.234166e-004 5.351008e-002
1772 1.032114e-006 4.330238e-003
1773 7.569606e-003 3.270296e-001
1774 1.687090e-003 1.144191e-001
1775 3.339647e-003 4.120334e-001
1776 4.183647e-004 2.780179e-002
1777 1.850789e-004 3.056243e-002
1778 2.347497e-003 1.433086e-001
1779 2.936779e-004 4.048647e-002
1780 1.098962e-004 2.326431e-002
1781 1.539246e-004 1.844842e-002
1782 8.190217e-005 2.058660e-002
1783 6.985175e-004 1.113224e-001
1784 3.565265e-004 4.046835e-002
1785 6.828500e-004 6.427702e-002
1786 1.570601e-005 5.028360e-003
1787 6.745721e-005 8.414165e-003
1788 1.190653e-003 1.225565e-001
1789 3.051984e-004 8.072890e-002
1790 3.222349e-005 1.260909e-002
1791 3.825073e-004 1.155788e-001
1792 5.264149e-004 4.274167e-002
1793 1.002522e-004 3.250025e-002
1794 7.652270e-005 1.370009e-002
1795 6.481280e-005 1.986343e-002
1796 1.614777e-004 6.879577e-002
1797 3.808054e-004 7.574278e-002
1798 7.977645e-005 3.954212e-002
1799 2.330116e-005 1.407790e-002
1800 2.403420e-004 7.875374e-002
1801 5.857557e-005 1.694557e-002
1802 1.923397e-004 4.597007e-002
1803 2.915671e-004 4.209006e-002
1804 1.131366e-003 6.394678e-002
1805 2.904944e-004 3.366979e-002
1806 3.393286e-004 4.774345e-002
1807 9.830674e-005 1.791571e-002
1808 8.547988e-004 1.008642e-001
1809 1.829615e-005 1.922337e-002
1810 3.488223e-006 8.912050e-003
1811 6.463784e-006 9.954898e-003
1812 1.002789e-004 1.389363e-002
1813 2.466728e-005 6.048574e-003
1814 6.952168e-005 1.931533e-002
1815 1.398234e-004 4.242397e-002
1816 2.037709e-004 1.440779e-002
1817 3.771372e-004 4.079097e-002
1818 8.980641e-005 3.916901e-002
1819 1.866832e-003 9.137643e-002
1820 5.848614e-004 3.415638e-002
1821 5.232771e-005 1.372918e-002
1822 6.037283e-005 1.581905e-002
1823 2.068462e-004 4.010326e-002
1824 1.722029e-004 2.024854e-002
1825 2.584590e-003 1.298545e-001
1826 1.283523e-004 2.727917e-002
1827 4.330216e-005 9.772329e-003
1828 6.134352e-005 1.327325e-002
1829 2.649046e-005 1.298475e-002
1830 1.857801e-003 1.889943e-001
1831 1.936898e-005 7.220579e-003
1832 5.670822e-005 2.699310e-002
1833 9.318199e-006 1.058422e-002
1834 5.679232e-005 1.112775e-002
1835 3.590220e-006 8.372664e-003
1836 1.659440e-006 5.101428e-003
1837 2.389768e-004 2.442975e-002
1838 6.267270e-005 1.967194e-002
1839 1.200234e-004 3.847172e-002
1840 5.211683e-004 4.060758e-002
1841 1.286140e-004 2.663895e-002
1842 6.167986e-005 1.751394e-002
1843 5.435616e-005 1.199848e-002
1844 4.675994e-005 1.689028e-002
1845 2.558148e-005 1.163120e-002
1846 1.321540e-005 6.818683e-003
1847 2.366079e-005 8.419421e-003
1848 2.578738e-005 1.136014e-002
1849 4.798352e-005 1.228029e-002
1850 7.826419e-005 8.628496e-003
1851 2.544972e-005 4.662179e-003
1852 4.657493e-006 4.154280e-003
1853 2.692829e-005 3.627586e-003
1854 5.835608e-004 2.166381e-002
1855 4.872700e-004 1.705609e-002
1856 7.941743e-004 3.975625e-002
1857 6.245330e-004 2.898794e-002
1858 8.915136e-004 2.634480e-002
1859 2.896239e-005 4.328078e-003
1860 4.274707e-004 2.748432e-002
1861 1.274500e-005 7.480862e-003
1862 3.669012e-005 7.221914e-003
1863 8.061620e-005 2.135869e-002
1864 1.130072e-003 4.853358e-002
1865 1.288521e-004 3.733874e-002
1866 1.818852e-004 2.833720e-002
1867 2.117148e-005 8.669953e-003
1868 3.677221e-006 9.546234e-003
1869 1.221330e-005 6.204113e-003
1870 6.236733e-005 1.352339e-002
1871 5.819668e-004 5.596579e-002
1872 3.689856e-004 7.831610e-002
1873 2.791387e-005 1.191153e-002
1874 3.833213e-004 4.858942e-002
1875 8.426455e-005 2.711607e-002
1876 3.017154e-006 5.460672e-003
1877 4.651673e-005 1.270409e-002
1878 5.077864e-006 6.312132e-003
1879 5.916055e-005 2.033229e-002
1880 1.600459e-005 1.104033e-002
1881 2.749056e-003 1.158020e-001
1882 3.297438e-004 4.471086e-002
1883 2.813749e-004 3.699496e-002
1884 6.703367e-004 2.982566e-002
1885 4.436332e-004 1.516695e-002
1886 6.962265e-004 2.959247e-002
1887 5.300588e-006 7.639169e-003
1888 2.688502e-005 1.527723e-002
1889 8.493690e-006 7.798521e-003
1890 2.401356e-006 5.434883e-003
1891 9.719178e-006 5.082637e-003
1892 1.068781e-005 5.653952e-003
1893 9.656559e-006 2.164859e-002
1894 2.299870e-004 3.265517e-002
1895 6.442795e-005 1.486711e-002
1896 4.192533e-006 4.845466e-003
1897 1.981359e-006 3.580241e-003
1898 6.817324e-006 3.340583e-003
1899 1.555170e-004 1.396312e-002
1900 6.623256e-005 1.577402e-002
1901 3.561681e-007 1.729285e-003
1902 2.017500e-004 3.234867e-002
1903 8.102158e-004 1.178138e-001
1904 5.736585e-005 1.318357e-002
1905 1.415085e-004 1.542093e-002
1906 1.616420e-003 1.829952e-001
1907 1.313577e-005 6.968418e-003
1908 3.106327e-005 7.079113e-003
1909 4.025435e-006 5.252729e-003
1910 1.636539e-004 1.630158e-002
1911 2.458377e-005 1.146449e-002
1912 2.354060e-004 3.025013e-002
1913 1.566665e-004 5.565982e-002
1914 2.102831e-004 3.232107e-002
1915 1.403590e-003 1.378070e-001
1916 7.386350e-004 5.682124e-002
1917 8.705046e-004 5.394401e-002
1918 3.505053e-004 3.158102e-002
1919 3.410263e-004 1.000362e-001
1920 4.461524e-004 4.412150e-002
1921 1.153725e-004 2.472699e-002
1922 9.675569e-004 9.692578e-002
1923 8.731239e-004 4.069874e-002
1924 1.038078e-003 1.056892e-001
1925 6.527693e-004 4.649222e-002
1926 2.106728e-004 1.894560e-002
1927 4.024047e-004 3.238816e-002
1928 2.550088e-003 1.324613e-001
1929 1.265970e-004 3.198979e-002
1930 3.054042e-005 4.998747e-003
1931 8.780744e-005 3.295997e-002
1932 2.752852e-005 2.532771e-002
1933 8.255488e-005 1.038387e-002
1934 1.935230e-005 7.077273e-003
1935 3.059422e-004 3.509579e-002
1936 1.632369e-005 1.267011e-002
1937 2.366051e-004 1.490028e-002
1938 1.592759e-004 2.099354e-002
1939 2.144565e-004 2.743929e-002
1940 4.054490e-004 7.588323e-002
1941 2.697784e-005 6.712945e-003
1942 3.473465e-004 5.751266e-002
1943 5.141142e-004 6.235322e-002
1944 1.930423e-004 2.552626e-002
1945 2.015186e-005 9.042388e-003
1946 3.348970e-004 7.873401e-002
1947 2.756829e-005 1.586657e-002
1948 9.853432e-005 1.709997e-002
1949 5.711706e-004 7.243023e-002
1950 1.462442e-004 1.235472e-002
1951 4.809726e-004 4.037579e-002
1952 6.113013e-004 4.661556e-002
1953 2.936827e-005 1.759348e-002
1954 3.456428e-005 9.013600e-003
1955 2.719066e-003 1.952593e-001
1956 1.202750e-003 1.518814e-001
1957 1.943266e-003 2.081401e-001
1958 1.409444e-003 1.053982e-001
1959 2.953115e-006 7.147726e-003
1960 1.125605e-005 7.722966e-003
1961 4.623589e-007 2.925947e-003
1962 1.004045e-005 5.862859e-003
1963 6.013133e-007 2.039609e-003
1964 2.129736e-006 3.406454e-003
1965 2.354701e-004 1.501511e-002
1966 5.909186e-005 1.005646e-002
1967 1.083486e-003 4.554429e-002
1968 7.998988e-005 8.904131e-003
1969 7.828751e-005 1.611378e-002
1970 4.305945e-006 9.063315e-003
1971 4.575854e-005 2.009500e-002
1972 4.274723e-006 6.990036e-003
1973 5.193466e-004 5.476267e-002
1974 2.633794e-004 2.756617e-002
1975 2.280719e-005 1.607978e-002
1976 1.147288e-004 1.887486e-002
1977 3.250760e-004 4.539129e-002
1978 2.416876e-004 2.130082e-002
1979 1.835482e-004 2.043384e-002
1980 9.458473e-005 1.029805e-002
1981 3.865493e-005 1.073138e-002
1982 2.705827e-004 5.346762e-002
1983 1.843699e-003 1.686150e-001
1984 2.757989e-004 6.803273e-002
1985 3.475697e-004 9.531838e-002
1986 1.690662e-004 4.264498e-002
1987 9.585534e-004 1.932147e-001
1988 8.761979e-005 2.744991e-002
1989 1.313453e-004 4.145384e-002
1990 6.494850e-004 9.132225e-002
1991 3.572691e-005 1.202473e-002
1992 9.711969e-005 1.969157e-002
1993 2.179822e-004 2.828566e-002
1994 1.954759e-004 1.917346e-002
1995 8.244417e-005 1.669927e-002
1996 3.806149e-005 9.817465e-003
1997 6.230054e-004 4.069392e-002
1998 8.661047e-004 6.742058e-002
1999 3.417207e-003 9.179347e-002
2000 1.322955e-003 2.895190e-002
