2 3.915335e-004 4.749522e-002
3 1.786762e-003 1.787380e-001
4 9.199452e-004 1.074173e-001
5 1.136632e-003 3.934486e-002
6 5.779185e-003 1.738283e-001
7 3.817474e-004 1.374524e-002
8 7.213091e-004 2.604941e-002
9 2.532504e-005 6.679920e-003
10 1.608623e-004 8.231214e-003
11 1.123907e-003 6.549992e-002
12 4.317034e-005 6.468165e-003
13 8.861247e-004 6.812465e-002
14 3.657648e-004 2.508039e-002
15 9.867994e-005 2.467903e-002
16 7.774876e-004 3.393524e-002
17 1.284620e-004 5.879385e-003
18 3.042938e-004 6.635059e-002
19 7.426334e-004 3.075702e-002
20 7.975222e-004 8.237761e-002
21 8.365389e-004 3.460362e-002
22 3.341006e-004 1.128274e-002
23 2.978947e-003 6.455835e-002
24 1.113881e-003 5.060972e-002
25 7.928849e-005 1.300308e-002
26 1.868642e-003 1.379654e-001
27 3.906460e-004 1.929677e-002
28 1.234288e-004 1.248585e-002
29 4.907883e-003 1.982978e-001
30 2.675135e-005 5.941095e-003
31 3.108709e-004 1.738509e-002
32 1.328856e-003 3.834539e-002
33 9.990133e-005 3.671575e-003
34 4.776183e-005 3.082012e-003
35 7.912794e-004 7.429106e-002
36 2.515135e-004 1.135634e-002
37 1.855505e-003 1.494610e-001
38 1.912939e-003 1.278547e-001
39 3.514752e-003 2.191416e-001
40 6.617044e-004 6.114453e-002
41 5.411428e-005 4.993689e-003
42 1.059856e-003 1.542531e-001
43 4.286373e-005 5.684266e-003
44 1.704750e-005 2.296145e-003
45 1.088848e-005 2.247379e-003
46 4.364936e-006 1.332445e-003
47 3.542247e-005 4.594625e-003
48 5.629722e-005 5.191144e-003
49 4.143733e-005 6.455883e-003
50 1.726316e-004 1.230052e-002
51 1.106680e-005 2.791130e-003
52 3.497229e-005 4.640565e-003
53 2.200489e-005 3.914001e-003
54 1.384651e-005 3.750979e-003
55 1.048330e-005 2.887472e-003
56 1.032992e-004 9.063021e-003
57 1.303757e-004 6.358052e-003
58 1.313156e-006 1.630294e-003
59 4.913215e-005 6.545452e-003
60 2.494605e-006 2.187594e-003
61 1.371740e-005 3.770322e-003
62 1.089924e-006 1.208407e-003
63 1.580295e-005 4.516221e-003
64 4.346486e-005 6.504520e-003
65 8.944417e-006 2.065355e-003
66 2.621024e-005 2.590861e-003
67 2.151696e-005 3.807716e-003
68 7.281388e-005 5.846930e-003
69 4.953253e-005 4.382944e-003
70 1.066951e-003 4.370638e-002
71 5.307371e-006 4.265611e-003
72 8.156120e-005 5.269981e-003
73 1.712285e-005 2.775412e-003
74 6.594713e-006 5.336247e-003
75 3.345296e-005 3.723769e-003
76 4.188412e-005 4.479464e-003
77 3.457044e-006 3.713755e-003
78 8.418095e-005 1.230013e-002
79 3.580180e-005 5.821842e-003
80 8.708004e-004 3.435041e-002
81 9.135867e-006 2.740070e-003
82 7.759965e-004 1.814025e-002
83 1.781504e-005 2.243703e-003
84 1.860183e-004 8.224972e-003
85 4.277763e-005 6.783570e-003
86 1.306877e-004 5.883049e-003
87 6.841673e-004 1.763038e-002
88 1.562188e-006 2.673659e-003
89 1.059786e-004 6.971781e-003
90 7.763666e-004 3.941989e-002
91 8.751369e-005 4.546689e-003
92 5.327596e-004 2.709843e-002
93 1.333699e-004 8.062696e-003
94 6.287197e-005 6.022912e-003
95 1.490878e-005 4.902835e-003
96 4.696615e-005 3.445292e-003
97 2.098192e-005 9.477049e-003
98 2.061685e-005 3.966346e-003
99 1.802554e-003 1.476339e-001
100 1.609694e-003 8.362334e-002
101 9.559789e-004 6.061341e-002
102 4.396734e-005 2.671274e-003
103 1.361669e-003 3.908665e-002
104 1.786703e-005 2.310017e-002
105 2.368439e-004 1.322083e-002
106 4.562128e-004 1.986303e-002
107 8.321857e-005 9.702378e-003
108 8.093220e-004 5.257693e-002
109 1.837320e-004 8.273948e-003
110 2.802656e-005 2.820706e-003
111 5.774608e-005 7.087960e-003
112 2.582520e-004 1.399818e-002
113 3.117238e-004 2.187887e-002
114 2.439472e-005 7.793973e-003
115 1.158306e-004 8.317971e-003
116 8.905608e-004 2.467473e-002
117 3.226860e-005 3.406794e-003
118 8.052929e-006 3.398064e-003
119 2.866633e-003 3.793829e-002
120 3.351160e-004 8.168093e-003
121 6.324370e-005 5.481764e-003
122 4.204835e-005 3.443756e-003
123 1.305259e-004 1.405184e-002
124 1.045910e-004 4.303951e-003
125 7.454047e-004 5.209302e-002
126 1.119447e-005 3.973698e-003
127 3.126214e-005 1.026943e-002
128 2.141872e-003 1.557252e-001
129 2.088032e-003 1.169848e-001
130 7.800646e-004 3.888831e-002
131 1.206353e-003 6.466809e-002
132 1.938314e-004 1.538188e-002
133 6.470354e-003 2.010931e-001
134 1.909111e-004 6.960659e-003
135 3.279172e-004 2.121794e-002
136 2.324048e-006 2.196558e-003
137 6.417352e-005 1.049455e-002
138 1.139522e-005 2.980291e-003
139 3.719847e-005 5.067547e-003
140 1.641760e-004 1.482144e-002
141 2.062866e-005 5.975872e-003
142 4.957407e-004 2.305640e-002
143 6.115276e-004 6.017636e-002
144 3.347633e-004 1.942115e-002
145 6.688631e-004 2.189326e-002
146 3.356888e-005 8.744509e-003
147 2.243123e-004 1.578026e-002
148 3.428352e-005 3.664966e-003
149 1.068297e-003 3.474998e-002
150 4.064018e-004 3.419089e-002
151 7.819577e-005 1.296109e-002
152 2.263430e-004 2.758828e-002
153 4.546946e-005 7.017164e-003
154 4.663433e-005 8.386932e-003
155 2.904163e-005 2.306059e-003
156 1.483115e-004 6.722289e-003
157 6.762949e-005 7.364602e-003
158 6.355121e-007 3.759334e-003
159 9.745670e-005 1.278370e-002
160 2.356706e-005 8.044185e-003
161 4.856525e-005 3.443557e-003
162 1.627156e-004 8.806954e-003
163 1.287970e-004 7.858886e-003
164 2.139062e-005 3.371065e-003
165 3.213065e-006 1.449245e-003
166 8.350179e-006 1.675797e-003
167 4.695661e-005 5.704869e-003
168 1.378586e-005 3.139219e-003
169 1.368668e-004 6.023224e-003
170 6.725226e-005 3.083583e-003
171 2.087012e-004 1.801277e-002
172 6.234798e-004 4.675957e-002
173 3.497879e-004 1.730810e-002
174 8.911840e-004 4.323386e-002
175 1.577894e-006 1.210787e-003
176 6.519918e-005 7.689378e-003
177 5.493643e-006 3.096281e-003
178 9.344773e-006 6.959347e-003
179 7.639271e-006 7.701924e-003
180 1.022840e-006 1.246366e-003
181 8.103805e-004 6.280088e-002
182 4.716140e-005 1.094137e-002
183 9.301057e-005 8.296548e-003
184 5.826236e-005 6.258622e-003
185 1.784209e-006 1.478273e-003
186 2.056081e-004 2.007880e-002
187 1.185347e-003 2.279609e-001
188 1.002526e-004 1.428769e-002
189 3.912039e-005 4.310262e-003
190 2.539143e-005 4.045048e-003
191 7.987547e-006 6.231467e-003
192 2.763663e-005 4.556169e-003
193 2.992477e-005 5.151089e-003
194 2.763663e-005 4.556169e-003
195 1.030446e-004 7.247218e-003
196 1.031655e-004 5.282507e-003
197 1.007140e-004 1.681844e-002
198 7.648313e-005 9.126245e-003
199 5.439943e-005 1.268684e-002
200 4.984882e-004 3.336363e-002
201 7.834816e-004 4.544199e-002
202 8.613608e-005 7.854783e-003
203 6.481788e-004 6.443895e-002
204 5.693075e-006 3.718718e-003
205 1.453907e-005 1.095164e-002
206 2.060425e-004 1.081837e-002
207 9.211249e-005 2.711297e-002
208 7.484589e-004 5.463406e-002
209 1.651114e-004 1.887278e-002
210 4.877075e-004 4.204946e-002
211 3.546144e-004 1.915683e-002
212 1.419305e-005 3.923770e-003
213 9.837898e-005 7.199870e-003
214 9.769460e-005 9.896480e-003
215 2.357778e-005 1.062262e-002
216 3.799833e-004 2.592343e-002
217 9.097153e-006 2.065491e-003
218 1.383938e-005 3.623340e-003
219 1.436118e-005 1.817291e-003
220 3.287916e-004 1.012535e-001
221 1.578814e-005 4.846681e-003
222 7.304952e-005 1.053457e-002
223 6.664921e-004 1.518455e-002
224 2.582498e-006 2.159311e-003
225 3.079847e-006 3.138308e-003
226 5.319600e-005 8.869274e-003
227 5.380349e-006 3.934355e-003
228 2.138465e-005 4.356169e-003
229 5.530816e-005 1.296954e-002
230 1.436256e-003 1.134708e-001
231 6.984142e-007 2.010732e-003
232 1.995442e-003 1.460409e-001
233 4.782085e-005 7.936393e-003
234 1.571388e-005 2.480753e-003
235 6.969327e-006 7.197613e-003
236 6.621640e-005 5.724387e-003
237 5.321218e-004 4.300819e-002
238 9.413690e-006 4.727576e-003
239 2.841473e-005 3.502680e-003
240 5.433223e-005 4.149442e-002
241 2.869028e-003 1.598491e-001
242 1.713776e-004 1.412542e-002
243 1.183863e-005 3.820768e-003
244 7.930004e-006 1.593396e-003
245 2.336958e-006 1.209805e-003
246 8.828897e-004 5.730444e-002
247 9.997389e-005 8.309427e-003
248 4.380437e-004 1.316021e-001
249 3.320164e-004 4.736773e-002
250 1.397713e-003 3.887895e-002
251 1.603295e-006 1.244746e-003
252 2.476432e-005 7.980433e-003
253 1.245725e-005 3.669163e-003
254 1.332729e-004 1.101978e-002
255 2.752294e-005 6.684346e-003
256 1.149599e-006 2.348992e-003
257 6.315937e-006 3.725562e-003
258 2.354273e-004 3.514663e-002
259 1.735054e-006 1.324287e-003
260 1.895396e-005 8.098880e-003
261 4.772496e-005 3.683387e-003
262 4.928449e-006 1.445797e-003
263 8.618510e-006 1.761075e-003
264 8.011846e-005 2.455394e-002
265 2.862503e-004 5.737309e-002
266 6.641765e-005 8.470187e-003
267 7.017608e-005 1.683212e-002
268 5.283133e-005 4.617707e-003
269 7.135518e-004 2.983846e-002
270 4.832311e-006 3.397687e-003
271 2.358317e-005 1.251257e-002
272 2.661626e-005 4.789579e-003
273 5.429281e-004 7.573194e-002
274 8.922767e-007 1.848460e-003
275 2.855584e-004 2.236159e-002
276 6.809851e-005 1.384672e-002
277 3.092703e-006 3.924114e-003
278 1.097021e-004 1.933190e-002
279 9.539460e-006 3.548043e-003
280 4.436372e-005 2.074241e-002
281 2.622190e-004 2.411792e-002
282 3.549824e-006 1.760814e-003
283 5.784969e-006 5.984327e-003
284 3.457352e-006 4.578263e-003
285 6.377076e-005 5.933040e-003
286 2.545381e-005 5.187481e-003
287 1.113911e-005 4.606036e-003
288 3.588631e-006 1.962169e-003
289 3.468558e-003 4.837742e-002
290 5.016108e-007 1.406844e-003
291 6.599977e-005 1.283320e-002
292 1.400422e-003 7.966505e-002
293 1.140257e-005 4.747964e-003
294 2.096779e-005 3.497129e-003
295 8.473940e-005 1.635408e-002
296 7.215435e-004 7.769823e-002
297 1.024083e-004 1.365896e-002
298 9.637107e-006 4.842220e-003
299 3.771772e-006 3.366061e-003
300 8.437481e-005 1.268656e-002
301 1.883941e-003 6.115545e-002
302 1.701931e-005 2.670245e-003
303 3.062208e-005 1.847948e-002
304 1.310451e-004 1.213510e-002
305 7.515730e-005 3.490621e-003
306 3.421497e-005 2.720829e-003
307 2.388657e-004 2.973008e-002
308 1.984380e-005 1.034648e-002
309 2.441232e-004 4.783966e-002
310 3.380308e-005 8.388238e-003
311 4.323714e-005 5.443551e-003
312 2.497123e-005 2.761789e-003
313 1.692008e-003 1.150308e-001
314 2.258063e-005 1.935355e-003
315 4.200214e-006 4.607541e-003
316 4.520667e-004 2.886179e-002
317 2.348024e-003 5.372579e-002
318 1.167321e-003 3.996487e-002
319 1.929941e-004 3.378128e-002
320 1.004111e-004 2.121510e-002
321 4.056280e-004 1.240873e-001
322 4.562238e-006 6.768756e-003
323 9.088628e-005 1.406210e-002
324 1.414103e-005 5.048986e-003
325 3.386717e-005 3.995681e-003
326 2.798743e-004 2.848073e-002
327 2.894347e-003 1.952410e-001
328 1.260790e-003 4.224812e-002
329 5.613251e-004 3.439224e-002
330 2.369585e-005 6.059904e-003
331 5.673156e-005 2.002023e-002
332 2.570230e-003 8.949949e-002
333 9.096805e-005 1.188378e-002
334 1.501515e-004 3.628992e-002
335 5.473320e-006 2.065545e-003
336 7.177359e-005 3.095233e-003
337 9.622613e-005 5.110788e-003
338 9.868992e-005 1.050193e-002
339 1.450487e-003 3.241747e-002
340 9.378294e-005 1.037203e-002
341 1.344075e-004 6.548453e-003
342 1.404064e-005 3.235482e-003
343 3.768345e-004 2.587855e-002
344 3.150009e-005 4.161775e-003
345 1.756179e-003 3.722660e-002
346 5.460533e-004 4.299847e-002
347 1.929065e-005 3.693112e-003
348 2.281000e-004 1.297073e-002
349 3.814984e-005 4.367663e-003
350 1.072948e-005 2.471244e-003
351 3.489686e-003 2.138849e-001
352 1.678488e-003 6.035505e-002
353 1.577894e-006 1.210787e-003
354 6.415672e-004 4.294548e-002
355 1.653583e-004 1.666788e-002
356 1.060836e-004 1.838961e-002
357 1.446409e-004 3.907503e-002
358 1.217247e-005 2.708171e-003
359 1.238407e-004 6.844257e-003
360 1.888696e-004 7.562562e-003
361 2.188078e-004 4.899268e-002
362 5.910825e-004 1.671939e-002
363 7.041610e-005 1.741453e-002
364 6.611112e-004 3.607424e-002
365 2.131768e-004 2.176540e-002
366 1.850749e-004 8.426605e-003
367 1.333724e-004 1.261570e-002
368 7.707192e-005 9.080655e-003
369 6.825967e-005 6.828026e-003
370 6.748528e-005 1.122107e-002
371 5.646998e-004 4.063292e-002
372 4.463090e-005 3.453104e-002
373 1.536573e-004 2.417071e-002
374 1.594005e-005 6.018485e-003
375 2.882016e-006 1.253348e-003
376 8.907287e-006 2.911734e-003
377 8.443509e-004 4.359282e-002
378 8.226674e-005 6.278877e-003
379 1.288336e-005 1.804797e-003
380 1.939431e-004 1.216380e-002
381 1.163799e-003 5.550193e-002
382 6.327919e-005 5.768655e-003
383 5.039646e-004 6.551462e-002
384 5.365182e-005 7.405102e-003
385 1.738075e-003 1.204610e-001
386 1.333652e-004 4.155810e-003
387 5.053561e-004 1.252619e-002
388 2.088218e-005 3.267729e-003
389 7.924253e-005 7.465726e-003
390 6.250347e-006 4.335658e-003
391 9.112740e-005 6.231690e-003
392 1.435978e-004 1.724284e-002
393 1.290480e-005 2.403079e-003
394 4.217573e-003 1.559466e-001
395 2.948891e-006 1.437636e-003
396 4.066278e-004 1.802248e-002
397 1.774639e-004 1.579823e-002
398 7.801220e-006 2.330300e-003
399 5.051265e-005 6.372998e-003
400 9.189006e-003 3.066561e-001
401 9.338218e-005 9.406443e-003
402 1.968416e-003 1.092360e-001
403 1.920311e-004 1.673393e-002
404 1.880847e-004 1.575348e-002
405 2.062120e-005 3.160256e-003
406 1.493476e-003 8.091245e-002
407 4.234689e-004 5.332908e-002
408 1.459474e-003 1.194042e-001
409 4.767453e-004 3.266785e-002
410 4.206616e-005 1.249924e-002
411 8.377389e-005 7.843832e-003
412 1.244795e-004 9.669342e-003
413 1.122041e-003 7.940710e-002
414 5.813038e-005 5.379693e-003
415 5.535489e-006 1.732564e-003
416 7.741881e-004 5.994412e-002
417 1.297952e-005 1.812156e-003
418 2.589857e-004 9.659146e-003
419 3.816359e-003 1.535671e-001
420 1.862262e-005 6.303484e-003
421 5.627340e-005 4.747972e-003
422 5.064731e-005 1.809424e-002
423 4.787998e-005 3.506088e-003
424 1.489778e-004 1.363152e-002
425 1.194347e-005 7.481366e-003
426 2.557446e-005 2.242210e-003
427 7.491536e-004 7.955434e-002
428 7.639328e-005 9.207440e-003
429 6.720406e-004 4.548220e-002
430 4.732259e-006 1.380248e-003
431 4.564503e-006 3.978935e-003
432 7.560767e-004 5.380035e-002
433 1.546786e-006 1.191154e-003
434 2.262235e-005 3.998098e-003
435 1.074699e-005 4.812149e-003
436 2.967359e-006 2.210295e-003
437 2.919018e-004 5.510937e-002
438 2.541005e-005 5.191605e-003
439 1.291980e-005 3.944081e-003
440 3.475389e-006 3.982137e-003
441 2.397149e-004 2.483852e-002
442 1.653336e-005 5.276410e-003
443 1.834550e-005 3.806969e-003
444 4.083554e-004 2.055392e-002
445 3.941933e-004 5.211680e-002
446 9.696029e-005 1.255758e-002
447 9.988565e-006 2.193837e-003
448 5.656583e-006 2.108533e-003
449 3.325620e-006 2.151176e-003
450 7.886683e-006 3.039152e-003
451 2.577399e-006 1.165425e-003
452 1.526005e-005 4.444316e-003
453 1.206467e-005 2.706270e-003
454 1.771476e-004 2.389304e-002
455 1.435320e-003 2.955949e-002
456 1.738829e-005 4.827438e-003
457 2.549444e-004 9.637076e-003
458 7.638522e-005 1.071542e-002
459 1.463460e-004 1.020560e-002
460 1.279805e-005 3.172363e-003
461 2.434243e-004 2.353217e-002
462 9.979951e-004 2.621389e-002
463 1.189057e-004 5.255251e-002
464 1.279826e-005 3.264592e-003
465 2.645930e-006 1.680155e-003
466 6.150629e-006 2.608199e-003
467 2.281830e-004 3.279515e-002
468 1.827758e-005 5.624527e-003
469 3.498464e-004 2.300648e-002
470 1.462437e-004 1.078867e-002
471 1.770927e-004 9.874372e-003
472 2.834014e-005 2.908684e-003
473 4.006066e-005 7.171379e-003
474 1.816704e-005 3.535591e-003
475 6.511639e-005 1.257328e-002
476 1.701967e-006 2.168438e-003
477 1.855392e-004 1.755931e-002
478 8.593230e-007 3.550449e-003
479 1.625499e-006 1.744962e-003
480 3.412216e-005 8.392845e-003
481 3.938947e-005 7.130394e-003
482 1.016308e-003 4.155408e-002
483 2.495876e-006 1.150102e-003
484 3.623403e-006 1.738890e-003
485 9.578169e-004 4.184858e-002
486 2.933798e-005 3.876590e-003
487 3.736209e-004 2.814793e-002
488 1.223367e-005 3.284173e-003
489 3.976359e-005 6.278263e-003
490 3.187942e-004 2.386473e-002
491 1.570720e-005 7.986773e-003
492 2.619434e-005 2.823444e-003
493 8.852414e-006 1.835116e-003
494 4.690315e-004 1.824059e-002
495 5.935790e-004 2.706306e-002
496 2.683806e-004 7.757921e-002
497 1.224263e-003 8.546649e-002
498 6.989841e-004 2.035795e-002
499 6.076615e-005 4.750342e-003
500 1.786409e-005 8.929810e-003
501 6.774679e-004 7.450760e-002
502 1.105324e-004 9.973269e-003
503 2.024551e-004 1.566450e-002
504 7.761418e-004 7.383659e-002
505 2.150212e-005 4.216367e-003
506 2.619776e-005 8.914668e-003
507 3.167776e-005 7.655579e-003
508 1.278446e-004 4.213825e-003
509 3.094711e-003 1.321614e-001
510 2.144744e-005 8.807776e-003
511 1.461964e-005 4.097783e-003
512 4.911691e-006 1.764001e-003
513 1.741930e-004 1.856831e-002
514 2.748693e-005 1.608322e-002
515 4.862987e-004 2.868168e-002
516 4.165266e-004 2.563068e-002
517 7.701425e-005 3.970957e-003
518 1.310698e-005 3.690639e-003
519 6.616549e-005 6.996529e-003
520 7.181052e-007 1.481139e-003
521 2.017890e-004 1.581784e-002
522 3.015802e-006 2.826629e-003
523 3.652271e-005 6.944601e-003
524 3.056988e-004 1.172638e-002
525 3.197447e-004 2.042962e-002
526 1.584729e-004 1.246776e-002
527 1.192200e-003 3.741632e-002
528 4.438101e-005 6.945036e-003
529 2.259595e-004 2.323234e-002
530 6.202149e-005 6.719117e-003
531 3.381821e-007 1.568850e-003
532 4.808780e-005 7.918229e-003
533 9.975312e-006 2.356553e-003
534 3.816485e-004 4.171323e-002
535 8.062947e-004 7.929470e-002
536 1.354923e-004 2.734214e-002
537 1.389148e-003 9.037985e-002
538 4.865915e-004 5.837377e-002
539 4.084881e-004 3.591562e-002
540 4.715404e-005 2.407545e-002
541 6.366677e-004 6.234641e-002
542 1.894966e-005 8.374407e-003
543 8.476145e-006 1.851545e-003
544 1.470353e-004 1.516445e-002
545 5.333176e-005 8.317115e-003
546 9.114557e-005 1.043416e-002
547 6.504283e-004 2.627352e-002
548 1.564107e-005 1.019180e-002
549 2.648377e-004 2.346666e-002
550 1.545712e-005 5.512947e-003
551 2.404530e-005 4.916206e-003
552 1.504374e-005 2.258279e-003
553 1.103329e-005 4.933057e-003
554 2.942686e-006 2.943942e-003
555 3.779583e-004 4.440428e-002
556 2.432026e-005 4.926815e-003
557 2.778257e-004 2.331268e-002
558 3.896825e-005 6.455958e-003
559 1.638918e-004 1.372493e-002
560 4.823446e-006 2.987024e-003
561 1.723092e-004 2.816499e-002
562 2.819954e-006 1.394607e-003
563 5.482495e-003 2.781096e-001
564 7.957047e-003 2.078919e-001
565 1.477081e-005 2.318115e-003
566 7.341344e-005 8.927518e-003
567 1.783793e-004 2.032213e-002
568 7.139064e-004 2.908923e-002
569 4.412974e-005 4.274878e-003
570 3.032414e-004 2.642174e-002
571 2.942098e-004 1.197710e-002
572 1.053856e-004 2.526964e-002
573 3.992029e-004 2.532832e-002
574 1.469288e-005 3.006134e-003
575 1.248227e-005 3.560225e-003
576 6.441044e-005 6.102979e-003
577 1.281936e-006 2.630049e-003
578 7.062103e-006 3.206378e-003
579 9.095451e-005 6.680769e-003
580 1.225258e-005 5.495014e-003
581 3.782880e-004 2.006393e-002
582 2.048741e-004 1.006173e-002
583 7.688744e-004 1.009931e-001
584 3.950324e-004 1.828687e-002
585 3.461693e-004 2.528988e-002
586 3.806234e-004 1.763250e-002
587 2.524489e-005 6.392423e-003
588 2.132181e-004 4.656419e-002
589 5.275279e-005 5.354907e-003
590 4.546221e-005 1.007455e-002
591 1.391542e-004 1.908353e-002
592 1.782669e-003 1.017294e-001
593 7.672039e-005 6.736398e-003
594 5.620132e-004 4.925319e-002
595 1.614473e-005 3.889845e-003
596 1.793268e-006 1.271507e-003
597 8.217270e-006 1.681446e-003
598 1.501554e-004 1.172008e-002
599 8.396418e-005 7.680127e-003
600 8.745835e-006 2.712883e-003
601 3.242754e-005 3.290634e-003
602 3.146956e-004 5.750618e-003
603 2.490204e-004 1.357370e-002
604 2.337855e-006 1.926061e-003
605 3.168199e-004 1.486422e-002
606 5.301385e-005 9.844393e-003
607 2.342116e-005 4.505890e-003
608 5.164442e-005 4.683219e-003
609 7.268660e-005 9.155079e-003
610 7.451284e-005 7.080906e-003
611 2.677827e-006 2.313157e-003
612 1.400115e-004 2.477160e-002
613 1.565914e-005 4.914305e-003
614 1.735453e-005 4.484141e-003
615 2.017186e-005 5.583079e-003
616 5.696686e-005 5.110717e-003
617 4.104048e-005 1.113608e-002
618 2.245712e-005 7.574122e-003
619 4.680672e-005 3.396649e-003
620 1.368911e-005 3.459038e-003
621 1.648654e-005 2.388771e-003
622 5.813816e-004 1.630873e-002
623 6.211884e-005 5.288191e-003
624 1.818949e-005 2.648154e-003
625 2.849751e-005 8.414710e-003
626 5.319683e-005 4.323746e-003
627 7.860499e-006 3.087656e-003
628 5.675330e-005 5.796364e-003
629 4.390547e-006 1.438531e-003
630 3.835512e-005 3.892048e-003
631 4.871939e-005 5.713633e-003
632 1.686570e-006 1.144277e-003
633 1.354973e-003 5.174459e-002
634 1.405534e-004 7.670055e-003
635 2.055962e-005 7.917071e-003
636 1.789193e-004 1.742462e-002
637 4.364801e-005 9.445068e-003
638 2.307137e-006 1.996249e-003
639 1.117185e-006 1.503757e-003
640 1.612006e-006 2.292854e-003
641 1.003731e-006 1.424244e-003
642 8.859421e-006 4.614674e-003
643 1.383432e-004 5.571161e-002
644 1.677369e-004 2.124331e-002
645 2.632925e-004 1.509012e-002
646 1.239444e-004 1.146939e-002
647 6.153954e-005 3.230237e-003
648 1.962702e-004 1.240371e-002
649 1.930944e-003 7.732972e-002
650 2.973502e-005 2.844450e-003
651 8.735497e-006 7.897970e-003
652 1.182532e-004 2.228332e-002
653 5.848462e-006 4.590638e-003
654 1.729172e-005 2.735867e-003
655 4.695787e-005 5.849124e-003
656 6.149435e-006 2.484658e-003
657 1.489102e-004 7.537181e-003
658 1.700159e-004 9.561279e-003
659 4.177213e-005 5.352733e-003
660 4.130840e-004 2.566490e-002
661 3.007696e-005 4.712952e-003
662 4.748934e-005 2.091257e-002
663 3.180388e-003 1.109896e-001
664 1.472520e-004 1.759552e-002
665 2.227431e-005 8.017864e-003
666 3.980370e-005 7.151288e-003
667 3.501606e-005 1.932880e-003
668 2.569392e-004 1.263379e-002
669 1.442384e-004 2.989287e-002
670 8.605728e-005 7.411522e-003
671 1.309854e-004 1.260008e-002
672 1.009166e-004 1.915893e-002
673 2.245724e-005 7.060799e-003
674 3.308475e-006 1.680543e-003
675 1.212233e-003 4.852943e-002
676 1.593684e-005 2.231827e-003
677 6.403653e-007 1.328790e-003
678 2.195553e-005 3.885892e-003
679 3.185341e-004 5.628515e-002
680 2.777229e-004 1.411954e-002
681 8.178222e-005 8.404534e-003
682 9.515520e-006 4.934144e-003
683 1.575882e-004 2.320962e-002
684 1.260092e-004 1.217227e-002
685 5.471728e-007 2.133715e-003
686 1.650119e-004 1.246403e-002
687 4.089460e-003 1.460937e-001
688 9.630980e-005 1.508011e-002
689 5.655183e-005 8.869980e-003
690 3.880164e-006 1.862113e-003
691 1.227203e-004 1.548288e-002
692 1.711992e-005 2.373893e-003
693 2.120918e-004 1.271520e-002
694 2.962098e-004 2.012455e-002
695 4.952529e-004 2.277345e-002
696 3.215112e-003 1.314503e-001
697 7.808379e-006 6.726369e-003
698 7.649180e-004 9.766265e-002
699 1.894755e-006 1.465484e-003
700 6.840276e-005 3.293837e-002
701 1.569407e-004 7.102245e-003
702 9.810036e-007 1.197571e-003
703 1.192578e-005 3.072174e-003
704 2.699638e-006 1.260642e-003
705 1.615832e-004 1.210881e-002
706 7.918434e-006 1.465939e-003
707 1.736796e-004 1.113775e-002
708 4.398995e-006 4.880646e-003
709 8.146274e-006 2.729960e-003
710 5.060781e-005 4.374826e-003
711 6.623210e-007 1.174086e-003
712 1.668115e-005 3.899213e-003
713 5.565740e-005 4.025627e-003
714 1.156270e-006 2.397636e-003
715 2.967773e-005 7.161941e-003
716 5.412629e-005 6.520752e-003
717 2.833537e-005 3.234896e-003
718 8.351153e-007 2.623367e-003
719 8.752125e-004 5.584248e-002
720 4.788096e-007 1.180604e-003
721 1.379664e-005 1.641193e-003
722 1.449696e-006 2.692302e-003
723 6.409791e-005 1.269056e-002
724 9.623917e-006 2.384690e-003
725 2.319037e-006 1.380312e-003
726 1.064718e-004 1.455186e-002
727 7.690706e-006 4.188593e-003
728 3.676502e-005 3.940271e-003
729 1.176707e-005 6.573377e-003
730 1.170105e-005 1.722884e-003
731 2.679735e-004 3.743449e-002
732 6.563504e-007 1.341600e-003
733 2.686140e-007 9.119299e-004
734 4.727339e-006 2.632730e-003
735 1.895384e-006 3.064612e-003
736 1.338252e-005 5.267183e-003
737 7.358584e-007 1.339415e-003
738 4.824911e-004 2.449079e-002
739 1.083115e-005 2.878233e-003
740 1.080226e-004 8.011729e-003
741 6.716578e-005 6.724299e-003
742 7.947180e-005 6.783643e-003
743 1.429980e-003 6.842132e-002
744 2.656639e-006 2.477314e-003
745 1.130305e-005 2.254752e-003
746 1.156055e-004 6.395596e-003
747 7.073605e-006 4.870304e-003
748 1.982598e-004 1.879225e-002
749 9.244721e-004 8.326263e-002
750 3.379624e-005 2.802211e-003
751 3.286151e-005 7.392104e-003
752 3.685741e-006 1.799201e-003
753 7.232444e-006 2.753288e-003
754 4.255837e-004 3.944150e-002
755 8.874755e-005 5.124465e-003
756 7.302382e-005 5.937290e-003
757 4.702695e-006 1.370297e-003
758 2.026613e-005 7.799747e-003
759 8.061077e-005 2.600534e-003
760 1.333383e-005 1.881615e-003
761 5.577476e-005 5.020945e-003
762 1.075346e-004 7.121444e-003
763 2.666382e-006 1.912368e-003
764 3.163426e-005 8.617556e-003
765 1.110305e-005 1.029691e-002
766 4.008499e-005 4.177116e-003
767 1.550208e-005 5.017052e-003
768 9.842807e-005 5.517942e-003
769 2.959412e-005 6.141308e-003
770 2.864904e-004 1.773382e-002
771 1.809462e-005 2.822120e-003
772 2.393914e-006 1.505734e-003
773 1.850151e-004 1.273851e-002
774 1.257893e-005 1.600909e-003
775 2.010788e-004 7.465248e-003
776 1.935292e-004 1.162551e-002
777 1.362251e-004 5.066444e-003
778 9.382366e-005 1.773446e-002
779 1.461464e-004 2.468083e-002
780 2.451366e-005 8.109583e-003
781 2.902684e-004 8.462182e-003
782 2.282721e-005 2.222307e-003
783 3.178337e-005 4.555883e-003
784 1.618974e-005 5.615858e-003
785 5.114832e-005 4.099603e-003
786 4.130011e-005 1.333241e-002
787 1.568995e-004 7.657399e-003
788 1.071702e-004 7.505473e-003
789 4.318922e-006 1.228301e-003
790 2.411729e-004 1.416166e-002
791 5.631321e-005 4.537266e-003
792 3.237618e-005 3.469879e-003
793 6.875406e-005 5.542853e-003
794 3.452972e-005 3.289769e-003
795 4.977420e-003 2.109727e-001
796 5.228103e-006 3.036570e-003
797 1.263023e-003 4.954510e-002
798 1.122165e-003 4.159194e-002
799 1.376987e-005 3.046771e-003
800 5.902376e-005 5.213887e-003
801 2.649114e-005 3.532606e-003
802 1.401824e-004 2.506000e-002
803 5.619758e-005 1.410523e-002
804 6.701571e-005 5.797885e-003
805 3.636847e-005 3.372684e-003
806 2.271855e-004 1.677329e-002
807 1.361178e-004 3.485273e-002
808 2.906120e-005 2.442473e-003
809 8.791359e-004 3.233404e-002
810 2.786209e-005 4.856378e-003
811 4.326818e-004 1.297504e-002
812 2.982340e-005 5.706466e-003
813 5.322306e-006 5.217002e-003
814 5.445976e-006 7.043557e-003
815 1.394082e-004 1.162497e-002
816 1.290218e-004 1.099775e-002
817 2.574514e-003 7.169652e-002
818 2.859904e-005 2.669199e-003
819 1.169491e-003 4.539281e-002
820 2.009782e-004 1.324549e-002
821 1.516661e-004 1.790329e-002
822 3.276983e-006 3.437833e-003
823 5.758541e-005 8.113299e-003
824 6.336978e-005 1.182696e-002
825 1.621446e-004 1.445475e-002
826 3.205187e-005 4.068063e-003
827 2.451684e-006 3.096173e-003
828 1.952174e-004 1.392146e-002
829 2.443552e-005 5.371044e-003
830 5.237695e-004 4.042179e-002
831 3.611378e-005 4.483355e-003
832 7.249811e-005 3.473066e-003
833 2.545131e-004 1.589513e-002
834 1.764606e-004 1.491756e-002
835 4.280729e-006 2.083685e-003
836 1.209409e-006 9.798434e-004
837 2.342684e-005 1.265997e-002
838 7.831469e-006 2.320725e-003
839 2.368731e-005 1.261526e-002
840 7.746229e-005 2.015742e-002
841 7.605788e-005 9.820570e-003
842 1.135282e-003 1.100419e-001
843 1.785463e-004 9.356412e-003
844 7.907213e-005 2.068354e-002
845 1.782940e-004 2.349706e-002
846 1.443862e-005 5.394029e-003
847 2.294119e-005 5.388280e-003
848 3.007226e-004 4.388147e-002
849 1.343645e-005 4.909760e-003
850 2.718140e-003 9.016636e-002
851 3.073345e-005 6.654451e-003
852 3.518260e-004 5.159346e-002
853 1.942637e-004 3.769088e-002
854 4.122922e-004 3.685971e-002
855 5.676958e-004 6.915666e-002
856 1.408194e-004 1.225104e-002
857 5.483231e-004 3.413162e-002
858 8.535503e-005 1.314243e-002
859 3.783843e-006 3.765790e-003
860 2.582537e-004 2.114495e-002
861 9.192048e-007 1.589529e-003
862 1.788480e-005 1.496851e-002
863 1.544423e-004 8.036217e-003
864 1.227081e-005 6.251079e-003
865 2.354952e-004 2.534016e-002
866 7.793517e-004 5.081842e-002
867 1.605141e-003 8.651584e-002
868 4.011224e-005 4.769166e-003
869 3.682173e-005 2.951771e-002
870 3.888696e-005 3.405199e-002
871 5.777000e-005 1.730854e-002
872 5.521726e-004 1.040455e-001
873 2.822934e-004 4.899151e-002
874 1.537697e-003 2.617712e-002
875 3.973614e-005 3.226346e-003
876 1.959558e-007 1.059874e-003
877 2.419021e-005 8.674167e-003
878 6.058095e-004 8.767807e-002
879 5.787413e-004 1.797948e-002
880 5.026412e-005 7.092998e-003
881 1.044460e-005 2.136626e-003
882 4.983927e-004 3.225114e-002
883 1.401517e-003 5.200946e-002
884 1.039435e-003 3.149682e-002
885 1.070026e-004 2.604578e-002
886 4.509978e-005 7.172056e-003
887 4.405674e-005 9.812126e-003
888 5.698764e-005 1.010696e-002
889 1.778698e-004 1.684267e-002
890 1.959441e-004 1.800859e-002
891 1.721852e-003 9.528509e-002
892 7.227378e-006 2.737645e-003
893 8.655466e-005 2.533092e-002
894 2.021476e-005 5.046826e-003
895 3.122228e-004 1.421466e-002
896 1.150144e-004 5.010159e-002
897 3.641259e-004 2.728957e-002
898 4.399002e-005 4.570055e-003
899 2.587254e-005 1.231752e-002
900 8.122260e-005 1.052123e-002
901 4.516313e-004 1.905766e-002
902 2.220572e-006 1.911066e-003
903 3.253473e-004 1.434109e-002
904 1.385818e-005 2.068825e-002
905 4.751471e-005 5.709120e-003
906 1.364213e-005 7.147081e-003
907 8.504392e-006 1.770707e-003
908 6.113074e-006 8.612196e-003
909 1.732261e-004 1.270114e-002
910 8.726190e-005 6.667626e-003
911 1.407336e-004 1.612791e-002
912 1.382700e-005 9.118431e-003
913 1.280514e-005 3.129253e-003
914 8.645552e-006 7.216960e-003
915 1.962005e-004 1.147199e-002
916 3.620661e-006 2.753074e-003
917 1.800328e-006 2.338892e-003
918 7.700938e-006 2.529737e-003
919 1.943929e-003 6.820823e-002
920 4.424140e-006 6.344331e-003
921 2.385459e-005 2.467082e-003
922 6.886910e-005 1.184798e-002
923 3.779894e-006 5.047786e-003
924 6.648879e-004 5.056619e-002
925 2.159722e-004 2.601522e-002
926 2.247464e-004 1.997271e-002
927 3.092532e-004 4.385210e-002
928 1.665726e-004 3.580963e-002
929 2.266548e-004 2.111868e-002
930 5.302526e-005 2.453262e-002
931 6.439264e-005 9.579988e-003
932 1.470936e-004 1.396652e-002
933 2.918136e-006 2.818944e-003
934 1.218921e-005 4.453246e-003
935 1.892089e-005 3.233935e-003
936 6.535691e-005 1.427346e-002
937 8.141999e-006 5.532127e-003
938 1.726361e-005 1.965677e-003
939 5.299200e-005 6.011208e-003
940 1.016747e-003 4.775527e-002
941 1.539541e-005 2.483588e-003
942 1.027871e-003 4.026421e-002
943 2.467003e-005 1.588076e-002
944 9.408265e-007 1.948276e-003
945 1.387694e-004 6.762868e-003
946 1.904544e-006 2.069457e-003
947 4.876756e-005 1.428121e-002
948 2.896920e-007 1.473793e-003
949 9.661824e-005 1.310663e-002
950 4.065381e-004 4.295269e-002
951 3.281947e-004 2.513897e-002
952 4.925651e-004 2.334189e-002
953 1.004569e-006 2.401777e-003
954 1.502076e-004 2.277993e-002
955 8.724217e-006 3.238691e-003
956 8.422391e-005 5.225693e-003
957 9.644646e-005 1.098013e-002
958 8.007330e-005 7.541996e-003
959 1.005560e-004 1.340398e-002
960 1.209471e-006 2.370130e-003
961 3.483272e-005 8.628847e-003
962 9.016556e-006 1.028137e-002
963 2.872269e-005 3.195207e-003
964 2.366674e-006 1.614975e-003
965 4.910359e-005 5.866928e-003
966 1.664922e-005 3.868435e-003
967 2.969050e-005 5.020888e-003
968 5.484023e-005 5.370501e-003
969 1.868232e-004 1.206687e-002
970 3.071063e-005 7.286470e-003
971 9.146112e-006 5.554352e-003
972 2.072821e-004 1.922527e-002
973 3.019986e-005 4.953551e-003
974 8.286991e-006 3.276801e-003
975 1.475108e-004 1.847747e-002
976 1.090004e-003 2.893704e-002
977 2.543473e-005 3.926859e-003
978 8.190673e-005 1.330662e-002
979 4.491426e-006 2.181112e-003
980 5.781731e-005 1.027837e-002
981 4.118233e-005 8.710232e-003
982 2.325089e-006 1.230071e-003
983 2.585729e-005 3.163391e-003
984 1.211987e-004 1.309647e-002
985 2.520164e-004 4.611023e-002
986 2.632544e-003 7.661619e-002
987 7.401387e-006 5.718974e-003
988 9.595620e-007 1.926942e-003
989 1.199541e-004 7.396464e-003
990 4.059552e-006 1.862433e-003
991 2.090608e-003 9.332015e-002
992 2.562632e-005 3.985425e-003
993 7.438276e-006 7.966747e-003
994 2.717110e-007 1.337042e-003
995 4.390427e-005 1.337494e-002
996 2.123174e-003 7.224832e-002
997 3.144408e-005 5.290334e-003
998 1.649391e-005 2.594847e-003
999 9.275855e-005 1.028013e-002
1000 2.717110e-007 1.337042e-003
1001 1.890989e-005 8.053379e-003
1002 2.314971e-004 3.916103e-002
1003 4.579533e-005 7.311413e-003
1004 1.304445e-004 2.621039e-002
1005 1.252622e-005 1.582255e-003
1006 8.958880e-004 5.180887e-002
1007 4.739076e-006 2.656082e-003
1008 1.053382e-005 4.504261e-003
1009 5.558224e-006 1.773735e-003
1010 1.049186e-004 7.013931e-003
1011 5.619880e-005 1.561907e-002
1012 6.547988e-004 8.645925e-002
1013 1.345803e-005 8.398584e-003
1014 3.622299e-005 4.598317e-003
1015 2.156059e-004 2.241395e-002
1016 5.541498e-005 4.907449e-003
1017 4.692092e-004 9.729781e-003
1018 3.904849e-004 4.855691e-002
1019 2.649328e-006 1.829273e-003
1020 1.677514e-005 1.060092e-002
1021 9.865253e-005 1.058492e-002
1022 1.086663e-006 1.376965e-003
1023 1.094994e-004 1.231789e-002
1024 8.522305e-005 6.460586e-003
1025 1.126217e-006 1.498615e-003
1026 1.429013e-006 1.913470e-003
1027 2.512495e-005 6.531694e-003
1028 3.124659e-004 7.242775e-002
1029 1.169066e-005 3.362432e-003
1030 9.483459e-006 2.478725e-003
1031 8.100253e-005 7.057487e-003
1032 2.661636e-003 8.864466e-002
1033 3.106929e-006 1.450790e-003
1034 7.034455e-005 1.062599e-002
1035 1.205227e-004 9.460463e-003
1036 4.964243e-004 2.044770e-002
1037 1.419764e-006 2.981445e-003
1038 1.472053e-005 2.610308e-003
1039 3.578364e-005 4.461930e-003
1040 4.231996e-006 2.768406e-003
1041 6.079166e-004 4.301695e-002
1042 5.348284e-005 4.227584e-003
1043 9.627218e-007 1.208527e-003
1044 6.448764e-006 2.512449e-003
1045 4.753128e-006 2.201355e-003
1046 1.897359e-007 1.273012e-003
1047 2.881614e-006 1.212086e-003
1048 3.467359e-006 4.207451e-003
1049 9.539390e-007 1.123329e-003
1050 2.604355e-003 1.218114e-001
1051 7.486703e-005 2.596220e-002
1052 7.836169e-006 1.837390e-003
1053 1.778556e-005 5.124842e-003
1054 5.629666e-006 1.698095e-003
1055 9.539390e-007 1.123329e-003
1056 1.445086e-004 5.715130e-003
1057 6.888249e-005 7.356409e-003
1058 3.196012e-006 1.421896e-003
1059 1.273915e-004 1.439544e-002
1060 6.803763e-006 1.314127e-003
1061 1.858261e-005 1.717975e-003
1062 6.192328e-007 1.122434e-003
1063 8.453979e-005 2.125348e-002
1064 4.108219e-004 1.689658e-002
1065 1.490100e-006 1.778868e-003
1066 2.380601e-006 1.124066e-003
1067 1.170385e-004 9.555438e-003
1068 8.470185e-006 1.504821e-003
1069 1.672032e-005 2.048030e-003
1070 1.689276e-006 1.136421e-003
1071 5.149750e-006 1.435855e-003
1072 9.353955e-006 2.291510e-003
1073 2.319330e-006 1.266471e-003
1074 3.736844e-006 1.787843e-003
1075 7.582739e-006 3.402020e-003
1076 1.683207e-005 2.756169e-003
1077 1.317264e-005 3.736175e-003
1078 1.307194e-004 7.105451e-003
1079 3.130054e-005 3.432698e-003
1080 2.102165e-004 2.228803e-002
1081 4.473235e-004 2.268393e-002
1082 9.882347e-006 2.796571e-003
1083 1.256858e-005 2.254552e-003
1084 1.607990e-006 1.151419e-003
1085 6.923514e-006 1.442215e-003
1086 1.029299e-005 2.550815e-003
1087 1.116428e-006 1.288608e-003
1088 2.595521e-005 2.464014e-003
1089 1.707255e-006 1.229550e-003
1090 2.470487e-006 1.166334e-003
1091 7.340015e-006 1.387425e-003
1092 7.540530e-006 1.543063e-003
1093 1.992879e-004 1.179091e-002
1094 1.310986e-004 7.589191e-003
1095 8.504728e-006 2.044684e-003
1096 1.474754e-004 1.186651e-002
1097 2.718610e-004 3.195056e-002
1098 1.410012e-005 7.411818e-003
1099 1.268945e-005 3.293724e-003
1100 9.250248e-007 1.096995e-003
1101 3.912299e-004 1.819515e-002
1102 5.216667e-005 1.009559e-002
1103 1.164462e-005 3.134229e-003
1104 1.799424e-004 1.730130e-002
1105 2.609875e-006 2.031257e-003
1106 3.118504e-004 2.032780e-002
1107 7.186985e-006 2.386322e-003
1108 3.831398e-005 6.103758e-003
1109 1.203040e-006 1.784958e-003
1110 2.604010e-005 7.071323e-003
1111 5.885100e-006 1.839151e-003
1112 1.024026e-006 1.768808e-003
1113 5.831863e-005 1.151484e-002
1114 1.117583e-004 7.570652e-003
1115 4.911628e-004 1.955798e-002
1116 3.188102e-007 1.960940e-003
1117 6.895276e-004 2.727516e-002
1118 2.602399e-005 4.431363e-003
1119 7.693244e-005 2.126212e-002
1120 4.810993e-004 2.834186e-002
1121 3.089013e-005 3.998511e-003
1122 8.933133e-005 1.165851e-002
1123 1.467629e-005 2.929471e-003
1124 2.256768e-005 1.222967e-002
1125 9.384310e-006 3.184396e-003
1126 1.356508e-005 6.274865e-003
1127 6.332084e-006 4.103153e-003
1128 3.378615e-004 3.408675e-002
1129 2.592463e-005 3.629005e-003
1130 7.613044e-005 1.002381e-002
1131 5.113884e-004 2.934545e-002
1132 6.598090e-005 4.380715e-003
1133 7.701501e-006 1.909486e-003
1134 2.022458e-004 7.317313e-003
1135 4.176347e-005 5.401186e-003
1136 2.940876e-004 1.102050e-002
1137 1.065190e-004 1.551136e-002
1138 7.474488e-007 1.850145e-003
1139 7.740000e-005 4.214549e-003
1140 1.082220e-006 2.125387e-003
1141 8.789748e-006 4.193015e-003
1142 1.600878e-004 1.293964e-002
1143 3.174018e-004 4.360470e-002
1144 3.002995e-005 5.998604e-003
1145 1.248359e-004 1.882343e-002
1146 7.801957e-004 5.466123e-002
1147 2.785919e-004 2.515837e-002
1148 2.655726e-006 2.329778e-003
1149 3.316722e-004 2.094443e-002
1150 4.826147e-006 2.279033e-003
1151 8.451742e-005 9.171559e-003
1152 6.199460e-004 2.266754e-002
1153 1.444872e-005 4.980285e-003
1154 3.692535e-006 1.839452e-003
1155 1.326559e-003 4.144779e-002
1156 1.495503e-005 2.168390e-003
1157 2.137591e-004 1.322764e-002
1158 1.329587e-005 3.704628e-003
1159 8.005196e-007 1.494414e-003
1160 4.493762e-006 2.455094e-003
1161 2.195080e-004 1.356738e-002
1162 1.046508e-003 5.142824e-002
1163 4.696192e-005 3.148611e-003
1164 3.619709e-004 3.848705e-002
1165 4.226623e-003 1.039645e-001
1166 2.124664e-005 4.382372e-003
1167 1.045749e-003 4.557983e-002
1168 4.965449e-005 8.319337e-003
1169 2.696537e-005 7.439528e-003
1170 1.742737e-005 5.399193e-003
1171 4.590859e-005 8.620877e-003
1172 5.565305e-004 4.213225e-002
1173 5.394574e-007 1.093850e-003
1174 1.520448e-003 6.032609e-002
1175 1.458683e-004 8.170467e-003
1176 5.584251e-006 1.704791e-003
1177 1.873762e-004 2.045263e-002
1178 1.047157e-003 5.864569e-002
1179 1.335691e-004 1.043941e-002
1180 2.307129e-005 5.716529e-003
1181 5.062496e-006 1.332322e-003
1182 1.975350e-005 7.041972e-003
1183 3.488010e-004 1.545882e-002
1184 1.605274e-004 1.235767e-002
1185 2.287644e-005 9.598457e-003
1186 3.129875e-004 1.535318e-002
1187 3.860029e-005 3.040235e-003
1188 2.153328e-006 1.808839e-003
1189 1.421590e-005 2.153082e-003
1190 6.516510e-007 1.977105e-003
1191 2.659875e-006 2.122220e-003
1192 4.080709e-004 7.564949e-002
1193 3.068174e-006 3.123758e-003
1194 1.389986e-004 1.712808e-002
1195 6.976000e-004 2.701226e-002
1196 1.419275e-005 4.651253e-003
1197 1.896396e-005 2.874564e-003
1198 1.261391e-005 1.578866e-003
1199 2.255306e-004 1.869063e-002
1200 1.397670e-003 3.452524e-002
1201 3.681415e-007 1.117334e-003
1202 4.785837e-005 5.688782e-003
1203 2.698899e-004 2.313910e-002
1204 1.613265e-005 3.745036e-003
1205 2.337579e-007 1.936356e-003
1206 3.164077e-004 3.995132e-002
1207 1.633158e-005 3.125928e-003
1208 1.163635e-005 3.298228e-003
1209 2.868835e-004 2.795748e-002
1210 2.488582e-004 7.009471e-003
1211 1.366957e-004 1.172777e-002
1212 1.700755e-005 2.584598e-003
1213 3.202206e-005 4.534984e-003
1214 3.733072e-005 2.794830e-003
1215 4.176826e-006 2.168578e-003
1216 1.753190e-006 2.150137e-003
1217 1.385255e-004 2.521597e-002
1218 4.340499e-005 4.039019e-003
1219 1.343245e-004 4.095271e-003
1220 1.137249e-004 1.672336e-002
1221 7.624410e-005 1.421010e-002
1222 5.172373e-005 2.072421e-002
1223 6.657230e-005 1.573855e-002
1224 2.726352e-005 7.822763e-003
1225 1.018382e-005 2.004754e-003
1226 3.026582e-006 1.390117e-003
1227 2.101186e-005 3.916102e-003
1228 6.666423e-005 6.437042e-003
1229 1.552851e-004 1.030767e-002
1230 3.139516e-005 5.987123e-003
1231 8.168299e-005 2.451875e-002
1232 1.351727e-005 5.257175e-003
1233 1.481250e-004 9.001788e-003
1234 4.739784e-006 7.488287e-003
1235 2.190813e-004 4.033534e-002
1236 8.641413e-006 4.374740e-003
1237 1.289802e-003 9.246814e-002
1238 8.774296e-005 9.987243e-003
1239 2.901172e-005 5.311956e-003
1240 1.184679e-005 2.931362e-003
1241 1.850069e-005 2.100480e-003
1242 1.769552e-003 9.027475e-002
1243 3.124606e-004 1.918418e-002
1244 1.749361e-005 2.927824e-003
1245 4.376604e-005 4.476069e-003
1246 2.775823e-006 1.941985e-003
1247 1.222946e-005 3.247139e-003
1248 2.182876e-004 2.180202e-002
1249 2.695901e-005 9.408048e-003
1250 9.440897e-006 5.936630e-003
1251 1.814149e-004 1.064511e-002
1252 2.366868e-005 4.119219e-003
1253 1.244749e-003 9.904303e-002
1254 1.017806e-005 4.897207e-003
1255 1.280806e-004 8.749418e-003
1256 2.157869e-005 1.916074e-003
1257 5.817638e-004 4.488558e-002
1258 1.887139e-005 3.897980e-003
1259 1.636792e-004 1.403570e-002
1260 1.437266e-003 7.204238e-002
1261 1.178400e-005 3.751751e-003
1262 1.000070e-004 8.338211e-003
1263 4.714000e-004 3.064716e-002
1264 2.652729e-004 2.208146e-002
1265 2.043534e-005 7.730718e-003
1266 8.821374e-005 2.787636e-002
1267 1.559699e-004 1.334495e-002
1268 2.044190e-005 8.657049e-003
1269 2.310583e-005 7.852025e-003
1270 3.020715e-003 8.117769e-002
1271 3.821861e-004 1.936584e-002
1272 1.031379e-006 1.241322e-003
1273 1.817210e-004 1.533772e-002
1274 3.718588e-005 1.567393e-002
1275 1.874381e-004 1.539299e-002
1276 3.825836e-004 2.035984e-002
1277 5.166715e-004 3.977532e-002
1278 5.992875e-004 3.962963e-002
1279 4.217751e-006 2.036271e-003
1280 7.225964e-004 5.113044e-002
1281 3.433238e-005 3.721375e-003
1282 2.500866e-004 7.416366e-003
1283 5.346830e-005 1.561401e-002
1284 6.286233e-005 2.724945e-003
1285 5.797190e-004 1.833919e-002
1286 9.109183e-006 3.052735e-003
1287 1.274069e-004 8.055434e-003
1288 3.184229e-004 9.250306e-003
1289 1.007055e-004 7.309761e-003
1290 7.243754e-005 2.206232e-002
1291 7.076658e-005 4.229652e-003
1292 8.853156e-004 1.208646e-001
1293 5.074663e-006 3.155297e-003
1294 1.389039e-005 4.590948e-003
1295 5.784268e-006 2.889689e-003
1296 8.697555e-005 1.108042e-002
1297 2.518711e-004 3.727200e-002
1298 1.626515e-005 8.986637e-003
1299 3.866276e-005 2.743975e-003
1300 1.601951e-005 2.432306e-003
1301 1.925692e-006 2.897555e-003
1302 3.545321e-004 2.136805e-002
1303 1.955636e-005 6.227797e-003
1304 4.172075e-005 5.208295e-003
1305 1.018548e-004 1.347138e-002
1306 9.906085e-005 3.554921e-003
1307 1.538071e-005 3.990983e-003
1308 3.293409e-006 2.351218e-003
1309 3.180644e-004 2.797589e-002
1310 1.873805e-006 1.384599e-003
1311 1.143414e-003 8.846543e-002
1312 4.238081e-004 5.383583e-002
1313 1.978780e-006 1.615118e-003
1314 2.685818e-005 4.449847e-003
1315 1.118940e-005 2.295750e-003
1316 9.121637e-006 1.772947e-003
1317 2.988116e-006 1.302167e-003
1318 8.991497e-005 2.706397e-002
1319 1.006122e-003 6.844474e-002
1320 6.380362e-006 3.344723e-003
1321 6.258148e-005 1.086563e-002
1322 4.153574e-007 1.122304e-003
1323 9.025293e-006 1.748264e-003
1324 2.952137e-004 1.120318e-002
1325 2.408943e-005 8.836872e-003
1326 1.018522e-005 4.059261e-003
1327 2.067889e-004 1.459592e-002
1328 1.497451e-005 2.157894e-003
1329 5.245303e-005 5.931062e-003
1330 3.227384e-005 6.607848e-003
1331 4.194638e-006 1.963918e-003
1332 1.941327e-006 1.370725e-003
1333 7.551987e-005 4.421784e-003
1334 8.886083e-005 6.355110e-003
1335 1.101927e-004 1.005215e-002
1336 8.712924e-006 3.018748e-003
1337 9.918506e-005 3.782828e-003
1338 3.496227e-005 3.423194e-003
1339 2.047978e-004 1.074984e-002
1340 4.184456e-005 4.572541e-003
1341 2.071426e-003 5.062973e-002
1342 1.402575e-005 1.838941e-003
1343 1.400115e-005 1.812358e-003
1344 3.324966e-006 3.090014e-003
1345 3.118785e-005 1.197739e-002
1346 6.418127e-005 6.546876e-003
1347 1.408599e-006 1.316425e-003
1348 1.320735e-005 6.364542e-003
1349 3.561862e-004 7.672491e-002
1350 1.254972e-004 5.946806e-003
1351 3.269351e-005 4.357942e-003
1352 7.534011e-005 6.820894e-003
1353 8.101223e-005 8.024239e-003
1354 1.155761e-005 4.337283e-003
1355 4.989379e-005 5.610591e-003
1356 9.238942e-005 1.066522e-002
1357 2.320351e-005 5.480040e-003
1358 3.018209e-005 3.653506e-003
1359 3.888797e-006 1.934049e-003
1360 1.960411e-005 3.449887e-003
1361 2.842959e-005 4.825525e-003
1362 1.428777e-004 6.609441e-003
1363 2.029960e-005 4.544134e-003
1364 1.774881e-004 1.559135e-002
1365 2.770908e-006 4.098289e-003
1366 9.023391e-006 3.718633e-003
1367 7.657312e-006 1.586794e-003
1368 2.171592e-004 2.729517e-002
1369 3.101210e-007 2.448384e-003
1370 9.988817e-007 1.546446e-003
1371 9.732818e-005 1.086521e-002
1372 7.545485e-006 3.794545e-003
1373 4.036618e-005 2.978079e-003
1374 1.358072e-005 3.027821e-003
1375 6.823332e-005 5.375508e-003
1376 3.209154e-003 2.001520e-001
1377 5.116982e-005 6.795388e-003
1378 2.743892e-006 1.307713e-003
1379 3.438502e-005 1.935680e-003
1380 9.016370e-004 6.782824e-002
1381 5.403211e-006 2.949683e-003
1382 2.771633e-006 1.168966e-003
1383 8.978032e-005 1.342308e-002
1384 1.088868e-005 4.045855e-003
1385 1.088868e-005 4.045855e-003
1386 1.797347e-005 4.451172e-003
1387 1.587409e-005 4.440272e-003
1388 2.789727e-005 2.675745e-003
1389 9.108985e-006 2.641603e-003
1390 2.482462e-005 2.007288e-003
1391 4.575426e-005 5.340458e-003
1392 7.930004e-006 1.593396e-003
1393 2.521672e-005 7.257925e-003
1394 1.778076e-005 5.502013e-003
1395 2.273823e-004 2.443655e-002
1396 1.735507e-004 1.742132e-002
1397 4.519220e-006 2.636087e-003
1398 1.242973e-004 1.384685e-002
1399 9.921350e-005 1.480560e-002
1400 5.872845e-006 3.950440e-003
1401 1.984368e-004 3.981687e-002
1402 3.050423e-005 3.042370e-003
1403 1.505906e-005 3.923985e-003
1404 5.571647e-006 1.980956e-003
1405 3.578739e-006 3.709234e-003
1406 3.297611e-005 8.196991e-003
1407 1.047068e-005 2.395133e-003
1408 1.270947e-003 8.243426e-002
1409 2.282149e-004 3.879044e-002
1410 7.356695e-005 8.720864e-003
1411 1.240416e-004 4.863627e-003
1412 6.115909e-006 4.064708e-003
1413 3.464181e-007 1.135890e-003
1414 9.227249e-006 2.239897e-003
1415 6.566819e-005 3.324761e-003
1416 7.285288e-006 2.784601e-003
1417 1.366595e-005 1.965152e-003
1418 1.580956e-005 4.042923e-003
1419 2.720549e-005 3.316273e-003
1420 1.000408e-004 7.875729e-003
1421 1.152409e-004 6.798652e-003
1422 1.786725e-004 9.430007e-003
1423 3.156208e-005 3.304473e-003
1424 8.003723e-005 3.873189e-003
1425 8.003723e-005 3.873189e-003
1426 8.003723e-005 3.873189e-003
1427 4.809958e-005 3.161568e-003
1428 6.235063e-005 4.611826e-003
1429 9.759186e-005 5.853756e-003
1430 2.406385e-004 2.220238e-002
1431 1.732533e-004 2.141884e-002
1432 6.657129e-005 1.545189e-002
1433 3.787668e-005 5.564812e-003
1434 1.584336e-005 2.539393e-003
1435 1.615857e-005 2.615425e-003
1436 1.288642e-005 3.402508e-003
1437 9.216511e-006 1.932812e-003
1438 8.819443e-005 6.064706e-003
1439 2.112248e-003 6.732232e-002
1440 2.633917e-006 2.597394e-003
1441 2.265380e-006 1.638887e-003
1442 9.889319e-006 4.409625e-003
1443 6.136817e-006 3.770162e-003
1444 2.808794e-005 3.298231e-003
1445 4.112052e-005 5.776738e-003
1446 4.166259e-005 2.474672e-003
1447 1.341317e-003 1.399951e-001
1448 6.255189e-006 1.801076e-003
1449 3.394272e-006 2.858081e-003
1450 6.918888e-005 6.686529e-003
1451 9.823852e-005 9.624264e-003
1452 6.209411e-004 2.473258e-002
1453 1.500429e-006 2.930216e-003
1454 2.678881e-005 2.776389e-003
1455 5.566031e-005 4.397781e-003
1456 7.831822e-006 1.448915e-003
1457 4.077363e-006 1.882769e-003
1458 3.875607e-006 2.123201e-003
1459 7.248831e-005 3.610084e-003
1460 5.937467e-005 1.060347e-002
1461 1.338118e-005 1.548591e-003
1462 8.135564e-006 1.462467e-003
1463 1.234866e-006 1.377581e-003
1464 4.147607e-006 1.867295e-003
1465 2.917672e-006 1.329867e-003
1466 1.829680e-004 1.449298e-002
1467 1.284948e-004 4.655290e-003
1468 6.301902e-005 5.129124e-003
1469 1.737592e-005 7.667784e-003
1470 5.890725e-006 3.621533e-003
1471 3.817975e-005 6.835558e-003
1472 2.778117e-005 5.517761e-003
1473 2.175851e-005 3.085380e-003
1474 1.115811e-004 1.423304e-002
1475 1.926733e-006 1.712534e-003
1476 1.597841e-004 1.344683e-002
1477 5.845267e-007 1.736481e-003
1478 9.027597e-005 1.108953e-002
1479 2.701582e-005 8.882167e-003
1480 5.779865e-004 3.301075e-002
1481 9.778645e-005 2.330652e-002
1482 1.597180e-005 1.017048e-002
1483 1.330701e-005 2.854271e-003
1484 2.445548e-004 4.220355e-002
1485 1.260235e-004 1.969029e-002
1486 2.952413e-004 3.054487e-002
1487 2.724609e-006 1.881657e-003
1488 2.149981e-004 1.124310e-002
1489 3.184882e-006 1.330205e-003
1490 9.050417e-006 2.900377e-003
1491 1.038052e-004 3.526207e-002
1492 1.251924e-005 6.329262e-003
1493 1.231381e-004 8.989428e-003
1494 5.074233e-006 2.794424e-003
1495 4.481769e-005 5.129708e-003
1496 9.307954e-006 3.613867e-003
1497 8.931894e-004 5.066509e-002
1498 7.575937e-006 4.814090e-003
1499 2.170176e-006 2.807190e-003
1500 2.138241e-005 3.591762e-003
1501 5.675992e-006 4.660882e-003
1502 3.666492e-004 2.121732e-002
1503 5.838640e-004 4.596842e-002
1504 5.851634e-005 8.085514e-003
1505 4.169003e-005 4.701454e-003
1506 3.490060e-005 3.610481e-003
1507 9.330199e-005 6.309190e-003
1508 8.724117e-004 4.611472e-002
1509 3.292854e-005 3.490478e-003
1510 2.466303e-005 6.067811e-003
1511 3.756353e-005 4.135075e-003
1512 6.608470e-005 5.744231e-003
1513 2.514276e-005 5.759467e-003
1514 2.732967e-005 5.702223e-003
1515 1.401271e-003 4.974190e-002
1516 2.440829e-005 9.839228e-003
1517 5.771680e-004 3.721726e-002
1518 7.708937e-006 4.646627e-003
1519 3.699367e-005 8.643266e-003
1520 2.101455e-006 1.687434e-003
1521 4.589257e-005 6.611106e-003
1522 1.490662e-004 1.016289e-002
1523 1.015353e-004 6.369120e-003
1524 2.002544e-004 1.109412e-002
1525 2.121529e-004 1.527710e-002
1526 4.128233e-005 1.069152e-002
1527 3.879208e-005 1.046468e-002
1528 8.059556e-005 7.078431e-003
1529 2.754361e-005 4.322325e-003
1530 5.170644e-005 1.269305e-002
1531 8.672443e-005 7.262834e-003
1532 1.674282e-005 4.109464e-003
1533 3.346275e-005 5.165660e-003
1534 3.241797e-005 6.591040e-003
1535 5.124262e-006 1.426783e-003
1536 1.017957e-005 2.374463e-003
1537 1.378586e-005 3.139219e-003
1538 1.409149e-005 3.547675e-003
1539 1.340371e-005 1.781546e-003
1540 1.923617e-004 8.456736e-003
1541 1.571047e-003 6.691414e-002
1542 3.711990e-004 4.704214e-002
1543 7.855764e-004 7.288020e-002
1544 3.309334e-005 6.557550e-003
1545 1.583169e-004 1.561041e-002
1546 5.508885e-005 4.292698e-003
1547 1.458784e-003 4.242316e-002
1548 1.366351e-004 8.443312e-003
1549 8.080665e-006 3.189197e-003
1550 3.164589e-006 4.328406e-003
1551 5.073520e-005 3.611149e-003
1552 9.357571e-004 4.781674e-002
1553 1.665181e-003 1.645610e-001
1554 2.039289e-005 7.714418e-003
1555 4.376293e-004 4.396866e-002
1556 3.281278e-005 9.960494e-003
1557 6.073371e-004 4.136486e-002
1558 1.725288e-004 1.279288e-002
1559 3.296279e-005 8.648245e-003
1560 2.626314e-004 2.264762e-002
1561 3.144443e-004 4.828478e-002
1562 1.490848e-005 5.787447e-003
1563 1.841243e-005 9.091467e-003
1564 2.873802e-004 3.751023e-002
1565 3.614089e-005 1.210172e-002
1566 6.012587e-006 5.020110e-003
1567 4.304378e-003 1.529220e-001
1568 6.795135e-005 1.271605e-002
1569 2.605250e-005 4.078488e-003
1570 2.604447e-003 4.114099e-002
1571 8.983212e-007 1.787644e-003
1572 3.173028e-005 3.156722e-003
1573 1.370532e-003 8.201872e-002
1574 2.662324e-005 7.543445e-003
1575 6.016047e-005 1.653737e-002
1576 5.961946e-004 2.042515e-002
1577 4.793208e-004 6.299973e-002
1578 2.974745e-004 1.118405e-002
1579 2.045204e-005 3.884077e-003
1580 3.883105e-003 1.193345e-001
1581 6.593323e-005 8.591345e-003
1582 3.523390e-006 2.951688e-003
1583 6.495268e-004 2.642311e-002
1584 1.382588e-004 9.025606e-003
1585 1.151804e-003 5.341738e-002
1586 3.336549e-005 7.127373e-003
1587 3.943236e-006 1.980770e-003
1588 1.800034e-004 6.194217e-003
1589 7.452892e-007 2.893440e-003
1590 1.502019e-005 2.877585e-003
1591 6.887345e-006 4.175567e-003
1592 1.191842e-005 3.166774e-003
1593 1.096572e-005 2.710301e-003
1594 4.025182e-005 8.622971e-003
1595 4.266581e-005 3.387612e-003
1596 5.623258e-005 2.405022e-002
1597 3.552043e-005 6.084714e-003
1598 1.697593e-005 3.855042e-003
1599 1.707641e-003 7.190041e-002
1600 3.556987e-005 8.297260e-003
1601 1.056841e-005 2.967663e-003
1602 4.606362e-003 1.739400e-001
1603 1.543071e-005 7.202485e-003
1604 2.647140e-005 3.727177e-003
1605 2.112018e-005 1.967644e-003
1606 5.705950e-004 1.109191e-001
1607 1.836880e-004 1.410100e-002
1608 6.953985e-006 4.312044e-003
1609 2.699237e-004 2.228416e-002
1610 3.004943e-003 1.444679e-001
1611 2.607087e-005 9.939550e-003
1612 2.166100e-006 3.462000e-003
1613 2.389116e-007 1.202692e-003
1614 3.125728e-005 9.577482e-003
1615 1.234423e-003 8.087007e-002
1616 4.964580e-006 2.498495e-003
1617 1.478335e-006 3.346713e-003
1618 9.149026e-006 1.524287e-003
1619 4.574363e-004 2.322105e-002
1620 2.531796e-004 4.621939e-002
1621 4.508427e-004 9.308588e-002
1622 1.612546e-004 1.015536e-002
1623 1.539211e-004 3.988123e-002
1624 1.104276e-003 4.099219e-002
1625 6.427669e-006 4.067745e-003
1626 2.335233e-004 3.370285e-002
1627 1.048304e-004 1.144211e-002
1628 2.109529e-004 2.506651e-002
1629 9.897361e-004 5.215549e-002
1630 9.227848e-004 6.335556e-002
1631 3.183169e-004 3.765092e-002
1632 3.227144e-004 3.219077e-002
1633 3.204695e-006 2.955056e-003
1634 1.791477e-005 5.909172e-003
1635 5.963572e-007 1.120158e-003
1636 4.505747e-006 2.738186e-003
1637 2.242763e-006 1.574312e-003
1638 1.432998e-005 2.743859e-003
1639 4.949601e-007 1.811608e-003
1640 4.834031e-004 2.298742e-002
1641 3.491953e-004 1.807316e-002
1642 2.014400e-003 6.193263e-002
1643 1.340114e-004 1.926937e-002
1644 7.621768e-006 7.518430e-003
1645 1.238627e-005 4.056702e-003
1646 3.365348e-003 2.473512e-001
1647 9.799804e-005 8.652418e-003
1648 1.210181e-005 2.936568e-003
1649 4.236992e-004 8.542414e-002
1650 2.990277e-004 2.208297e-002
1651 5.363372e-006 3.654089e-003
1652 1.934945e-004 3.786083e-002
1653 3.649020e-004 5.647813e-002
1654 3.695396e-005 1.793468e-002
1655 4.702736e-004 4.282777e-002
1656 7.888386e-005 1.362043e-002
1657 2.806784e-005 9.366784e-003
1658 7.655731e-006 4.210579e-003
1659 9.436395e-005 9.749391e-003
1660 7.230336e-005 6.479246e-003
1661 1.634011e-004 6.668813e-003
1662 2.689998e-005 4.427110e-003
1663 5.828145e-004 3.571243e-002
1664 1.949820e-005 6.297786e-003
1665 2.920342e-005 4.615431e-003
1666 4.477684e-004 2.047759e-002
1667 2.160398e-004 2.498758e-002
1668 4.148936e-008 8.840755e-004
1669 2.687607e-005 1.020349e-002
1670 1.161769e-005 2.233124e-003
1671 1.253109e-004 1.046690e-002
1672 6.029738e-004 5.591408e-002
1673 4.592884e-005 1.173955e-002
1674 2.197235e-005 8.610521e-003
1675 6.793664e-005 6.820179e-003
1676 4.646628e-006 2.582998e-003
1677 3.483866e-006 6.769379e-003
1678 1.787476e-006 3.423854e-003
1679 1.162299e-006 1.370565e-003
1680 1.100448e-004 9.285740e-003
1681 6.425201e-005 1.557670e-002
1682 8.645361e-005 1.115206e-002
1683 6.917931e-006 1.456924e-003
1684 1.499464e-005 2.395971e-003
1685 6.450435e-005 9.656336e-003
1686 2.312187e-004 1.042572e-002
1687 1.628165e-004 2.275990e-002
1688 1.306748e-004 1.025067e-002
1689 6.730712e-004 1.495122e-002
1690 3.252654e-006 1.396358e-003
1691 1.515848e-006 1.610074e-003
1692 3.122151e-005 4.519753e-003
1693 1.734054e-004 1.168861e-002
1694 2.875899e-004 2.602234e-002
1695 1.100451e-005 1.633116e-003
1696 6.102473e-004 1.049007e-001
1697 3.833504e-005 6.402513e-003
1698 5.681216e-004 4.691856e-002
1699 2.101989e-003 1.108429e-001
1700 1.266796e-005 3.796400e-003
1701 5.863250e-004 2.670349e-002
1702 9.102437e-004 4.501512e-002
1703 2.069904e-004 3.930106e-002
1704 6.946696e-006 1.353205e-003
1705 1.359594e-005 1.669734e-003
1706 3.323756e-006 1.844152e-003
1707 4.524093e-004 2.217867e-002
1708 1.836044e-005 7.635075e-003
1709 2.359701e-005 9.302227e-003
1710 9.534383e-006 1.071789e-002
1711 3.183388e-004 1.652429e-002
1712 1.461107e-004 2.275999e-002
1713 1.152420e-005 6.530612e-003
1714 1.262901e-004 1.580241e-002
1715 1.216716e-005 5.534914e-003
1716 1.726408e-005 4.075065e-003
1717 1.999142e-004 1.381285e-002
1718 2.770379e-005 1.036387e-002
1719 3.623133e-005 6.815394e-003
1720 4.334105e-005 7.816043e-003
1721 1.419469e-004 2.648574e-002
1722 4.440769e-005 7.160144e-003
1723 8.059947e-004 8.116892e-002
1724 1.854363e-005 2.276486e-003
1725 1.120184e-004 9.790996e-003
1726 6.731162e-004 3.093888e-002
1727 1.904347e-004 1.260401e-002
1728 9.875427e-005 1.414521e-002
1729 2.219674e-006 3.284562e-003
1730 2.967779e-004 3.060337e-002
1731 2.754303e-005 5.001699e-003
1732 6.522654e-006 1.778777e-003
1733 5.684428e-008 1.009546e-003
1734 3.226964e-004 1.521827e-002
1735 3.458785e-004 1.275364e-002
1736 6.384177e-007 1.127781e-003
1737 6.034241e-005 8.864012e-003
1738 2.228148e-005 1.962361e-003
1739 2.844227e-005 9.039088e-003
1740 2.521765e-004 4.486156e-002
1741 5.105135e-006 4.255504e-003
1742 5.158840e-004 3.711737e-002
1743 2.088854e-004 2.108732e-002
1744 2.335712e-004 1.338268e-002
1745 2.931018e-005 7.229709e-003
1746 1.822831e-005 2.096598e-003
1747 5.459058e-006 6.293114e-003
1748 2.355700e-003 1.483266e-001
1749 3.620950e-005 7.658222e-003
1750 1.088687e-005 7.093607e-003
1751 5.670190e-006 5.764455e-003
1752 4.904184e-006 1.936272e-003
1753 2.782327e-004 2.096771e-002
1754 3.364051e-006 4.901402e-003
1755 8.018634e-005 4.324468e-003
1756 1.725808e-005 1.677080e-002
1757 2.639519e-005 1.304846e-002
1758 1.676534e-004 7.313082e-003
1759 1.460020e-005 3.943143e-003
1760 1.130344e-003 8.090771e-002
1761 1.913262e-005 6.591157e-003
1762 7.618564e-006 3.085739e-003
1763 3.281625e-005 1.062679e-002
1764 2.906099e-005 5.956357e-003
1765 6.382024e-005 1.499226e-002
1766 1.965061e-005 3.261388e-003
1767 3.235588e-005 4.373292e-003
1768 1.265727e-004 1.853255e-002
1769 3.067658e-004 1.025054e-002
1770 3.138388e-005 7.327997e-003
1771 6.343264e-005 7.592531e-003
1772 1.831735e-003 9.582532e-002
1773 2.055631e-003 7.384220e-002
1774 3.473660e-006 2.695539e-003
1775 5.733170e-006 2.553612e-003
1776 8.929118e-005 1.777560e-002
1777 3.891733e-005 4.709436e-003
1778 3.132237e-005 5.388805e-003
1779 1.104291e-004 1.164879e-002
1780 5.266175e-006 2.708542e-003
1781 7.270168e-007 1.279920e-003
1782 7.108610e-006 3.039258e-003
1783 1.542433e-005 6.239577e-003
1784 1.210026e-004 1.575281e-002
1785 1.896638e-005 2.830392e-003
1786 1.289769e-004 2.455799e-002
1787 5.593891e-004 2.264199e-002
1788 1.460016e-005 4.218682e-003
1789 5.231937e-005 2.732498e-002
1790 7.966171e-006 1.626120e-003
1791 2.902807e-005 3.404887e-003
1792 1.127739e-005 2.918567e-003
1793 1.472998e-005 9.039117e-003
1794 3.208149e-005 1.465642e-002
1795 1.559498e-005 1.698756e-003
1796 5.315214e-004 7.653284e-002
1797 6.627143e-005 1.388455e-002
1798 2.035198e-005 5.579659e-003
1799 3.594897e-006 2.096100e-003
1800 3.274437e-004 3.261884e-002
1801 1.840830e-005 2.378694e-003
1802 1.005772e-004 1.244186e-002
1803 3.578009e-006 1.887767e-003
1804 5.863504e-006 1.900206e-003
1805 2.693666e-006 1.096016e-002
1806 2.303437e-005 4.331070e-003
1807 2.122130e-006 1.358220e-003
1808 4.773499e-003 1.847806e-001
1809 3.530800e-005 6.947200e-003
1810 2.665502e-004 1.856124e-002
1811 2.948384e-005 6.662967e-003
1812 3.864100e-005 5.049152e-003
1813 3.359733e-005 7.591014e-003
1814 1.826926e-005 2.129396e-003
1815 1.970222e-004 1.765123e-002
1816 1.874454e-004 1.539505e-002
1817 5.148735e-006 2.880435e-003
1818 1.425767e-005 4.345210e-003
1819 2.608083e-007 2.075320e-003
1820 2.334415e-006 1.505954e-003
1821 1.916861e-006 3.327568e-003
1822 3.364526e-004 1.672847e-002
1823 4.521802e-004 2.755028e-002
1824 2.284792e-004 3.340037e-002
1825 8.457510e-004 3.730663e-002
1826 3.622518e-004 2.922419e-002
1827 8.520440e-005 1.355599e-002
1828 1.063992e-004 8.733967e-003
1829 3.247823e-005 7.387919e-003
1830 4.669978e-006 2.766285e-003
1831 4.057111e-006 1.572986e-003
1832 3.817328e-005 1.255679e-002
1833 4.454649e-005 4.145248e-003
1834 2.858907e-005 3.187808e-003
1835 7.128782e-006 3.314725e-003
1836 3.588125e-004 2.794492e-002
1837 1.985314e-003 3.344571e-002
1838 6.141817e-005 3.046038e-003
1839 1.445114e-004 2.346283e-002
1840 2.137626e-004 1.416365e-002
1841 3.121956e-004 2.215741e-002
1842 1.154339e-005 6.341500e-003
1843 1.834652e-005 5.627632e-003
1844 1.209166e-005 2.520324e-003
1845 1.045388e-004 1.073948e-002
1846 2.533500e-006 3.428120e-003
1847 4.952116e-004 3.191517e-002
1848 3.513773e-006 2.128904e-003
1849 6.486850e-005 1.259008e-002
1850 1.808837e-005 1.391906e-002
1851 5.399871e-005 3.334330e-002
1852 6.868153e-005 1.290030e-002
1853 2.151451e-004 1.224687e-002
1854 2.795273e-004 6.104749e-002
1855 1.463073e-004 2.646433e-002
1856 1.754598e-006 2.211775e-003
1857 2.679677e-006 4.381815e-003
1858 1.160756e-005 2.755448e-003
1859 1.269034e-005 2.872126e-003
1860 9.542618e-005 1.153529e-002
1861 8.788816e-006 7.063790e-003
1862 1.155867e-003 6.030285e-002
1863 6.920582e-006 2.613753e-003
1864 3.564511e-006 1.907983e-003
1865 3.054391e-005 9.715593e-003
1866 1.055234e-004 1.835257e-002
1867 1.173920e-006 2.556612e-003
1868 1.295238e-005 3.016897e-003
1869 1.122753e-003 7.511087e-002
1870 3.669180e-005 4.023447e-003
1871 2.117731e-005 1.002057e-002
1872 8.508022e-006 7.009195e-003
1873 3.512077e-006 1.729468e-003
1874 9.833752e-007 1.918394e-003
1875 4.410882e-004 2.460558e-002
1876 3.219386e-006 2.186402e-003
1877 1.464567e-005 2.334064e-003
1878 3.103223e-005 6.020923e-003
1879 4.139411e-005 1.015909e-002
1880 1.922380e-004 6.222679e-003
1881 3.308393e-004 3.823325e-002
1882 1.067918e-005 2.567108e-003
1883 4.598169e-005 9.139175e-003
1884 6.071018e-005 3.858179e-003
1885 2.198642e-005 4.957438e-003
1886 4.994263e-005 4.446668e-003
1887 6.449024e-005 7.492813e-003
1888 1.168415e-005 2.591292e-003
1889 1.559062e-006 1.156918e-003
1890 5.715519e-005 7.115128e-003
1891 3.317553e-004 6.826325e-002
1892 2.521131e-005 8.717638e-003
1893 8.373427e-005 1.745902e-002
1894 3.334279e-003 1.113783e-001
1895 2.694568e-004 2.810517e-002
1896 3.388907e-004 1.636044e-002
1897 9.623928e-006 3.618411e-003
1898 1.546294e-004 3.318144e-002
1899 5.534157e-005 5.976821e-003
1900 2.493849e-004 8.697427e-003
1901 3.736335e-006 2.397037e-003
1902 3.665860e-006 1.590773e-003
1903 1.879006e-005 7.136057e-003
1904 7.087626e-005 4.104674e-003
1905 1.829658e-005 2.398533e-003
1906 6.484246e-006 4.138466e-003
1907 1.501514e-005 3.530226e-003
1908 3.326433e-006 1.451728e-003
1909 1.969623e-005 3.120122e-003
1910 1.929384e-004 2.220149e-002
1911 9.169229e-005 6.696489e-003
1912 1.877391e-004 1.340350e-002
1913 1.797762e-004 4.443104e-003
1914 2.014363e-005 3.176414e-003
1915 2.020227e-005 7.160570e-003
1916 2.325113e-003 8.677272e-002
1917 4.483512e-003 1.380009e-001
1918 1.166982e-004 2.182114e-002
1919 5.343291e-005 8.953383e-003
1920 2.107133e-005 2.854562e-003
1921 1.161956e-006 1.297203e-003
1922 2.202400e-005 2.124308e-003
1923 8.954454e-006 1.668769e-003
1924 6.094829e-006 2.033662e-003
1925 9.370115e-006 1.686576e-003
1926 4.291555e-004 2.002213e-002
1927 1.159944e-004 8.157031e-003
1928 1.841218e-006 1.589548e-003
1929 5.508243e-005 4.160362e-003
1930 1.063544e-004 1.254598e-002
1931 3.640909e-005 8.746946e-003
1932 4.341413e-004 1.888155e-002
1933 6.736629e-005 1.034698e-002
1934 4.338474e-004 3.655312e-002
1935 5.767401e-005 1.135096e-002
1936 1.172702e-004 7.943159e-003
1937 1.399352e-005 3.340766e-003
1938 1.446131e-005 1.647986e-003
1939 1.936477e-003 5.751363e-002
1940 4.126481e-005 1.908156e-002
1941 5.277795e-005 7.574928e-003
1942 3.411116e-004 4.320526e-002
1943 1.132306e-004 2.093405e-002
1944 3.426767e-004 1.775447e-002
1945 1.781343e-004 1.045204e-002
1946 8.324233e-006 4.022851e-003
1947 1.044127e-005 1.811029e-003
1948 5.709667e-006 1.582149e-003
1949 5.115735e-004 6.702242e-002
1950 9.687017e-005 9.956116e-003
1951 6.139931e-004 2.643527e-002
1952 9.003936e-006 5.982539e-003
1953 1.261520e-004 1.407778e-002
1954 5.965031e-004 1.731551e-002
1955 4.064712e-005 4.585126e-003
1956 1.359858e-004 1.422706e-002
1957 1.930735e-005 5.349718e-003
1958 5.224753e-005 9.530024e-003
1959 8.830704e-005 2.036676e-002
1960 9.607148e-005 1.038364e-002
1961 3.205482e-004 2.213896e-002
1962 1.186865e-004 1.760865e-002
1963 2.692947e-004 2.168315e-002
1964 1.998331e-005 3.075715e-003
1965 8.673619e-005 1.017065e-002
1966 2.157901e-005 5.972796e-003
1967 2.454147e-004 4.025683e-002
1968 3.742473e-006 1.818172e-003
1969 7.978955e-005 1.441042e-002
1970 2.000982e-004 1.520682e-002
1971 1.213449e-003 5.308514e-002
1972 5.330514e-005 3.574617e-003
1973 6.990273e-004 3.083095e-002
1974 1.389366e-005 3.844496e-003
1975 6.578598e-004 4.834937e-002
1976 1.926842e-004 3.018224e-002
1977 2.186475e-005 4.364867e-003
1978 4.479795e-006 3.829194e-003
1979 1.415362e-004 2.938665e-002
1980 2.272755e-005 1.497974e-003
1981 1.492118e-004 1.560257e-002
1982 1.565400e-005 2.222879e-003
1983 3.621673e-006 1.983957e-003
1984 1.301465e-004 1.904638e-002
1985 6.013020e-005 4.683669e-003
1986 5.514689e-006 3.667810e-003
1987 2.633242e-004 2.254707e-002
1988 2.701783e-004 2.307356e-002
1989 1.826194e-006 1.249927e-003
1990 6.998367e-006 2.923589e-003
1991 4.612861e-006 4.753710e-003
1992 5.855727e-004 4.846185e-002
1993 6.023726e-007 1.145037e-003
1994 1.095643e-006 1.211504e-003
1995 1.124737e-003 2.138152e-002
1996 1.059676e-005 3.172874e-003
1997 8.286616e-006 1.664424e-003
1998 3.827321e-005 3.596635e-003
1999 1.016407e-004 5.234630e-003
2000 3.953173e-006 2.343403e-003
2001 6.888957e-006 2.518161e-003
