1 3.780383e-004 9.800681e-003
2 7.377768e-006 1.736762e-002
3 5.143772e-006 1.797456e-003
4 3.289200e-006 1.621068e-003
5 1.049393e-005 2.048014e-003
6 7.401640e-004 3.655129e-002
7 8.517842e-005 6.480886e-003
8 3.069822e-004 3.302907e-002
9 5.418959e-007 2.370746e-003
10 8.438171e-004 3.621153e-002
11 1.540082e-005 4.008125e-003
12 1.028899e-006 1.182240e-003
13 9.259095e-004 4.953182e-002
14 1.254670e-005 7.153791e-003
15 1.204035e-005 2.685740e-003
16 1.490882e-004 7.564546e-003
17 4.975414e-006 1.456745e-003
18 6.468667e-004 1.871813e-002
19 1.802546e-005 6.068052e-003
20 8.455164e-007 1.009270e-003
21 5.153854e-004 4.930177e-002
22 4.395431e-006 2.144138e-003
23 3.304080e-004 1.364009e-002
24 1.300036e-003 4.092366e-002
25 1.035435e-003 3.871078e-002
26 1.180808e-005 2.438266e-003
27 2.854601e-005 4.382046e-003
28 2.415719e-005 2.186841e-003
29 1.648507e-003 6.956164e-002
30 3.531062e-003 1.399868e-001
31 2.398105e-003 7.942331e-002
32 3.041401e-005 3.065215e-003
33 2.840453e-006 1.141288e-003
34 3.415681e-006 9.840758e-004
35 7.284443e-006 2.658296e-003
36 1.276742e-003 2.755128e-002
37 2.731357e-004 2.286676e-002
38 5.536457e-005 5.564306e-003
39 1.905687e-006 1.819295e-003
40 1.312554e-005 2.973509e-003
41 1.104757e-004 4.409612e-003
42 5.853873e-006 4.726520e-003
43 1.024770e-003 4.768448e-002
44 1.364696e-004 4.727671e-003
45 2.390028e-004 7.047503e-003
46 3.728749e-005 5.280280e-003
47 3.051944e-003 4.882290e-002
48 5.202132e-004 2.037923e-002
49 3.493668e-005 4.541992e-003
50 1.607992e-003 8.549855e-002
51 7.558411e-005 7.729058e-003
52 8.909888e-005 1.146026e-002
53 1.596644e-005 2.276151e-003
54 3.672267e-005 6.008616e-003
55 1.152254e-005 3.912943e-003
56 3.891210e-005 4.418012e-003
57 4.153284e-005 9.815067e-003
58 1.956237e-004 1.266797e-002
59 9.035678e-005 1.226229e-002
60 1.679680e-006 1.322239e-003
61 4.091243e-003 1.507749e-001
62 3.402645e-004 2.261081e-002
63 2.057578e-006 1.560873e-003
64 5.202494e-006 3.882815e-003
65 1.947600e-004 9.548405e-003
66 1.059559e-005 2.456575e-003
67 4.113962e-005 5.208006e-003
68 2.844424e-005 5.954068e-003
69 2.563274e-006 1.348377e-003
70 1.517443e-006 1.212102e-003
71 8.472690e-004 3.428766e-002
72 2.056743e-004 4.451544e-003
73 1.888084e-005 3.546209e-003
74 5.685586e-004 8.606479e-002
75 1.369967e-005 2.161072e-003
76 3.815433e-006 2.323757e-003
77 2.102215e-004 1.268134e-002
78 3.236513e-003 9.954459e-002
79 3.026069e-004 9.213116e-003
80 2.206978e-006 1.444146e-003
81 1.451460e-006 1.255632e-003
82 2.981577e-005 1.766731e-003
83 5.722136e-005 5.306515e-003
84 3.194334e-006 1.658397e-003
85 1.507878e-004 8.366797e-003
86 3.973943e-005 4.099591e-003
87 9.067461e-006 2.049519e-003
88 3.067560e-006 1.581658e-003
89 1.149596e-004 1.146673e-002
90 1.204020e-003 3.999208e-002
91 7.185838e-004 1.647135e-002
92 2.633685e-003 7.369780e-002
93 9.975292e-005 4.827391e-003
94 1.763569e-005 2.849827e-003
95 6.198568e-003 9.961360e-002
96 3.201771e-005 2.047966e-003
97 1.646867e-004 1.682383e-002
98 2.201679e-005 2.028070e-003
99 1.168389e-005 1.645810e-003
100 1.105131e-003 4.491156e-002
101 1.239832e-005 3.373264e-003
102 2.711278e-005 1.249792e-002
103 1.789705e-004 2.532332e-002
104 1.526856e-004 1.007065e-002
105 1.976798e-004 8.592155e-003
106 2.106438e-005 7.563203e-003
107 4.328165e-006 2.636836e-003
108 7.639749e-005 1.302754e-002
109 6.007452e-006 4.429060e-003
110 5.506725e-005 6.720508e-003
111 2.705651e-003 6.964388e-002
112 4.258209e-004 2.020056e-002
113 8.597603e-004 5.780910e-002
114 1.131663e-003 3.549453e-002
115 2.016583e-004 1.809552e-002
116 2.228915e-004 1.866752e-002
117 2.065569e-004 1.886982e-002
118 2.243671e-004 1.421737e-002
119 4.327999e-006 4.464330e-003
120 3.776085e-006 3.555009e-003
121 9.328959e-005 8.652443e-003
122 3.544545e-006 1.532968e-003
123 2.575125e-005 4.327393e-003
124 5.078027e-005 6.028586e-003
125 6.190666e-006 3.786929e-003
126 3.193617e-005 4.867691e-003
127 6.289936e-005 8.207600e-003
128 5.233239e-005 6.013835e-003
129 1.667608e-005 3.826642e-003
130 9.939418e-006 3.480859e-003
131 3.507741e-005 5.211716e-003
132 1.601714e-005 3.857152e-003
133 5.514004e-005 5.594373e-003
134 2.203202e-004 1.318704e-002
135 2.384108e-005 3.387028e-003
136 3.313593e-005 3.028082e-003
137 1.378699e-004 7.725420e-003
138 4.093428e-005 8.305643e-003
139 3.457396e-005 6.950915e-003
140 1.067100e-005 4.839117e-003
141 7.654911e-006 2.851123e-003
142 4.691959e-006 2.843113e-003
143 3.416495e-005 5.641530e-003
144 6.500163e-005 7.211746e-003
145 7.374165e-006 4.510347e-003
146 3.099435e-005 5.015309e-003
147 4.688964e-005 4.218627e-003
148 2.376152e-005 7.311679e-003
149 5.922661e-006 3.618918e-003
150 9.689800e-006 3.759953e-003
151 9.016301e-005 6.135398e-003
152 3.830348e-005 3.421535e-003
153 7.640580e-006 2.798362e-003
154 1.456452e-005 3.357782e-003
155 5.059118e-006 2.888129e-003
156 2.089408e-005 2.936087e-003
157 1.603126e-005 3.419368e-003
158 2.374262e-005 3.025019e-003
159 6.012680e-005 3.877571e-003
160 8.565656e-006 4.503737e-003
161 2.958882e-006 3.034040e-003
162 1.721076e-006 2.960386e-003
163 2.728524e-006 2.992566e-003
164 1.179325e-006 1.609694e-003
165 1.987908e-006 1.631900e-003
166 2.005579e-006 1.615011e-003
167 2.722373e-006 2.897125e-003
168 7.668880e-006 3.041088e-003
169 3.718419e-005 4.458935e-003
170 1.290259e-006 1.608707e-003
171 3.486346e-005 2.860223e-003
172 8.071736e-006 3.117034e-003
173 2.022931e-006 1.592868e-003
174 7.197564e-006 2.986276e-003
175 7.507725e-006 3.001259e-003
176 4.588919e-006 2.932216e-003
177 3.145800e-006 1.611053e-003
178 6.337860e-006 2.106451e-003
179 2.022931e-006 1.592868e-003
180 7.507725e-006 3.001259e-003
181 2.312479e-006 2.087574e-003
182 8.163014e-006 3.276364e-003
183 6.879703e-007 1.187731e-003
184 2.022931e-006 1.592868e-003
185 1.781305e-006 1.207862e-003
186 2.570766e-006 2.120901e-003
187 1.515124e-006 1.879480e-003
188 1.200102e-006 1.577399e-003
189 6.519170e-007 1.126595e-003
190 1.056758e-006 1.194241e-003
191 8.687106e-005 9.340011e-003
192 7.952946e-006 2.976894e-003
193 4.955244e-005 7.406884e-003
194 8.512495e-005 9.557259e-003
195 2.266968e-005 4.198821e-003
196 2.587719e-005 5.987009e-003
197 4.022352e-005 6.137340e-003
198 2.426795e-005 4.263322e-003
199 8.600864e-005 8.494762e-003
200 2.987098e-005 6.267879e-003
201 6.472612e-005 5.468663e-003
202 6.915736e-005 1.314063e-002
203 1.259733e-005 2.992790e-003
204 3.108958e-005 3.230237e-003
205 4.213800e-005 5.167976e-003
206 1.259733e-005 2.992790e-003
207 6.886789e-005 5.779532e-003
208 1.325028e-005 3.111385e-003
209 4.213800e-005 5.167976e-003
210 3.108958e-005 3.230237e-003
211 6.364442e-006 2.068163e-003
212 1.171178e-004 5.971540e-003
213 6.050812e-006 2.011199e-003
214 2.061102e-005 3.388771e-003
215 1.200733e-005 2.961697e-003
216 2.098822e-005 3.137870e-003
217 5.104769e-006 1.625000e-003
218 1.498191e-004 1.305154e-002
219 6.111302e-005 5.527629e-003
220 1.200733e-005 2.961697e-003
221 1.200733e-005 2.961697e-003
222 3.474908e-005 4.716832e-003
223 5.253360e-005 7.799489e-003
224 1.234580e-005 2.812156e-003
225 2.912445e-005 4.575602e-003
226 2.279709e-005 3.031280e-003
227 2.288710e-005 3.256057e-003
228 2.570302e-005 3.977185e-003
229 8.516592e-005 6.854354e-003
230 4.787687e-005 5.309652e-003
231 2.926360e-005 5.045983e-003
232 1.744194e-005 4.418526e-003
233 4.635265e-005 4.947786e-003
234 2.500363e-005 4.123082e-003
235 1.027277e-005 4.301800e-003
236 2.424886e-005 3.814138e-003
237 8.332078e-006 3.231013e-003
238 2.838024e-005 4.684403e-003
239 9.312719e-006 3.381595e-003
240 1.317800e-005 2.688477e-003
241 1.405604e-005 3.479762e-003
242 2.424886e-005 3.814138e-003
243 4.966155e-006 3.030117e-003
244 2.824528e-005 4.033580e-003
245 1.480719e-005 3.796883e-003
246 1.405604e-005 3.479762e-003
247 2.500363e-005 4.123082e-003
248 4.473132e-006 2.526079e-003
249 2.989688e-005 5.226183e-003
250 1.523612e-005 3.485756e-003
251 7.318291e-006 2.576110e-003
252 2.926360e-005 5.045983e-003
253 8.377799e-006 3.178378e-003
254 1.734675e-005 4.528107e-003
255 3.085732e-005 5.464100e-003
256 7.318291e-006 2.576110e-003
257 8.332078e-006 3.231013e-003
258 2.759799e-005 2.718036e-003
259 2.926402e-005 3.046409e-003
260 6.158429e-005 4.992679e-003
261 2.982095e-005 3.009229e-003
262 1.882656e-005 2.954424e-003
263 3.087947e-005 3.176566e-003
264 7.059952e-005 6.803843e-003
265 2.169054e-005 3.892278e-003
266 9.964649e-005 6.005430e-003
267 1.752290e-004 1.903812e-002
268 5.288398e-005 9.325588e-003
269 1.462129e-004 1.139691e-002
270 1.892570e-005 3.176148e-003
271 2.926402e-005 3.046409e-003
272 5.418296e-005 4.596689e-003
273 1.892570e-005 3.176148e-003
274 4.825181e-005 3.551127e-003
275 2.540150e-005 5.302006e-003
276 1.462129e-004 1.139691e-002
277 1.116885e-005 2.739112e-003
278 9.537165e-006 2.119266e-003
279 7.022972e-005 6.296913e-003
280 2.216363e-005 4.406180e-003
281 2.540150e-005 5.302006e-003
282 7.419958e-005 7.655489e-003
283 1.564293e-005 2.231799e-003
284 2.926402e-005 3.046409e-003
285 3.866161e-005 4.855721e-003
286 5.418296e-005 4.596689e-003
287 1.882656e-005 2.954424e-003
288 4.577089e-005 7.771230e-003
289 1.075215e-004 8.092384e-003
290 1.075215e-004 8.092384e-003
291 1.892570e-005 3.176148e-003
292 3.090552e-005 3.367683e-003
293 1.124843e-004 8.702433e-003
294 8.894627e-005 5.320101e-003
295 1.771009e-004 1.190402e-002
296 8.671842e-004 2.360739e-002
297 7.703471e-004 2.061575e-002
298 2.758488e-004 7.137392e-003
299 2.729152e-005 2.664701e-003
300 3.198830e-005 4.011681e-003
301 1.991503e-004 1.070672e-002
302 5.223666e-005 4.321749e-003
303 6.408531e-006 2.891180e-003
304 9.206648e-006 2.141700e-003
305 2.246049e-006 2.622982e-003
306 3.557703e-006 2.630501e-003
307 2.246049e-006 2.622982e-003
308 2.176842e-006 2.545034e-003
309 4.098819e-005 2.847460e-003
310 1.632605e-005 3.044782e-003
311 2.246049e-006 2.622982e-003
312 8.716277e-006 2.036119e-003
313 1.369873e-006 2.525842e-003
314 1.369873e-006 2.525842e-003
315 2.340029e-006 2.649560e-003
316 3.921169e-006 2.744384e-003
317 1.897893e-006 1.908835e-003
318 1.864867e-006 1.907470e-003
319 8.691985e-006 1.927259e-003
320 1.394724e-006 2.491713e-003
321 1.018059e-006 1.414029e-003
322 1.685456e-004 3.082755e-002
323 1.256509e-004 1.723886e-002
324 9.029509e-006 8.552593e-003
325 3.389888e-005 7.257493e-003
326 1.247188e-005 2.792776e-003
327 2.299984e-004 8.969365e-003
328 7.234997e-005 7.209989e-003
329 6.220182e-004 2.838579e-002
330 5.574595e-004 2.027203e-002
331 1.985013e-004 1.483568e-002
332 1.071688e-003 4.229635e-002
333 2.516484e-005 3.710921e-003
334 1.287284e-004 6.771308e-003
335 6.235019e-005 5.118419e-003
336 5.470657e-005 6.979321e-003
337 4.909809e-004 1.612807e-002
338 1.277033e-004 1.072426e-002
339 3.828326e-004 1.362663e-002
340 1.825672e-005 2.892584e-003
341 6.583692e-006 2.520292e-003
342 6.444594e-005 6.035384e-003
343 9.599899e-005 1.246383e-002
344 1.707482e-005 2.853158e-003
345 1.497341e-005 4.804338e-003
346 3.554353e-006 2.206755e-003
347 6.333755e-006 2.635259e-003
348 6.089308e-005 5.348336e-003
349 2.324033e-005 4.769153e-003
350 6.886578e-006 2.982207e-003
351 6.497432e-006 2.548970e-003
352 3.335168e-006 2.059098e-003
353 1.171142e-005 3.013256e-003
354 1.171142e-005 3.013256e-003
355 1.168178e-005 3.130727e-003
356 3.756594e-006 2.226054e-003
357 2.324033e-005 4.769153e-003
358 6.409188e-005 5.910220e-003
359 2.235269e-005 3.986459e-003
360 1.366583e-005 4.707538e-003
361 1.692061e-004 1.638899e-002
362 3.488604e-006 2.293095e-003
363 7.027083e-006 3.035573e-003
364 3.335168e-006 2.059098e-003
365 5.285588e-005 9.918962e-003
366 1.177309e-005 3.371267e-003
367 2.663549e-005 5.925496e-003
368 2.324033e-005 4.769153e-003
369 1.843198e-004 2.182473e-002
370 5.527209e-005 1.018542e-002
371 1.020764e-004 1.400104e-002
372 5.975059e-003 9.788377e-002
373 7.598616e-004 7.976152e-002
374 2.287421e-003 1.085484e-001
375 2.785324e-004 1.234320e-002
376 3.314573e-004 3.141216e-002
377 4.105626e-005 7.159496e-003
378 4.736650e-005 9.183853e-003
379 2.780094e-005 6.094027e-003
380 6.246052e-005 4.368442e-003
381 7.862762e-006 1.410751e-003
382 9.841953e-005 5.725740e-003
383 7.862762e-006 1.410751e-003
384 2.924445e-005 2.852698e-003
385 5.614724e-006 4.309301e-003
386 9.528219e-006 4.759525e-003
387 2.309477e-005 1.015705e-002
388 1.616088e-005 2.367239e-003
389 3.396610e-005 4.166554e-003
390 2.199696e-005 3.932864e-003
391 1.339274e-004 1.616775e-002
392 4.662315e-005 5.971358e-003
393 3.861611e-005 8.059592e-003
394 7.241937e-006 2.507150e-003
395 2.883429e-005 5.691844e-003
396 1.215418e-004 1.867214e-002
397 5.102321e-005 7.308172e-003
398 8.343902e-005 7.671334e-003
399 2.536999e-005 5.139302e-003
400 5.125111e-005 8.390383e-003
401 2.641711e-005 5.318964e-003
402 2.641711e-005 5.318964e-003
403 2.536999e-005 5.139302e-003
404 4.452953e-005 5.759750e-003
405 4.452953e-005 5.759750e-003
406 2.536999e-005 5.139302e-003
407 1.331229e-005 3.896322e-003
408 1.518094e-005 4.782274e-003
409 2.969788e-004 1.814399e-002
410 9.212215e-005 9.429561e-003
411 9.378090e-005 1.006399e-002
412 1.507321e-004 1.106312e-002
413 1.518094e-005 4.782274e-003
414 2.721762e-005 5.236384e-003
415 2.243962e-005 4.118446e-003
416 2.721762e-005 5.236384e-003
417 4.452953e-005 5.759750e-003
418 5.018660e-004 2.216077e-002
419 6.071859e-004 3.567161e-002
420 3.228679e-004 2.058327e-002
421 4.669838e-005 6.200652e-003
422 9.850851e-005 9.901175e-003
423 3.360370e-004 2.343260e-002
424 1.107145e-003 6.082921e-002
425 1.931488e-004 1.861385e-002
426 1.611654e-004 1.179539e-002
427 5.497750e-004 2.989423e-002
428 1.614504e-004 1.309009e-002
429 1.663428e-004 1.258540e-002
430 1.663428e-004 1.258540e-002
431 3.118327e-004 2.214364e-002
432 9.850851e-005 9.901175e-003
433 9.850851e-005 9.901175e-003
434 1.663428e-004 1.258540e-002
435 3.112821e-004 1.964299e-002
436 1.162050e-004 1.661742e-002
437 1.614504e-004 1.309009e-002
438 1.663428e-004 1.258540e-002
439 8.966430e-004 4.163569e-002
440 6.016481e-005 1.022891e-002
441 6.016481e-005 1.022891e-002
442 4.810433e-004 3.224506e-002
443 1.457112e-004 1.902270e-002
444 1.050574e-003 6.727843e-002
445 9.434212e-004 3.540551e-002
446 1.829412e-007 9.079639e-004
447 4.274918e-007 1.209952e-003
448 1.115354e-007 9.066479e-004
449 1.115354e-007 9.066479e-004
450 2.154246e-007 9.873462e-004
451 3.258859e-006 1.633553e-003
452 4.274918e-007 1.209952e-003
453 6.130197e-007 1.076773e-003
454 7.205940e-007 1.218654e-003
455 4.274918e-007 1.209952e-003
456 3.614333e-007 1.024859e-003
457 3.402203e-007 9.195906e-004
458 4.274918e-007 1.209952e-003
459 6.595866e-005 1.248243e-002
460 1.877044e-006 2.547981e-003
461 2.213326e-007 1.049814e-003
462 3.236470e-006 2.772838e-003
463 6.090840e-007 1.092737e-003
464 7.172340e-007 1.284394e-003
465 1.028508e-006 1.133587e-003
466 1.211131e-006 1.357466e-003
467 3.604693e-007 1.075148e-003
468 2.183596e-007 1.087371e-003
469 7.172340e-007 1.284394e-003
470 4.897330e-007 1.726056e-003
471 2.513748e-007 1.208819e-003
472 6.090840e-007 1.092737e-003
473 7.172340e-007 1.284394e-003
474 1.352843e-007 1.044501e-003
475 7.172340e-007 1.284394e-003
476 1.536310e-006 1.380814e-003
477 1.031945e-005 2.476089e-003
478 4.427581e-005 2.812133e-003
479 1.669716e-006 1.475697e-003
480 3.863916e-006 1.962696e-003
481 5.643909e-006 1.686903e-003
482 2.059405e-006 2.051652e-003
483 1.258762e-006 2.032112e-003
484 5.487314e-006 1.785384e-003
485 1.966917e-006 1.709906e-003
486 5.428990e-005 9.243204e-003
487 9.832213e-007 1.457218e-003
488 5.287466e-005 7.071845e-003
489 6.745014e-004 2.487838e-002
490 2.664495e-005 4.779645e-003
491 7.637242e-005 5.435667e-003
492 2.633916e-005 4.737134e-003
493 4.131208e-005 5.010899e-003
494 2.980799e-005 5.858304e-003
495 2.517887e-005 4.419482e-003
496 9.978595e-005 9.171262e-003
497 2.848758e-004 1.117071e-002
498 4.347112e-005 4.825133e-003
499 4.964797e-005 6.537849e-003
500 1.624487e-005 4.618777e-003
501 3.136785e-005 6.663465e-003
502 7.368025e-004 3.920719e-002
503 2.664495e-005 4.779645e-003
504 4.359261e-005 5.161014e-003
505 1.580710e-005 4.573852e-003
506 1.501152e-004 8.659068e-003
507 2.253059e-004 8.871283e-003
508 4.933369e-005 6.338008e-003
509 4.537775e-005 6.255845e-003
510 5.382672e-005 7.663823e-003
511 3.960257e-005 4.863185e-003
512 4.675282e-005 6.168124e-003
513 3.960257e-005 4.863185e-003
514 1.251437e-003 4.648185e-002
515 4.937377e-005 5.402220e-003
516 4.937377e-005 5.402220e-003
517 9.536274e-005 8.182517e-003
518 5.043708e-005 5.081310e-003
519 1.722645e-004 8.672431e-003
520 1.696363e-004 1.102727e-002
521 1.722645e-004 8.672431e-003
522 1.722645e-004 8.672431e-003
523 1.722645e-004 8.672431e-003
524 1.586549e-004 7.326290e-003
525 4.937377e-005 5.402220e-003
526 1.722645e-004 8.672431e-003
527 8.918944e-005 5.655871e-003
528 3.360959e-005 4.760130e-003
529 1.722645e-004 8.672431e-003
530 1.798727e-005 4.538130e-003
531 4.937377e-005 5.402220e-003
532 1.948839e-004 1.003058e-002
533 6.863560e-005 1.000320e-002
534 1.095559e-004 7.978722e-003
535 1.095559e-004 7.978722e-003
536 4.004205e-004 1.774283e-002
537 2.447476e-004 1.600488e-002
538 6.863560e-005 1.000320e-002
539 2.116013e-004 1.180515e-002
540 1.354881e-004 1.530883e-002
541 1.354881e-004 1.530883e-002
542 6.969267e-004 2.543452e-002
543 2.028451e-004 1.123622e-002
544 4.937377e-005 5.402220e-003
545 1.721984e-005 3.081209e-003
546 1.419693e-005 2.292381e-003
547 9.389605e-006 2.217858e-003
548 1.026352e-005 2.521929e-003
549 2.659957e-006 1.488022e-003
550 1.721984e-005 3.081209e-003
551 8.461775e-006 1.921285e-003
552 1.189090e-004 9.028551e-003
553 7.817914e-005 7.890012e-003
554 2.713929e-005 2.819446e-003
555 4.633764e-005 3.537844e-003
556 7.975859e-006 1.733284e-003
557 1.582742e-005 2.410198e-003
558 2.744123e-005 2.904377e-003
559 9.389605e-006 2.217858e-003
560 1.582742e-005 2.410198e-003
561 9.389605e-006 2.217858e-003
562 9.389605e-006 2.217858e-003
563 3.332382e-005 3.632258e-003
564 9.389605e-006 2.217858e-003
565 9.814791e-005 6.457418e-003
566 1.617579e-005 2.330985e-003
567 5.357354e-005 4.206500e-003
568 3.150244e-005 4.064466e-003
569 4.989932e-005 4.156171e-003
570 5.241975e-005 4.468849e-003
571 2.655481e-005 2.952347e-003
572 4.742931e-005 3.897757e-003
573 2.524035e-005 2.813599e-003
574 3.150244e-005 4.064466e-003
575 2.634201e-005 3.206067e-003
576 3.150244e-005 4.064466e-003
577 4.383285e-005 3.544208e-003
578 3.861107e-005 6.135594e-003
579 4.629836e-004 3.089681e-002
580 5.241975e-005 4.468849e-003
581 9.895698e-006 2.430665e-003
582 5.241975e-005 4.468849e-003
583 3.252511e-005 4.270182e-003
584 2.655481e-005 2.952347e-003
585 5.241975e-005 4.468849e-003
586 4.381414e-005 6.947191e-003
587 5.363064e-005 9.248401e-003
588 3.737667e-005 4.752520e-003
589 1.267602e-005 1.785162e-003
590 1.652419e-003 4.232311e-002
591 5.248573e-005 4.885715e-003
592 2.756979e-005 2.624626e-003
593 1.273938e-004 1.149048e-002
594 1.927530e-005 3.465550e-003
595 2.597614e-005 5.694037e-003
596 2.057341e-003 1.007687e-001
597 3.338326e-006 1.851790e-003
598 3.242629e-006 1.783057e-003
599 3.338326e-006 1.851790e-003
600 5.475547e-006 1.891180e-003
601 6.406399e-006 2.424966e-003
602 6.447795e-006 2.356141e-003
603 1.106141e-005 2.937651e-003
604 3.338326e-006 1.851790e-003
605 5.475547e-006 1.891180e-003
606 3.338326e-006 1.851790e-003
607 1.984058e-006 1.737327e-003
608 5.475547e-006 1.891180e-003
609 5.911594e-005 7.055050e-003
610 2.010374e-005 3.455993e-003
611 5.598263e-004 3.163225e-002
612 1.539613e-004 1.231101e-002
613 6.071580e-005 1.061288e-002
614 1.725272e-004 1.559441e-002
615 7.758519e-005 7.419799e-003
616 3.352817e-006 3.172006e-003
617 8.302408e-005 8.591078e-003
618 9.300101e-006 3.964375e-003
619 2.414120e-005 4.223756e-003
620 1.670019e-005 4.872263e-003
621 2.151995e-004 1.169400e-002
622 1.690777e-005 5.062737e-003
623 2.867563e-005 6.267582e-003
624 2.739177e-005 5.037840e-003
625 9.210057e-006 3.794513e-003
626 7.791296e-004 2.307252e-002
627 1.459338e-005 3.851913e-003
628 9.530916e-005 8.575809e-003
629 6.485731e-005 1.002630e-002
630 9.185109e-005 7.958096e-003
631 4.423478e-005 5.680274e-003
632 7.040420e-005 1.479636e-002
633 1.554190e-005 4.914612e-003
634 5.955741e-006 4.127710e-003
635 1.757547e-005 4.104369e-003
636 1.021995e-005 4.695346e-003
637 3.096039e-005 7.063983e-003
638 1.830155e-005 6.964902e-003
639 6.195598e-005 9.346180e-003
640 1.442778e-005 3.502323e-003
641 9.908982e-006 4.749134e-003
642 1.683550e-005 5.471356e-003
643 1.934422e-004 1.457227e-002
644 1.670511e-005 4.320536e-003
645 6.114627e-005 8.104106e-003
646 1.176743e-004 1.193271e-002
647 2.091461e-005 6.183400e-003
648 1.056849e-004 1.283443e-002
649 4.630526e-005 5.286599e-003
650 1.806393e-005 4.596383e-003
651 2.952264e-005 4.922605e-003
652 3.165830e-005 5.555892e-003
653 2.226100e-003 8.894908e-002
654 7.872700e-004 4.132395e-002
655 8.100843e-006 2.687669e-003
656 6.787095e-005 1.166124e-002
657 1.270673e-003 1.170366e-001
658 1.946032e-004 7.947554e-003
659 6.241889e-005 9.946689e-003
660 3.858970e-005 9.480343e-003
661 1.760083e-004 1.119981e-002
662 3.568564e-004 2.800297e-002
663 7.604969e-005 6.604266e-003
664 3.581246e-005 9.917579e-003
665 6.295893e-005 9.546223e-003
666 1.099734e-004 1.494411e-002
667 4.835446e-005 7.451707e-003
668 1.662717e-005 5.436849e-003
669 7.411859e-005 1.436567e-002
670 3.630723e-005 1.156979e-002
671 1.099734e-004 1.494411e-002
672 1.791064e-005 5.966514e-003
673 9.821648e-004 4.362078e-002
674 1.528062e-005 5.187096e-003
675 5.850342e-004 2.218373e-002
676 8.015622e-005 9.105463e-003
677 4.370963e-004 1.570859e-002
678 1.050875e-004 5.266874e-003
679 7.758885e-004 2.178083e-002
680 2.015324e-005 2.942919e-003
681 4.077468e-005 5.861837e-003
682 2.297617e-003 8.198988e-002
683 1.655873e-004 7.452555e-003
684 4.330217e-004 2.074705e-002
685 5.447360e-005 4.766220e-003
686 5.684341e-004 2.785885e-002
687 3.233661e-005 2.981378e-003
688 9.806106e-005 5.555403e-003
689 9.253937e-005 5.533440e-003
690 5.675737e-005 3.469346e-003
691 2.091213e-004 8.763926e-003
692 1.507341e-004 4.935960e-003
693 9.567205e-005 4.045164e-003
694 7.090528e-006 2.930501e-003
695 2.754307e-005 5.438631e-003
696 1.940323e-004 1.877711e-002
697 6.531470e-004 3.830335e-002
698 5.712514e-004 3.704378e-002
699 1.660206e-004 1.121956e-002
700 9.139288e-005 9.482618e-003
701 4.605531e-005 5.994498e-003
702 3.344276e-005 7.580941e-003
703 2.333071e-005 4.486725e-003
704 1.149063e-004 1.481960e-002
705 2.333071e-005 4.486725e-003
706 4.506199e-005 6.039069e-003
707 1.426034e-005 4.175851e-003
708 5.897640e-003 7.644053e-002
709 1.763966e-004 1.469805e-002
710 1.975782e-004 1.458944e-002
711 3.615528e-004 2.364289e-002
712 2.001572e-004 8.213040e-003
713 1.763966e-004 1.469805e-002
714 9.423472e-005 9.333916e-003
715 1.827802e-005 5.684422e-003
716 1.080014e-004 1.145953e-002
717 2.118151e-004 1.704323e-002
718 7.935967e-005 6.572238e-003
719 5.591934e-005 8.222933e-003
720 1.172131e-004 1.327818e-002
721 7.769200e-005 6.420149e-003
722 2.500738e-004 1.011945e-002
723 1.763966e-004 1.469805e-002
724 2.997974e-005 5.851687e-003
725 4.748739e-005 5.919563e-003
726 5.790424e-005 8.466068e-003
727 7.425613e-004 3.995074e-002
728 3.641395e-005 1.012524e-002
729 3.454039e-005 8.432491e-003
730 9.593152e-005 9.966626e-003
731 1.518714e-005 4.588598e-003
732 9.770419e-006 4.547029e-003
733 3.055029e-005 5.813297e-003
734 3.454039e-005 8.432491e-003
735 2.776805e-005 5.369582e-003
736 1.229480e-004 1.326276e-002
737 2.381865e-004 2.738898e-002
738 1.852865e-004 1.537578e-002
739 2.997974e-005 5.851687e-003
740 4.904851e-005 6.309100e-003
741 2.484701e-005 4.820314e-003
742 5.450036e-005 9.035654e-003
743 7.769200e-005 6.420149e-003
744 1.294750e-004 6.707721e-003
745 1.704126e-004 1.309040e-002
746 4.748739e-005 5.919563e-003
747 4.748739e-005 5.919563e-003
748 1.056787e-005 5.447779e-003
749 1.176874e-004 1.712097e-002
750 1.989177e-004 1.333238e-002
751 4.100447e-005 6.644962e-003
752 6.725583e-005 7.128788e-003
753 1.397844e-003 4.215611e-002
754 8.601615e-005 4.649752e-003
755 1.674544e-004 7.480664e-003
756 7.085431e-005 8.524277e-003
757 2.345580e-004 1.195934e-002
758 1.221443e-005 4.345435e-003
759 8.108645e-005 4.265479e-003
760 5.260019e-004 1.910593e-002
761 6.881491e-004 3.313020e-002
762 6.595266e-005 5.717687e-003
763 6.595266e-005 5.717687e-003
764 7.075583e-005 5.820418e-003
765 1.621140e-003 9.062969e-002
766 2.673029e-003 1.082501e-001
767 9.650980e-004 2.908781e-002
768 3.067708e-004 4.508181e-002
769 9.967820e-005 6.757547e-003
770 4.390995e-005 3.677158e-003
771 2.772123e-005 3.621748e-003
772 1.804685e-005 4.027254e-003
773 2.299296e-004 1.125392e-002
774 2.952564e-005 4.317663e-003
775 1.600574e-004 6.986663e-003
776 2.076276e-005 4.697531e-003
777 6.304688e-005 7.309400e-003
778 1.163458e-004 9.491696e-003
779 4.457348e-005 6.623813e-003
780 2.952564e-005 4.317663e-003
781 3.586884e-005 4.511928e-003
782 5.104901e-006 2.154690e-003
783 1.672605e-005 3.019497e-003
784 1.637996e-004 8.190445e-003
785 7.688352e-005 3.938599e-003
786 2.928313e-005 3.479634e-003
787 7.903376e-005 4.278595e-003
788 1.282933e-004 5.255066e-003
789 7.841624e-005 4.482507e-003
790 6.005489e-004 1.018837e-002
791 3.205866e-005 1.886808e-003
792 8.113886e-005 4.773660e-003
793 5.253676e-005 4.405052e-003
794 1.940843e-003 6.584145e-002
795 5.859736e-005 2.600505e-003
796 2.257190e-005 2.770791e-003
797 3.708129e-004 9.677330e-003
798 6.704019e-005 3.479514e-003
799 1.386908e-004 7.529929e-003
800 1.102568e-004 4.299797e-003
801 4.806559e-005 4.799540e-003
802 6.198194e-005 3.420009e-003
803 6.333925e-004 1.341809e-002
804 7.176230e-005 4.402872e-003
805 8.628378e-005 5.414349e-003
806 2.015074e-003 4.257908e-002
807 2.105640e-004 4.547434e-003
808 6.921289e-005 2.641164e-003
809 2.186826e-004 8.407222e-003
810 1.177924e-005 2.065769e-003
811 9.093796e-005 7.408905e-003
812 2.317439e-005 3.026175e-003
813 7.895115e-005 1.596991e-002
814 3.037737e-005 8.602271e-003
815 4.982519e-005 9.010695e-003
816 6.837871e-005 1.039494e-002
817 1.935247e-004 1.138969e-002
818 3.158841e-005 8.297191e-003
819 3.455978e-005 8.270757e-003
820 2.758231e-004 1.639853e-002
821 2.925645e-004 1.756728e-002
822 3.088590e-004 2.333086e-002
823 8.544519e-004 6.410271e-002
824 2.374638e-003 1.360502e-001
825 1.730506e-003 1.052382e-001
826 1.786619e-003 6.641997e-002
827 4.684002e-004 5.318353e-002
828 4.726906e-003 1.760698e-001
829 1.425466e-003 7.897541e-002
830 2.906007e-005 4.923243e-003
831 2.404004e-005 3.421252e-003
832 7.058815e-006 4.407451e-003
833 3.496942e-005 7.818763e-003
834 2.349965e-005 3.257286e-003
835 1.787505e-005 5.355044e-003
836 9.325553e-006 3.446017e-003
837 4.782603e-005 5.262125e-003
838 1.434709e-005 3.774897e-003
839 1.437821e-005 3.838337e-003
840 5.700085e-005 1.106863e-002
841 2.445181e-005 3.891885e-003
842 3.136651e-005 6.471167e-003
843 7.231085e-005 5.790168e-003
844 1.335139e-004 7.986969e-003
845 1.287326e-004 7.045403e-003
846 1.426136e-004 1.040954e-002
847 2.445181e-005 3.891885e-003
848 7.726653e-005 6.299672e-003
849 1.389701e-004 8.342774e-003
850 2.470699e-005 3.999517e-003
851 6.422301e-004 1.969914e-002
852 4.054488e-005 4.431511e-003
853 4.128966e-005 4.460691e-003
854 2.492900e-005 3.696955e-003
855 4.116393e-005 4.237974e-003
856 7.137456e-007 1.447688e-003
857 1.887237e-006 1.193653e-003
858 2.236848e-006 1.925018e-003
859 1.165541e-006 1.460113e-003
860 2.866636e-004 1.531936e-002
861 2.447167e-005 4.661390e-003
862 1.901575e-006 1.462912e-003
863 1.127208e-006 1.387905e-003
864 4.122822e-007 1.374126e-003
865 7.092690e-007 1.408377e-003
866 2.219541e-006 1.846024e-003
867 1.127208e-006 1.387905e-003
868 3.987226e-007 1.335862e-003
869 7.382434e-007 1.555164e-003
870 1.165541e-006 1.460113e-003
871 4.230910e-007 1.378880e-003
872 2.359666e-006 1.818822e-003
873 7.118406e-007 1.381298e-003
874 1.335841e-006 1.304620e-003
875 9.756384e-005 2.635670e-002
876 7.092690e-007 1.408377e-003
877 6.726367e-007 1.375116e-003
878 2.148511e-006 1.720881e-003
879 2.443908e-007 1.335275e-003
880 2.443908e-007 1.335275e-003
881 4.230910e-007 1.378880e-003
882 2.323834e-006 1.567015e-003
883 1.828046e-006 1.316013e-003
884 6.889789e-007 1.371403e-003
885 1.124093e-006 1.406351e-003
886 1.097600e-005 2.405669e-003
887 3.091002e-005 2.025508e-003
888 5.026653e-005 6.339572e-003
889 2.340163e-004 7.929102e-003
890 4.783243e-005 5.336987e-003
891 3.257145e-004 1.619312e-002
892 4.570776e-004 9.440536e-003
893 6.388676e-005 3.252328e-003
894 3.091002e-005 2.025508e-003
895 5.315497e-005 3.351133e-003
896 1.117831e-004 5.453558e-003
897 5.199611e-004 1.298342e-002
898 1.010932e-004 7.798930e-003
899 5.806690e-004 1.692803e-002
900 5.185998e-005 2.467210e-003
901 2.815557e-005 2.263111e-003
902 9.532522e-005 3.807315e-003
903 6.465339e-005 4.555676e-003
904 1.004745e-003 4.398163e-002
905 1.270704e-004 6.917178e-003
906 4.012731e-004 1.963624e-002
907 2.630778e-003 6.642338e-002
908 6.354583e-006 2.068869e-003
909 1.063953e-005 2.272772e-003
910 2.253694e-006 1.450445e-003
911 1.699189e-005 1.937682e-003
912 3.871268e-005 1.757451e-003
913 4.575162e-006 1.173079e-003
914 4.506335e-005 2.244435e-003
915 5.684016e-006 1.992606e-003
916 3.509335e-004 9.091465e-003
917 2.423341e-006 1.907167e-003
918 5.547376e-006 1.517609e-003
919 1.844952e-006 1.338091e-003
920 1.053132e-005 1.690442e-003
921 1.561173e-006 1.028851e-003
922 4.847447e-006 1.315733e-003
923 2.699115e-004 1.265967e-002
924 2.090597e-004 5.998304e-003
925 4.041215e-006 9.848213e-004
926 6.437488e-005 3.866239e-003
927 7.506188e-006 1.140146e-003
928 1.499170e-005 1.605003e-003
929 2.009741e-005 2.433846e-003
930 8.913855e-006 1.465709e-003
931 2.882728e-005 2.200347e-003
932 5.183864e-006 1.367437e-003
933 7.530777e-006 1.170681e-003
934 6.306827e-005 2.086583e-003
935 8.590584e-006 1.362079e-003
936 2.585777e-006 1.095077e-003
937 2.182983e-005 1.485472e-003
938 9.250435e-006 1.515335e-003
939 1.087080e-005 1.716027e-003
940 1.327901e-005 1.438387e-003
941 4.295783e-005 2.443193e-003
942 5.912895e-006 1.419363e-003
943 1.276225e-005 1.165744e-003
944 3.230803e-005 1.444420e-003
945 2.525947e-005 1.665867e-003
946 7.066372e-005 2.254383e-003
947 4.160502e-004 1.930804e-002
948 2.804971e-005 6.051875e-003
949 6.553168e-005 8.035960e-003
950 2.353600e-005 6.828849e-003
951 8.128090e-005 1.356917e-002
952 6.013687e-005 7.994207e-003
953 5.819339e-005 7.098092e-003
954 4.858290e-006 2.845513e-003
955 3.082130e-004 1.324548e-002
956 4.858290e-006 2.845513e-003
957 2.279327e-005 7.387875e-003
958 2.158711e-005 5.719792e-003
959 4.710695e-004 2.969968e-002
960 1.343337e-004 1.562928e-002
961 3.290772e-005 6.996330e-003
962 4.499439e-005 1.019082e-002
963 9.748274e-006 3.395280e-003
964 5.262583e-004 2.021786e-002
965 1.102079e-005 5.130755e-003
966 8.965010e-004 4.263259e-002
967 2.676563e-004 2.265864e-002
968 2.048081e-005 3.173470e-003
969 5.256015e-005 4.889585e-003
970 2.033871e-004 1.250649e-002
971 2.873139e-006 2.737489e-003
972 2.115233e-005 6.458288e-003
973 4.016983e-005 7.601224e-003
974 8.810549e-006 2.966727e-003
975 3.168939e-005 5.459880e-003
976 4.836586e-004 1.734032e-002
977 4.695019e-005 2.707840e-003
978 3.115044e-005 2.546517e-003
979 1.126246e-005 2.423543e-003
980 2.773356e-006 1.150412e-003
981 8.557013e-006 3.293766e-003
982 5.225124e-005 3.233478e-003
983 9.923047e-006 2.082371e-003
984 3.233355e-005 3.017594e-003
985 1.147808e-005 2.562440e-003
986 1.147808e-005 2.562440e-003
987 2.633607e-006 1.098073e-003
988 5.935822e-006 1.773894e-003
989 2.825551e-005 4.238532e-003
990 1.171597e-005 2.504647e-003
991 1.589018e-005 4.044147e-003
992 3.489958e-006 1.934949e-003
993 5.955907e-006 2.010136e-003
994 3.533338e-006 1.968117e-003
995 5.830749e-006 1.979102e-003
996 6.974883e-006 2.541641e-003
997 5.254557e-005 4.531592e-003
998 1.171597e-005 2.504647e-003
999 1.742256e-005 1.964812e-003
1000 3.087112e-006 1.369346e-003
1001 3.087112e-006 1.369346e-003
1002 4.740162e-005 2.327550e-003
1003 5.159100e-006 1.426846e-003
1004 1.934781e-005 2.698939e-003
1005 4.173644e-006 2.414137e-003
1006 2.468045e-005 2.371802e-003
1007 6.974883e-006 2.541641e-003
1008 5.882785e-006 1.976452e-003
1009 2.918762e-005 2.494263e-003
1010 1.054364e-005 2.277832e-003
1011 2.918762e-005 2.494263e-003
1012 1.742580e-005 2.504364e-003
1013 2.230667e-006 1.961623e-003
1014 1.842673e-005 2.457432e-003
1015 3.716480e-006 2.001545e-003
1016 1.177563e-006 1.400373e-003
1017 1.898360e-006 1.442220e-003
1018 4.121529e-006 2.324171e-003
1019 3.161504e-005 2.871392e-003
1020 2.026608e-006 1.558017e-003
1021 1.729958e-005 1.828957e-003
1022 1.007265e-006 1.078674e-003
1023 9.157923e-006 1.469219e-003
1024 3.289260e-006 1.312364e-003
1025 1.018366e-005 1.941006e-003
1026 5.315923e-003 1.711331e-001
1027 3.402757e-004 1.621928e-002
1028 3.361630e-004 1.762226e-002
1029 3.488293e-004 1.931512e-002
1030 1.240182e-003 4.471161e-002
1031 1.988976e-003 6.014442e-002
1032 4.281707e-005 4.938226e-003
1033 1.119885e-004 1.156187e-002
1034 6.516357e-004 3.649203e-002
1035 1.860587e-005 3.050466e-003
1036 4.617399e-005 6.946827e-003
1037 2.769514e-004 1.283803e-002
1038 7.620034e-006 2.609993e-003
1039 1.222143e-004 7.673449e-003
1040 1.942420e-005 6.956568e-003
1041 2.054215e-004 2.000090e-002
1042 3.023193e-005 8.898330e-003
1043 8.261555e-005 9.856110e-003
1044 2.069420e-004 1.017276e-002
1045 6.493783e-005 5.352692e-003
1046 2.072295e-004 1.161441e-002
1047 3.143065e-004 1.638966e-002
1048 2.272865e-004 2.642448e-002
1049 1.927638e-005 6.972303e-003
1050 6.045952e-004 6.152061e-002
1051 3.303606e-004 4.853697e-002
1052 1.005356e-006 1.188607e-003
1053 2.257929e-006 1.736612e-003
1054 1.281821e-004 1.509143e-002
1055 3.208844e-006 1.501358e-003
1056 1.683465e-005 4.160131e-003
1057 3.788291e-006 1.935309e-003
1058 5.783115e-006 1.868483e-003
1059 8.492542e-007 1.007185e-003
1060 5.021955e-007 9.382110e-004
1061 2.687281e-005 2.032333e-003
1062 3.200567e-006 1.605860e-003
1063 8.368184e-006 3.074811e-003
1064 1.610402e-004 8.433613e-003
1065 1.572938e-004 7.331264e-003
1066 4.948682e-006 1.519127e-003
1067 1.840017e-006 1.419052e-003
1068 1.094161e-006 1.450005e-003
1069 5.366479e-006 1.558972e-003
1070 3.173200e-005 1.214667e-002
1071 1.127170e-005 4.455330e-003
1072 3.913234e-006 2.392760e-003
1073 1.054378e-004 7.615933e-003
1074 1.410904e-006 1.008172e-003
1075 1.088801e-004 1.045756e-002
1076 2.269796e-005 2.799680e-003
1077 5.988206e-005 6.859097e-003
1078 3.298925e-006 1.487096e-003
1079 1.779996e-005 4.743863e-003
1080 7.876989e-006 1.445579e-003
1081 4.773831e-006 1.389836e-003
1082 4.814623e-006 1.392462e-003
1083 1.468778e-005 1.516324e-003
1084 1.672903e-006 1.197193e-003
1085 8.593552e-006 3.709027e-003
1086 1.672903e-006 1.197193e-003
1087 2.671890e-006 1.285315e-003
1088 6.776975e-006 4.538372e-003
1089 2.779268e-006 1.199137e-003
1090 1.663064e-006 1.175529e-003
1091 1.672903e-006 1.197193e-003
1092 3.555196e-003 9.709301e-002
1093 1.521219e-004 1.501824e-002
1094 9.318002e-005 1.078012e-002
1095 1.943595e-006 1.407600e-003
1096 1.943595e-006 1.407600e-003
1097 1.955717e-005 3.242212e-003
1098 3.153719e-005 4.178118e-003
1099 1.096994e-005 2.748600e-003
1100 1.446743e-005 1.775897e-003
1101 2.438676e-005 1.907733e-003
1102 9.623806e-006 2.005926e-003
1103 8.820487e-006 1.710331e-003
1104 1.832946e-004 1.810446e-002
1105 3.187899e-006 1.429047e-003
1106 6.583441e-006 2.045878e-003
1107 1.780431e-005 2.666404e-003
1108 5.373625e-006 1.472710e-003
1109 8.389048e-006 1.709755e-003
1110 4.555401e-005 3.660082e-003
1111 1.903014e-005 3.197368e-003
1112 1.551440e-004 7.918341e-003
1113 9.085406e-005 6.653277e-003
1114 3.827819e-006 1.868503e-003
1115 1.518441e-004 8.022938e-003
1116 1.943595e-006 1.407600e-003
1117 3.149368e-006 1.515730e-003
1118 2.912674e-005 3.530475e-003
1119 1.551440e-004 7.918341e-003
1120 1.864208e-005 2.799824e-003
1121 2.817609e-005 3.123479e-003
1122 9.991306e-006 2.515585e-003
1123 9.476501e-006 1.739000e-003
1124 7.185553e-006 2.542376e-003
1125 1.107163e-005 2.147002e-003
1126 1.717195e-005 2.701144e-003
1127 1.023497e-005 2.077460e-003
1128 1.643484e-005 2.033872e-003
1129 6.001896e-006 1.948481e-003
1130 1.053191e-005 2.763100e-003
1131 2.308260e-004 6.928127e-003
1132 2.552245e-003 4.040590e-002
1133 4.841861e-004 1.332343e-002
1134 7.959032e-005 3.058071e-003
1135 1.395716e-005 1.312741e-003
1136 1.609132e-005 1.635693e-003
1137 3.431233e-005 2.731734e-003
1138 4.611499e-005 2.574687e-003
1139 3.659677e-005 2.928542e-003
1140 1.960802e-003 4.805208e-002
1141 1.246807e-004 6.006915e-003
1142 5.475750e-005 2.609516e-003
1143 5.631895e-005 2.944484e-003
1144 4.535057e-004 1.178103e-002
1145 1.032847e-004 4.208267e-003
1146 7.835812e-004 1.474974e-002
1147 4.954767e-004 1.488228e-002
1148 1.032847e-004 4.208267e-003
1149 6.040868e-005 3.183246e-003
1150 7.536149e-005 2.390845e-003
1151 7.595790e-005 2.409094e-003
1152 4.624341e-005 2.591583e-003
1153 4.601679e-005 2.115334e-003
1154 7.739636e-005 2.657059e-003
1155 4.128680e-005 1.807013e-003
1156 1.363107e-004 8.999383e-003
1157 2.950124e-004 1.364081e-002
1158 1.006928e-004 7.749887e-003
1159 5.854271e-004 2.554295e-002
1160 5.735756e-005 3.579446e-003
1161 5.846733e-005 3.282926e-003
1162 2.186880e-004 9.804834e-003
1163 6.162896e-004 1.353893e-002
1164 9.182794e-005 3.729769e-003
1165 3.591264e-005 3.482956e-003
1166 3.161871e-004 1.518747e-002
1167 1.356775e-004 6.824053e-003
1168 5.983350e-005 3.760388e-003
1169 2.186880e-004 9.804834e-003
1170 2.186880e-004 9.804834e-003
1171 5.735756e-005 3.579446e-003
1172 1.599619e-004 7.867988e-003
1173 8.187858e-004 2.345487e-002
1174 2.652272e-004 2.289761e-002
1175 2.746436e-004 1.544689e-002
1176 9.810041e-003 2.647093e-001
1177 2.050054e-005 2.614652e-003
1178 1.695750e-004 1.013410e-002
1179 1.379057e-004 1.513132e-002
1180 4.743899e-005 1.386729e-002
1181 6.247263e-005 8.468720e-003
1182 4.455077e-005 1.030406e-002
1183 1.225989e-004 1.001032e-002
1184 3.166805e-004 2.485124e-002
1185 6.955580e-004 2.528668e-002
1186 8.490800e-005 9.114557e-003
1187 4.188030e-005 5.191186e-003
1188 1.157901e-004 6.681330e-003
1189 9.815821e-005 1.193381e-002
1190 3.361076e-004 2.937499e-002
1191 5.978953e-005 9.273173e-003
1192 2.483773e-004 1.490901e-002
1193 1.625637e-004 1.750803e-002
1194 4.811758e-004 2.262228e-002
1195 1.528160e-004 1.285105e-002
1196 1.541744e-004 1.193407e-002
1197 1.249659e-004 7.305011e-003
1198 1.522557e-004 1.473003e-002
1199 2.214317e-004 1.063634e-002
1200 4.208989e-004 1.626890e-002
1201 1.459491e-004 1.535249e-002
1202 5.400948e-005 1.028217e-002
1203 2.565596e-004 1.798891e-002
1204 3.901406e-004 1.964411e-002
1205 3.647659e-005 3.937701e-003
1206 1.501729e-004 9.255470e-003
1207 8.820346e-006 3.320650e-003
1208 3.055099e-004 1.664048e-002
1209 8.019312e-005 5.982863e-003
1210 7.639502e-005 5.379375e-003
1211 2.422706e-005 2.234693e-003
1212 1.715995e-005 2.502304e-003
1213 2.657841e-005 5.319766e-003
1214 5.123661e-005 6.163091e-003
1215 2.425968e-004 1.840592e-002
1216 8.413252e-006 4.003528e-003
1217 1.128136e-003 3.532463e-002
1218 3.799715e-005 4.371096e-003
1219 2.468118e-006 1.076081e-003
1220 1.800579e-005 2.831673e-003
1221 1.877250e-005 1.778704e-003
1222 1.230985e-003 2.604345e-002
1223 8.906265e-006 1.810441e-003
1224 1.193251e-005 1.558836e-003
1225 2.290689e-004 5.732290e-003
1226 8.541770e-006 2.115269e-003
1227 2.258758e-003 6.760999e-002
1228 2.942762e-005 2.786196e-003
1229 2.789146e-006 1.105955e-003
1230 6.140538e-006 2.048435e-003
1231 1.224204e-006 1.403088e-003
1232 3.451964e-006 1.894535e-003
1233 3.594546e-006 2.074865e-003
1234 1.761549e-005 2.509116e-003
1235 1.021579e-005 2.187947e-003
1236 1.021579e-005 2.187947e-003
1237 5.988819e-006 2.119878e-003
1238 1.702037e-005 2.279714e-003
1239 3.594546e-006 2.074865e-003
1240 1.683609e-003 9.351721e-002
1241 4.198436e-005 2.481171e-003
1242 9.199133e-006 2.171838e-003
1243 1.603910e-005 2.188819e-003
1244 3.594546e-006 2.074865e-003
1245 1.021579e-005 2.187947e-003
1246 6.049806e-006 2.063776e-003
1247 1.156179e-004 8.415913e-003
1248 1.882433e-004 2.112767e-002
1249 5.231314e-005 8.892952e-003
1250 1.322444e-004 1.036932e-002
1251 2.135718e-004 1.126661e-002
1252 1.448905e-004 1.277511e-002
1253 1.007211e-004 9.568199e-003
1254 1.033258e-004 4.794621e-003
1255 1.064092e-003 2.966526e-002
1256 4.877836e-005 3.169050e-003
1257 2.508983e-003 5.264995e-002
1258 3.639638e-004 1.073821e-002
1259 9.207669e-004 2.380015e-002
1260 1.442233e-004 6.756370e-003
1261 3.446060e-006 1.680384e-003
1262 2.412071e-004 1.135896e-002
1263 3.306399e-005 2.641954e-003
1264 3.141039e-004 1.117606e-002
1265 7.142068e-006 2.646846e-003
1266 3.597886e-005 4.432550e-003
1267 8.705636e-007 1.908813e-003
1268 5.269673e-005 2.964716e-003
1269 2.944555e-004 1.894477e-002
1270 1.288285e-004 7.684901e-003
1271 4.602415e-005 5.955600e-003
1272 7.347367e-006 2.755600e-003
1273 1.143065e-005 2.115956e-003
1274 8.720074e-005 1.132760e-002
1275 2.493452e-004 1.324725e-002
1276 3.201301e-004 2.090745e-002
1277 6.091602e-004 3.624599e-002
1278 2.265840e-004 2.923932e-002
1279 2.383380e-005 2.569251e-003
1280 2.885947e-005 6.519773e-003
1281 2.231593e-005 7.722584e-003
1282 3.396264e-005 9.636254e-003
1283 4.035690e-005 7.553760e-003
1284 2.522425e-004 1.970141e-002
1285 1.090034e-004 5.700434e-003
1286 2.509823e-004 1.599797e-002
1287 6.581546e-006 2.267619e-003
1288 4.128217e-004 2.688141e-002
1289 1.227721e-003 7.553096e-002
1290 3.115454e-006 1.477836e-003
1291 1.462738e-004 7.368602e-003
1292 1.806827e-005 2.921511e-003
1293 4.916968e-004 2.814196e-002
1294 6.752722e-006 2.135991e-003
1295 3.492099e-005 4.577872e-003
1296 2.164656e-005 4.760713e-003
1297 3.956045e-004 4.568975e-002
1298 1.037869e-004 3.893738e-002
1299 2.666702e-005 5.378339e-003
1300 1.590990e-003 5.108952e-002
1301 3.943141e-006 2.238658e-003
1302 1.665849e-005 2.055808e-003
1303 2.672380e-005 1.082801e-002
1304 1.786193e-004 1.137272e-002
1305 3.785345e-005 7.990080e-003
1306 3.332247e-005 7.651517e-003
1307 4.676487e-005 5.371544e-003
1308 2.055926e-005 8.557273e-003
1309 6.447728e-005 1.241665e-002
1310 2.790949e-004 2.657016e-002
1311 1.303870e-004 1.555817e-002
1312 6.407030e-004 2.649171e-002
1313 3.235585e-006 3.225386e-003
1314 3.815948e-005 5.671660e-003
1315 4.824781e-005 3.556055e-003
1316 9.302134e-006 4.653232e-003
1317 4.477692e-006 3.183056e-003
1318 1.299027e-006 1.811539e-003
1319 9.675682e-006 2.146161e-003
1320 5.058811e-006 4.116385e-003
1321 3.163366e-006 3.792260e-003
1322 1.781061e-006 1.451691e-003
1323 1.572371e-004 7.744558e-003
1324 8.424839e-006 1.516547e-003
1325 5.523296e-005 4.196313e-003
1326 2.022105e-005 2.860928e-003
1327 2.638025e-005 5.191160e-003
1328 3.546267e-005 2.529269e-003
1329 2.752739e-006 2.699319e-003
1330 4.735966e-005 3.128675e-003
1331 2.407631e-004 8.476942e-003
1332 5.727601e-004 2.995073e-002
1333 8.454890e-005 1.114343e-002
1334 1.171281e-004 1.646006e-002
1335 1.696917e-005 6.839983e-003
1336 2.492566e-005 5.707389e-003
1337 2.238445e-005 2.190084e-003
1338 2.101365e-005 4.671969e-003
1339 1.014919e-004 1.839747e-002
1340 1.765921e-005 8.047250e-003
1341 4.408801e-005 2.864357e-003
1342 2.461944e-006 1.497910e-003
1343 2.446742e-004 3.439339e-002
1344 6.070001e-006 4.444194e-003
1345 1.198753e-003 2.561197e-002
1346 9.400558e-005 1.617081e-002
1347 2.490516e-004 1.964698e-002
1348 1.297073e-004 9.871716e-003
1349 6.432423e-005 8.467256e-003
1350 1.997168e-004 5.163461e-002
1351 1.372704e-003 5.787721e-002
1352 2.493162e-004 1.442330e-002
1353 2.973172e-006 3.181195e-003
1354 1.650139e-005 2.563036e-003
1355 1.382753e-004 2.098812e-002
1356 5.818204e-006 4.192475e-003
1357 1.705981e-005 4.335463e-003
1358 3.319437e-004 1.588161e-002
1359 7.459102e-005 1.761112e-002
1360 2.940255e-006 1.557608e-003
1361 5.183587e-005 4.786744e-003
1362 1.069530e-005 2.333772e-003
1363 4.605642e-006 1.269049e-003
1364 2.595409e-006 1.126389e-003
1365 5.101476e-006 1.593051e-003
1366 2.863467e-005 5.985558e-003
1367 1.015577e-004 4.656251e-003
1368 1.575596e-005 2.211119e-003
1369 1.092995e-005 1.755217e-003
1370 8.920186e-007 1.067528e-003
1371 3.276580e-006 1.447107e-003
1372 5.214133e-007 1.026451e-003
1373 5.984239e-006 1.821905e-003
1374 1.189294e-005 2.856159e-003
1375 8.029925e-004 2.781450e-002
1376 1.361621e-005 1.677201e-003
1377 4.135237e-005 4.630085e-003
1378 8.873278e-005 5.809244e-003
1379 1.606325e-004 9.466028e-003
1380 3.035723e-004 1.944157e-002
1381 2.357241e-004 1.348306e-002
1382 1.374459e-005 1.578791e-003
1383 2.185732e-005 1.730402e-003
1384 5.954448e-004 3.818889e-002
1385 1.187847e-004 7.679213e-003
1386 3.584722e-004 1.420044e-002
1387 8.282951e-004 2.343893e-002
1388 8.521251e-004 3.107061e-002
1389 2.221607e-005 4.228838e-003
1390 3.034274e-004 2.176723e-002
1391 2.635008e-005 5.168932e-003
1392 7.448219e-005 1.300171e-002
1393 2.488597e-005 2.256598e-003
1394 2.844224e-005 6.356510e-003
1395 1.285599e-004 1.572454e-002
1396 2.554320e-005 2.801664e-003
1397 1.251122e-005 1.679272e-003
1398 1.771553e-004 1.406694e-002
1399 3.774226e-005 4.979345e-003
1400 2.380730e-005 2.153502e-003
1401 1.448750e-004 1.223566e-002
1402 2.387750e-005 2.237186e-003
1403 9.543439e-006 1.823785e-003
1404 2.697167e-004 1.483096e-002
1405 2.342375e-006 1.803425e-003
1406 8.669519e-006 4.711964e-003
1407 6.936146e-006 2.008184e-003
1408 2.318462e-006 2.110885e-003
1409 1.534314e-005 6.296348e-003
1410 1.098800e-004 4.570664e-003
1411 1.700138e-003 6.805589e-002
1412 5.768678e-004 2.591848e-002
1413 1.286972e-005 1.634855e-003
1414 5.272995e-004 2.347727e-002
1415 8.933351e-006 2.667037e-003
1416 1.543421e-005 2.111584e-003
1417 8.277623e-006 1.816480e-003
1418 2.505318e-005 2.240492e-003
1419 2.693384e-004 1.139277e-002
1420 2.874610e-004 1.650175e-002
1421 2.957489e-004 2.893332e-002
1422 4.859542e-005 6.579418e-003
1423 1.414356e-003 2.285942e-002
1424 1.073921e-004 6.976067e-003
1425 5.867970e-004 2.039236e-002
1426 1.065979e-003 1.968066e-002
1427 2.282169e-004 1.634417e-002
1428 7.389009e-006 1.300292e-003
1429 7.804707e-005 6.071759e-003
1430 2.929391e-004 9.855944e-003
1431 5.244600e-004 1.618303e-002
1432 6.942584e-005 6.717413e-003
1433 3.779427e-005 6.284382e-003
1434 1.432136e-004 2.543085e-002
1435 2.298700e-004 1.724839e-002
1436 1.844211e-003 2.927662e-002
1437 1.778324e-005 2.238270e-003
1438 1.836216e-005 2.209638e-003
1439 4.192478e-003 1.333668e-001
1440 2.647383e-004 1.096388e-002
1441 1.170471e-003 8.403170e-002
1442 6.455829e-006 1.957533e-003
1443 8.396701e-005 1.982765e-002
1444 8.902211e-005 2.414038e-002
1445 8.147263e-005 1.792819e-002
1446 2.456898e-005 4.886322e-003
1447 1.683247e-005 2.550890e-003
1448 1.542936e-005 6.724762e-003
1449 1.261808e-004 8.034241e-003
1450 4.472460e-005 8.285125e-003
1451 6.150080e-006 1.410719e-003
1452 6.129427e-005 8.468163e-003
1453 2.813336e-006 1.573325e-003
1454 3.976084e-005 1.046409e-002
1455 3.693324e-006 4.179406e-003
1456 1.553188e-005 4.660181e-003
1457 5.124350e-006 4.081920e-003
1458 5.694703e-007 2.797407e-003
1459 2.030426e-005 3.454970e-003
1460 3.935907e-006 4.189486e-003
1461 1.381087e-005 6.984229e-003
1462 7.180905e-006 7.024135e-003
1463 1.923312e-004 9.739298e-003
1464 2.738789e-003 6.731128e-002
1465 9.126596e-004 2.943721e-002
1466 1.705243e-003 6.455545e-002
1467 8.172496e-005 1.665269e-002
1468 1.580844e-003 3.635119e-002
1469 2.121649e-003 5.236928e-002
1470 1.240851e-004 3.821991e-003
1471 1.032012e-004 8.341704e-003
1472 5.169941e-004 1.118126e-002
1473 6.461331e-006 2.546723e-003
1474 3.720242e-005 1.145802e-002
1475 8.115298e-006 3.785235e-003
1476 8.474639e-006 3.389185e-003
1477 9.854327e-005 2.201679e-002
1478 1.320128e-004 1.631956e-002
1479 1.604895e-004 2.682472e-002
1480 4.907474e-004 2.117764e-002
1481 1.047239e-004 1.113077e-002
1482 1.490741e-004 2.779680e-002
1483 4.481015e-006 5.830775e-003
1484 5.103229e-006 4.585114e-003
1485 3.864847e-006 4.396519e-003
1486 2.791384e-004 1.679974e-002
1487 3.240487e-005 2.300147e-003
1488 4.395455e-005 5.153366e-003
1489 7.484368e-006 2.626366e-003
1490 2.204998e-005 3.146701e-003
1491 6.856027e-004 2.789603e-002
1492 1.534063e-005 4.350960e-003
1493 1.033349e-005 2.126294e-003
1494 8.563003e-005 7.603170e-003
1495 3.662753e-004 1.258583e-002
1496 7.930747e-006 1.351175e-003
1497 3.270813e-004 1.820008e-002
1498 2.256481e-003 4.495490e-002
1499 2.210349e-005 1.717834e-003
1500 8.135461e-005 4.380024e-003
1501 2.878370e-004 1.793308e-002
1502 3.863855e-004 9.192474e-003
1503 1.454726e-004 5.586884e-003
1504 1.750656e-003 3.378046e-002
1505 2.665449e-004 4.630209e-002
1506 1.104987e-005 1.239582e-003
1507 4.652979e-004 7.391239e-003
1508 4.729788e-003 1.410703e-001
1509 3.791722e-005 2.219534e-003
1510 1.246991e-005 2.957806e-003
1511 1.846801e-004 7.693446e-003
1512 1.353374e-006 9.771929e-004
1513 6.379250e-005 7.526829e-003
1514 2.214381e-005 3.844407e-003
1515 3.833599e-005 5.654235e-003
1516 3.161877e-004 1.804634e-002
1517 5.131908e-005 4.050222e-003
1518 7.281513e-004 3.975041e-002
1519 2.983145e-006 1.642634e-003
1520 2.425609e-004 8.081972e-003
1521 3.583955e-006 1.995030e-003
1522 1.409771e-005 3.657424e-003
1523 2.957202e-005 3.416203e-003
1524 4.287492e-004 1.599304e-002
1525 1.210997e-004 6.438808e-003
1526 9.342972e-005 9.791688e-003
1527 1.114129e-004 5.797403e-003
1528 4.641080e-005 5.027745e-003
1529 7.916420e-005 8.440604e-003
1530 6.188028e-005 3.657920e-003
1531 9.701819e-004 2.122965e-002
1532 4.522475e-005 5.980731e-003
1533 8.275456e-004 1.927549e-002
1534 7.536889e-004 5.623183e-002
1535 3.148626e-003 7.448887e-002
1536 2.864145e-003 8.467743e-002
1537 4.521668e-005 5.379334e-003
1538 1.661123e-003 1.347381e-001
1539 1.589660e-004 1.149615e-002
1540 1.727267e-004 4.087261e-002
1541 1.288339e-003 5.803774e-002
1542 1.395524e-003 5.858283e-002
1543 6.611348e-006 4.836130e-003
1544 5.470706e-005 1.166749e-002
1545 5.285416e-006 3.475110e-003
1546 4.048991e-005 5.048602e-003
1547 7.031569e-005 1.417124e-002
1548 2.573584e-004 3.394724e-002
1549 4.133662e-006 2.405478e-003
1550 1.023239e-004 5.936931e-003
1551 8.247199e-005 9.035307e-003
1552 2.649346e-006 1.143963e-003
1553 6.386187e-006 2.672534e-003
1554 9.071187e-004 3.629891e-002
1555 1.404715e-003 6.797105e-002
1556 2.340811e-004 1.268370e-002
1557 6.989766e-004 2.128040e-002
1558 1.803232e-003 6.217390e-002
1559 5.043542e-005 4.295414e-003
1560 7.240402e-006 3.336081e-003
1561 3.876161e-005 5.506756e-003
1562 3.237027e-005 1.114232e-002
1563 1.795318e-005 1.836890e-003
1564 1.613511e-005 6.403080e-003
1565 3.545326e-004 1.875700e-002
1566 1.835633e-004 6.633917e-003
1567 2.015168e-005 2.899634e-003
1568 1.472053e-005 1.904430e-003
1569 1.701178e-004 4.772845e-003
1570 2.470590e-004 1.100124e-002
1571 2.020448e-004 7.712544e-003
1572 3.465424e-006 1.834426e-003
1573 3.704700e-004 2.784686e-002
1574 2.628616e-005 3.528327e-003
1575 1.118970e-004 1.026790e-002
1576 1.133158e-004 1.043655e-002
1577 1.037451e-003 2.851558e-002
1578 6.950306e-006 6.030024e-003
1579 1.159262e-004 1.044795e-002
1580 1.695272e-006 2.453359e-003
1581 8.710703e-006 3.168746e-003
1582 3.847860e-005 4.508191e-003
1583 1.888353e-004 1.687865e-002
1584 1.711055e-005 5.300334e-003
1585 1.412430e-003 5.369280e-002
1586 1.704201e-003 7.342545e-002
1587 4.823700e-004 2.459735e-002
1588 2.212353e-004 1.552742e-002
1589 4.291323e-004 1.684374e-002
1590 9.987603e-004 5.536084e-002
1591 2.561710e-004 1.549448e-002
1592 2.567155e-004 1.131746e-002
1593 2.400285e-004 1.637756e-002
1594 2.514471e-004 9.867602e-003
1595 1.870432e-005 8.944452e-003
1596 2.923351e-004 6.170906e-003
1597 2.986039e-005 7.805415e-003
1598 2.293716e-004 1.745406e-002
1599 4.925550e-006 1.533041e-003
1600 3.125170e-004 2.383484e-002
1601 1.582346e-006 1.153884e-003
1602 6.346436e-004 2.375086e-002
1603 2.238273e-006 1.898519e-003
1604 1.526200e-005 2.149401e-003
1605 6.575181e-005 9.622363e-003
1606 2.365506e-006 2.900638e-003
1607 8.357863e-007 1.884145e-003
1608 2.044376e-006 1.757526e-003
1609 1.908953e-005 4.159486e-003
1610 1.211135e-004 1.132473e-002
1611 1.307678e-006 1.858030e-003
1612 3.921314e-006 1.838758e-003
1613 5.707983e-006 2.010877e-003
1614 2.201363e-005 4.364843e-003
1615 1.066436e-003 3.666224e-002
1616 3.772447e-004 1.699880e-002
1617 3.732705e-004 9.777788e-003
1618 5.143380e-004 1.586026e-002
1619 4.061560e-003 5.256845e-002
1620 4.175705e-005 7.353608e-003
1621 4.229886e-004 3.834917e-002
1622 1.748475e-005 2.812870e-003
1623 4.351720e-004 2.938221e-002
1624 2.094327e-005 4.329351e-003
1625 3.110737e-006 1.571466e-003
1626 4.418525e-005 6.975468e-003
1627 1.079748e-005 3.328548e-003
1628 5.007006e-006 1.867316e-003
1629 1.111235e-004 1.504375e-002
1630 4.539361e-006 1.564904e-003
1631 1.606664e-005 5.162088e-003
1632 4.568632e-005 7.946433e-003
1633 8.297250e-005 1.596137e-002
1634 2.367302e-003 7.942548e-002
1635 1.354312e-004 2.331305e-002
1636 3.320558e-003 2.322759e-001
1637 6.421628e-004 3.306713e-002
1638 1.228443e-004 8.766816e-003
1639 1.942411e-003 1.093860e-001
1640 2.784874e-004 1.135554e-002
1641 1.467873e-003 8.821362e-002
1642 4.208594e-004 2.523392e-002
1643 9.755622e-005 1.202013e-002
1644 2.873955e-004 3.973097e-002
1645 5.806707e-006 1.413669e-003
1646 2.406161e-005 1.996398e-003
1647 1.852697e-003 4.830887e-002
1648 1.633463e-005 4.293352e-003
1649 5.693865e-005 4.266151e-003
1650 4.116148e-004 1.932976e-002
1651 2.753309e-006 9.406658e-004
1652 1.738244e-003 5.676701e-002
1653 6.398655e-004 3.624545e-002
1654 9.622420e-006 2.438727e-003
1655 1.406984e-005 3.722798e-003
1656 5.430589e-006 3.493257e-003
1657 1.461830e-006 1.187922e-003
1658 1.055418e-005 2.330354e-003
1659 8.569097e-006 4.317912e-003
1660 8.594057e-007 1.979348e-003
1661 1.342871e-004 1.990657e-002
1662 3.266923e-005 7.477983e-003
1663 2.839130e-005 1.348960e-002
1664 4.796238e-006 6.677755e-003
1665 2.572571e-005 4.240640e-003
1666 8.931441e-005 1.281758e-002
1667 1.921455e-004 1.959928e-002
1668 8.019346e-006 1.526790e-003
1669 5.868933e-006 4.230484e-003
1670 1.643873e-005 7.162030e-003
1671 2.331884e-005 3.590838e-003
1672 2.106463e-004 2.311165e-002
1673 6.269048e-005 9.337313e-003
1674 9.877268e-006 2.279004e-003
1675 2.886430e-005 2.704571e-003
1676 5.035551e-006 1.269275e-003
1677 1.249682e-005 8.448206e-003
1678 6.280980e-004 5.697686e-002
1679 4.383827e-005 8.088872e-003
1680 4.742218e-005 7.840304e-003
1681 6.619926e-005 1.017744e-002
1682 1.567257e-005 4.584481e-003
1683 1.176760e-004 9.041621e-003
1684 1.508232e-005 4.371514e-003
1685 3.563893e-006 2.105362e-003
1686 1.592851e-005 1.077595e-002
1687 9.454117e-006 4.270368e-003
1688 2.637460e-006 1.079807e-003
1689 2.452761e-004 2.230776e-002
1690 7.680063e-005 7.703024e-003
1691 3.662844e-004 1.848828e-002
1692 1.456822e-003 9.379805e-002
1693 6.195878e-004 1.991380e-002
1694 3.372454e-004 3.693452e-002
1695 2.463535e-005 5.506389e-003
1696 7.003621e-006 2.467643e-003
1697 1.854002e-005 5.628450e-003
1698 2.488760e-004 1.680742e-002
1699 9.552044e-005 9.868244e-003
1700 2.732985e-005 4.810042e-003
1701 4.341907e-005 5.880247e-003
1702 1.162043e-005 5.499990e-003
1703 6.547215e-005 9.213128e-003
1704 3.755888e-005 4.675551e-003
1705 3.114737e-004 4.926840e-002
1706 1.463963e-004 1.004778e-002
1707 1.069157e-005 2.234117e-003
1708 1.023878e-006 2.030156e-003
1709 7.052120e-006 5.219888e-003
1710 1.793106e-006 1.348490e-003
1711 2.569698e-005 9.956309e-003
1712 3.328911e-005 3.485029e-003
1713 1.516086e-005 4.075777e-003
1714 1.733144e-005 5.399620e-003
1715 6.367209e-006 3.935573e-003
1716 1.360990e-005 5.838856e-003
1717 1.646384e-006 2.160422e-003
1718 1.045103e-004 1.507065e-002
1719 1.445637e-006 1.952161e-003
1720 1.590027e-005 3.597267e-003
1721 2.038834e-006 1.470417e-003
1722 5.434244e-005 8.018539e-003
1723 3.856917e-007 1.293958e-003
1724 6.936331e-007 1.397166e-003
1725 3.530686e-006 1.765269e-003
1726 2.004600e-004 3.081771e-002
1727 4.956718e-005 9.292479e-003
1728 6.381451e-006 2.359499e-003
1729 2.844661e-005 6.410792e-003
1730 1.385479e-005 4.002233e-003
1731 5.559800e-006 2.996683e-003
1732 1.164324e-004 1.370246e-002
1733 1.364018e-003 6.334730e-002
1734 1.266770e-003 4.135220e-002
1735 7.261304e-004 2.637008e-002
1736 1.032802e-004 6.066952e-003
1737 2.886872e-005 5.900642e-003
1738 4.165316e-004 6.248708e-002
1739 9.953281e-005 9.227815e-003
1740 6.458009e-005 9.004776e-003
1741 5.630601e-006 1.278347e-003
1742 9.145827e-006 1.359743e-003
1743 1.586463e-005 3.594946e-003
1744 2.361149e-006 1.985986e-003
1745 1.536173e-006 2.146034e-003
1746 2.798051e-005 5.313684e-003
1747 1.322446e-004 1.789938e-002
1748 5.899935e-005 4.213677e-003
1749 1.622695e-005 4.536790e-003
1750 3.744571e-005 5.468735e-003
1751 1.351111e-005 3.269206e-003
1752 7.413417e-005 4.497150e-003
1753 9.080560e-004 2.227907e-002
1754 1.735938e-003 3.677386e-002
1755 6.448708e-004 3.678846e-002
1756 7.950446e-005 1.340954e-002
1757 4.321221e-004 3.058746e-002
1758 1.364972e-003 9.426375e-002
1759 1.307343e-003 5.696972e-002
1760 4.266188e-004 4.259485e-002
1761 2.149234e-003 8.645758e-002
1762 1.152953e-003 6.444858e-002
1763 1.243319e-003 6.851852e-002
1764 1.298078e-004 1.677120e-002
1765 2.217521e-004 2.127203e-002
1766 1.325781e-003 8.314599e-002
1767 1.786487e-004 1.420310e-002
1768 1.876771e-004 1.636078e-002
1769 7.625810e-004 5.517743e-002
1770 4.566200e-004 3.938581e-002
1771 9.301277e-004 2.179293e-002
1772 2.652952e-006 4.259492e-003
1773 4.775160e-003 1.286858e-001
1774 9.113222e-004 2.854497e-002
1775 8.242638e-003 1.914938e-001
1776 2.613869e-004 1.612266e-002
1777 4.737107e-004 1.805660e-002
1778 2.264752e-003 4.001398e-002
1779 7.331576e-004 2.143267e-002
1780 2.732364e-004 1.297467e-002
1781 2.479810e-004 1.103405e-002
1782 1.966535e-004 1.691584e-002
1783 1.112893e-003 5.173415e-002
1784 5.968669e-004 2.610025e-002
1785 6.871243e-004 3.060889e-002
1786 3.822407e-005 4.112341e-003
1787 7.029434e-005 5.735128e-003
1788 7.541092e-004 7.437183e-002
1789 7.353586e-004 6.422771e-002
1790 7.956672e-005 1.068656e-002
1791 1.409912e-003 7.862395e-002
1792 2.152405e-004 3.184864e-002
1793 9.515884e-004 1.623794e-002
1794 1.186816e-004 7.235057e-003
1795 3.650415e-004 1.260106e-002
1796 1.639021e-003 4.016785e-002
1797 1.577322e-003 4.342649e-002
1798 5.343189e-004 2.996925e-002
1799 9.809489e-005 1.225897e-002
1800 1.021791e-003 5.053108e-002
1801 1.603638e-004 1.198109e-002
1802 5.188805e-004 3.097038e-002
1803 5.096431e-004 2.678858e-002
1804 7.896154e-004 3.295827e-002
1805 4.875279e-004 2.044430e-002
1806 9.165617e-004 3.213583e-002
1807 1.645641e-004 1.249333e-002
1808 1.368663e-003 4.934362e-002
1809 1.145241e-004 1.589064e-002
1810 1.420830e-005 8.493071e-003
1811 3.990267e-005 9.153318e-003
1812 9.978009e-005 9.812717e-003
1813 3.710455e-005 4.777223e-003
1814 2.649238e-004 1.521140e-002
1815 8.336958e-004 2.550415e-002
1816 2.136870e-004 8.243413e-003
1817 6.279117e-004 1.969126e-002
1818 5.204968e-004 2.771326e-002
1819 7.025282e-004 5.178683e-002
1820 2.089786e-004 2.286305e-002
1821 5.543922e-005 1.131289e-002
1822 2.502259e-004 1.191721e-002
1823 5.260377e-004 2.870191e-002
1824 1.072914e-004 1.440486e-002
1825 9.652858e-004 4.867434e-002
1826 1.200438e-004 2.141845e-002
1827 1.067282e-004 7.030911e-003
1828 1.009385e-004 9.410600e-003
1829 1.090531e-004 1.000635e-002
1830 3.119403e-003 7.716785e-002
1831 4.890532e-005 5.933199e-003
1832 1.387792e-004 2.076005e-002
1833 3.959332e-005 9.953837e-003
1834 9.590554e-005 8.310956e-003
1835 5.572692e-005 7.609339e-003
1836 1.531047e-005 4.936649e-003
1837 1.611987e-004 1.508116e-002
1838 1.602806e-004 1.333968e-002
1839 3.116965e-004 2.510677e-002
1840 5.618043e-004 2.632749e-002
1841 2.079564e-004 1.711332e-002
1842 1.602806e-004 1.333968e-002
1843 9.216745e-005 9.765354e-003
1844 1.846936e-004 1.277538e-002
1845 2.618513e-005 1.094808e-002
1846 1.277994e-005 6.404683e-003
1847 2.324494e-005 7.860812e-003
1848 2.533416e-005 1.075133e-002
1849 8.386462e-005 1.050640e-002
1850 8.225521e-005 6.363840e-003
1851 2.820544e-005 3.834660e-003
1852 4.774217e-006 3.933051e-003
1853 1.806244e-005 2.869674e-003
1854 1.046278e-004 1.152932e-002
1855 1.336845e-004 1.008391e-002
1856 2.074850e-004 2.046358e-002
1857 1.730295e-004 1.305135e-002
1858 2.513015e-004 1.421037e-002
1859 3.031870e-005 3.746960e-003
1860 1.658276e-004 1.824492e-002
1861 3.195627e-005 6.803778e-003
1862 6.170999e-005 6.247146e-003
1863 2.112979e-004 1.676476e-002
1864 5.009548e-004 2.451105e-002
1865 4.902261e-004 2.303933e-002
1866 4.767625e-004 1.789365e-002
1867 3.629864e-005 7.813023e-003
1868 3.595975e-005 8.996790e-003
1869 2.119010e-005 5.594056e-003
1870 6.739730e-005 1.112156e-002
1871 1.551201e-003 2.686665e-002
1872 1.461785e-003 4.224561e-002
1873 1.676530e-004 8.710200e-003
1874 9.533228e-004 2.068721e-002
1875 4.863087e-004 1.482297e-002
1876 3.000233e-005 4.891326e-003
1877 1.124262e-004 9.251480e-003
1878 1.976066e-005 5.929233e-003
1879 2.098155e-004 1.454223e-002
1880 1.031172e-004 9.061066e-003
1881 1.260535e-003 5.654270e-002
1882 2.272338e-004 3.302165e-002
1883 3.193229e-004 2.355711e-002
1884 2.811275e-004 1.664516e-002
1885 7.475692e-005 9.212665e-003
1886 1.948930e-004 1.841733e-002
1887 3.462806e-005 6.936167e-003
1888 1.868877e-004 1.258255e-002
1889 3.595254e-005 7.057957e-003
1890 1.037203e-005 5.231776e-003
1891 1.668966e-005 4.610524e-003
1892 1.900687e-005 5.193920e-003
1893 1.552332e-004 2.007881e-002
1894 2.242889e-004 2.311568e-002
1895 9.457633e-005 1.129547e-002
1896 1.717298e-005 4.533491e-003
1897 5.168499e-006 3.406594e-003
1898 1.712011e-005 2.824961e-003
1899 1.087422e-004 8.735437e-003
1900 2.441830e-004 1.030817e-002
1901 2.072855e-006 1.678075e-003
1902 5.482836e-004 1.943395e-002
1903 2.005649e-003 7.033902e-002
1904 2.463554e-004 9.233217e-003
1905 1.587515e-004 1.070884e-002
1906 2.568124e-003 1.153679e-001
1907 7.887242e-005 5.884151e-003
1908 7.887242e-005 5.884151e-003
1909 1.010691e-005 5.040684e-003
1910 2.595894e-004 1.093802e-002
1911 1.547837e-004 9.288140e-003
1912 2.414220e-004 2.154352e-002
1913 1.308482e-003 3.309208e-002
1914 2.893567e-004 1.970543e-002
1915 1.975809e-003 3.695166e-002
1916 4.436070e-004 2.345377e-002
1917 6.639872e-004 1.929799e-002
1918 2.947078e-004 1.916994e-002
1919 1.292359e-003 6.975932e-002
1920 4.103097e-004 2.366809e-002
1921 2.912783e-004 1.722149e-002
1922 1.536421e-003 4.662552e-002
1923 5.564885e-004 2.127515e-002
1924 1.679904e-003 6.036060e-002
1925 6.463134e-004 2.000364e-002
1926 2.156303e-004 1.184693e-002
1927 3.919351e-004 1.645901e-002
1928 1.499702e-003 4.545251e-002
1929 4.627138e-004 1.885489e-002
1930 5.348855e-005 4.085159e-003
1931 1.368411e-004 2.673857e-002
1932 1.573334e-004 2.135892e-002
1933 7.592447e-005 7.387869e-003
1934 1.737403e-005 6.371247e-003
1935 3.234877e-004 2.442430e-002
1936 6.374661e-005 1.141781e-002
1937 9.343076e-005 8.049627e-003
1938 1.633879e-004 1.445204e-002
1939 3.222029e-004 1.939171e-002
1940 9.316629e-004 4.191324e-002
1941 4.133471e-005 4.913789e-003
1942 8.702481e-004 2.579967e-002
1943 5.502205e-004 3.282064e-002
1944 2.047643e-004 1.509606e-002
1945 8.109542e-005 7.202003e-003
1946 1.281252e-003 5.801609e-002
1947 1.682707e-004 1.355376e-002
1948 1.383497e-004 1.309277e-002
1949 1.580592e-003 4.522429e-002
1950 1.616080e-004 7.951501e-003
1951 3.319878e-004 2.070712e-002
1952 6.772019e-004 1.666509e-002
1953 1.212839e-004 1.476063e-002
1954 5.504151e-005 6.642333e-003
1955 2.385542e-003 9.340565e-002
1956 1.632603e-003 9.821111e-002
1957 2.637774e-003 1.214258e-001
1958 1.203507e-003 4.914565e-002
1959 3.100772e-005 6.673616e-003
1960 4.590476e-005 6.632558e-003
1961 7.743477e-006 2.829597e-003
1962 1.558823e-005 5.413920e-003
1963 3.785499e-006 1.958607e-003
1964 1.254278e-005 3.171184e-003
1965 1.521105e-004 9.444818e-003
1966 8.621870e-005 8.531932e-003
1967 7.275374e-004 2.352713e-002
1968 7.606599e-005 6.917288e-003
1969 1.660303e-004 1.226320e-002
1970 9.284455e-006 8.767572e-003
1971 1.904227e-004 1.693458e-002
1972 4.414508e-005 6.192128e-003
1973 5.423788e-004 3.415593e-002
1974 4.435466e-004 1.649663e-002
1975 2.467038e-004 1.232183e-002
1976 2.778456e-004 1.142424e-002
1977 1.268066e-003 2.446146e-002
1978 3.900041e-004 1.295996e-002
1979 4.250022e-004 1.280497e-002
1980 9.571997e-005 7.366042e-003
1981 9.354415e-005 8.966255e-003
1982 6.137101e-004 4.044120e-002
1983 2.873194e-003 8.015370e-002
1984 1.001545e-003 4.876692e-002
1985 8.486714e-004 7.486950e-002
1986 4.128141e-004 3.269816e-002
1987 2.424922e-003 1.357655e-001
1988 1.443764e-004 2.446808e-002
1989 5.207498e-004 3.284074e-002
1990 6.595313e-004 5.964370e-002
1991 1.403230e-004 9.432505e-003
1992 9.215819e-005 1.385184e-002
1993 3.008302e-004 1.848521e-002
1994 1.773020e-004 1.198293e-002
1995 2.992815e-004 1.107743e-002
1996 5.707639e-005 8.684638e-003
1997 2.914126e-004 2.243633e-002
1998 5.981348e-004 3.414199e-002
1999 5.713034e-004 3.988225e-002
2000 1.459928e-004 1.572925e-002
