2 4.560095e-004 4.357056e-002
3 3.556441e-003 1.535753e-001
4 1.006114e-003 9.480788e-002
5 8.255356e-004 2.915981e-002
6 4.362822e-003 1.303013e-001
7 1.792066e-004 1.107568e-002
8 5.383065e-004 2.016305e-002
9 7.578043e-005 6.283009e-003
10 1.947351e-004 6.913640e-003
11 8.302447e-004 5.233155e-002
12 3.259347e-005 6.062259e-003
13 1.677022e-003 5.201759e-002
14 2.536952e-004 2.136535e-002
15 7.229850e-005 2.374691e-002
16 3.460545e-004 2.759043e-002
17 5.969611e-005 4.421335e-003
18 2.309488e-004 6.422503e-002
19 3.545783e-004 2.383764e-002
20 9.124454e-004 7.069972e-002
21 6.678481e-004 2.717456e-002
22 2.611192e-004 8.327108e-003
23 1.348430e-003 4.374967e-002
24 1.969425e-004 4.302503e-002
25 5.831960e-005 1.202563e-002
26 9.158080e-004 1.248066e-001
27 7.563213e-004 1.354412e-002
28 1.007114e-004 1.140560e-002
29 3.609765e-003 1.542785e-001
30 8.402230e-005 5.436899e-003
31 9.692657e-005 1.582302e-002
32 4.054298e-004 2.824132e-002
33 4.758837e-005 3.093906e-003
34 3.469166e-005 2.704419e-003
35 1.689452e-003 6.575393e-002
36 7.459921e-005 9.916486e-003
37 2.291717e-003 1.272689e-001
38 2.289380e-003 1.042206e-001
39 2.389064e-003 1.816329e-001
40 4.681872e-004 5.551227e-002
41 4.230169e-005 4.545564e-003
42 2.217612e-003 1.424887e-001
43 3.058194e-005 5.101388e-003
44 7.547271e-006 2.142433e-003
45 1.318127e-005 2.158194e-003
46 5.150732e-006 1.291564e-003
47 1.682191e-005 4.335748e-003
48 2.673519e-005 4.779708e-003
49 4.990041e-005 5.987170e-003
50 3.460757e-004 1.066777e-002
51 8.215018e-006 2.691345e-003
52 2.511767e-005 4.244980e-003
53 1.609838e-005 3.698072e-003
54 2.673879e-005 3.575951e-003
55 1.262439e-005 2.768892e-003
56 1.243969e-004 7.894564e-003
57 1.025307e-004 5.315479e-003
58 9.700451e-007 1.614908e-003
59 3.629456e-005 5.969790e-003
60 1.842797e-006 2.158366e-003
61 6.374452e-006 3.614629e-003
62 1.291104e-006 1.194459e-003
63 1.222497e-005 4.371848e-003
64 3.281249e-005 6.177156e-003
65 6.543575e-006 1.977586e-003
66 1.278892e-005 2.431782e-003
67 4.071561e-005 3.584026e-003
68 5.326933e-005 5.132426e-003
69 3.772037e-005 3.994984e-003
70 1.218159e-003 3.103324e-002
71 3.963486e-006 4.219242e-003
72 3.873290e-005 4.673910e-003
73 1.353664e-005 2.673381e-003
74 1.198819e-005 5.250631e-003
75 3.825495e-005 3.307462e-003
76 1.946349e-005 4.004078e-003
77 7.048345e-006 3.666913e-003
78 1.530282e-004 1.120725e-002
79 7.080363e-005 5.341942e-003
80 6.545580e-004 2.746745e-002
81 7.141600e-006 2.664415e-003
82 3.685158e-004 1.246906e-002
83 8.859658e-006 2.141716e-003
84 1.446025e-004 6.916672e-003
85 5.344833e-005 6.261253e-003
86 1.033164e-004 5.104316e-003
87 3.080392e-004 1.247745e-002
88 4.674556e-006 2.649175e-003
89 4.940908e-005 6.094163e-003
90 5.384895e-004 3.153441e-002
91 6.069967e-005 3.657820e-003
92 1.034836e-003 2.117834e-002
93 1.629648e-004 6.657340e-003
94 4.515567e-005 5.311744e-003
95 2.806367e-005 4.682378e-003
96 3.499817e-005 2.871833e-003
97 1.634834e-005 9.238903e-003
98 2.561961e-005 3.788034e-003
99 2.058013e-003 1.262233e-001
100 1.248821e-003 6.436693e-002
101 1.163089e-003 5.019625e-002
102 3.348233e-005 2.326903e-003
103 1.599894e-003 2.583694e-002
104 5.208338e-005 2.283986e-002
105 2.819277e-004 1.089123e-002
106 3.324651e-004 1.505578e-002
107 6.505281e-005 9.013237e-003
108 5.662605e-004 4.398174e-002
109 1.540329e-004 6.929159e-003
110 3.647152e-005 2.625464e-003
111 7.152460e-005 6.411372e-003
112 2.100114e-004 1.197239e-002
113 4.215710e-004 1.920154e-002
114 5.155005e-005 7.509716e-003
115 8.602423e-005 7.064676e-003
116 4.055462e-004 1.871418e-002
117 3.929900e-005 3.151687e-003
118 1.463900e-005 3.293517e-003
119 1.390318e-003 1.545171e-002
120 1.548444e-004 6.100968e-003
121 4.626796e-005 4.861170e-003
122 2.082130e-005 3.192846e-003
123 2.498698e-004 1.250147e-002
124 8.561975e-005 3.615615e-003
125 1.439440e-003 4.267069e-002
126 8.189674e-006 3.863850e-003
127 6.162471e-005 9.906058e-003
128 4.249732e-003 1.340995e-001
129 4.275950e-003 8.574457e-002
130 9.341518e-004 3.143014e-002
131 2.377993e-003 5.064630e-002
132 2.480240e-004 1.375914e-002
133 8.279378e-003 1.469239e-001
134 1.468821e-004 5.517613e-003
135 2.355155e-004 1.750875e-002
136 1.700232e-006 2.173753e-003
137 1.286490e-004 9.887594e-003
138 8.907759e-006 2.885926e-003
139 4.284197e-005 4.597338e-003
140 2.031367e-004 1.334114e-002
141 4.359175e-005 5.735498e-003
142 3.438468e-004 1.802120e-002
143 7.174113e-004 5.368180e-002
144 2.321925e-004 1.602099e-002
145 2.038341e-004 1.864823e-002
146 5.836150e-005 8.255429e-003
147 2.657161e-004 1.290955e-002
148 2.610784e-005 3.396442e-003
149 3.108836e-004 2.826609e-002
150 5.036367e-004 2.852772e-002
151 5.738250e-005 1.236413e-002
152 2.706204e-004 2.544753e-002
153 3.282862e-005 6.644738e-003
154 9.186964e-005 7.691501e-003
155 3.277509e-005 2.004143e-003
156 1.081831e-004 5.547561e-003
157 8.367872e-005 6.754818e-003
158 1.852553e-006 3.750075e-003
159 1.893006e-004 1.170075e-002
160 4.459493e-005 7.799182e-003
161 3.506376e-005 3.045774e-003
162 1.927498e-004 6.724545e-003
163 1.432534e-004 6.419950e-003
164 1.544388e-005 3.195861e-003
165 3.573707e-006 1.413348e-003
166 6.028768e-006 1.607403e-003
167 3.390233e-005 5.320262e-003
168 9.953294e-006 3.026304e-003
169 9.881684e-005 4.902190e-003
170 4.855564e-005 2.532740e-003
171 6.406651e-004 1.518507e-002
172 7.036315e-004 4.027788e-002
173 1.574884e-004 1.467361e-002
174 6.604813e-004 3.552615e-002
175 1.910151e-006 1.197863e-003
176 1.294983e-004 6.854969e-003
177 4.206174e-006 3.041256e-003
178 1.079033e-005 6.821736e-003
179 1.504937e-005 7.588004e-003
180 1.238220e-006 1.237989e-003
181 3.575654e-004 5.642649e-002
182 9.160667e-005 1.041730e-002
183 6.507696e-005 7.308755e-003
184 6.786384e-005 5.355712e-003
185 2.159910e-006 1.463659e-003
186 2.391155e-004 1.799046e-002
187 2.115414e-003 2.093834e-001
188 1.096429e-004 1.291356e-002
189 2.741357e-005 3.929601e-003
190 1.885752e-005 3.770312e-003
191 9.289257e-006 6.150339e-003
192 1.995345e-005 4.329806e-003
193 2.160547e-005 4.905984e-003
194 1.995345e-005 4.329806e-003
195 7.439742e-005 6.403212e-003
196 7.448476e-005 4.437509e-003
197 1.120183e-004 1.569325e-002
198 9.060048e-005 8.147426e-003
199 1.007278e-004 1.179381e-002
200 3.599049e-004 2.928067e-002
201 8.714215e-004 3.668883e-002
202 6.397091e-005 6.922786e-003
203 7.846659e-004 5.912992e-002
204 1.735206e-005 3.602732e-003
205 4.160787e-005 1.068580e-002
206 1.502940e-004 9.186377e-003
207 1.115086e-004 2.635851e-002
208 5.577355e-004 4.549534e-002
209 2.870559e-004 1.646720e-002
210 5.480383e-004 3.680359e-002
211 2.677055e-004 1.648599e-002
212 2.819017e-005 3.742130e-003
213 7.102891e-005 6.394078e-003
214 7.053479e-005 9.096293e-003
215 4.365739e-005 1.023557e-002
216 4.483896e-004 2.236455e-002
217 1.081154e-005 1.976942e-003
218 1.633081e-005 3.493722e-003
219 1.036867e-005 1.699663e-003
220 1.009315e-003 9.679873e-002
221 3.000862e-005 4.568951e-003
222 1.270009e-004 9.470280e-003
223 1.939549e-004 1.113937e-002
224 7.366506e-006 2.099233e-003
225 6.117178e-006 3.098892e-003
226 9.248441e-005 8.094239e-003
227 1.068642e-005 3.865498e-003
228 2.533185e-005 4.082492e-003
229 1.027452e-004 1.226117e-002
230 2.668113e-003 9.507557e-002
231 2.035916e-006 2.000556e-003
232 3.592307e-003 1.123882e-001
233 1.463768e-005 7.670424e-003
234 1.946330e-005 2.296640e-003
235 5.336023e-006 7.127807e-003
236 3.087125e-005 5.176044e-003
237 9.923565e-004 3.706326e-002
238 1.115128e-005 4.607101e-003
239 2.110284e-005 3.195231e-003
240 9.914914e-005 4.053331e-002
241 2.029973e-003 1.354287e-001
242 1.277069e-004 1.203289e-002
243 9.015438e-006 3.728042e-003
244 9.599827e-006 1.528444e-003
245 2.829052e-006 1.190664e-003
246 1.646505e-003 4.744068e-002
247 8.003528e-005 7.377935e-003
248 1.253592e-003 1.235926e-001
249 6.310660e-004 4.152721e-002
250 6.187959e-004 2.627624e-002
251 1.940901e-006 1.231614e-003
252 1.787966e-005 7.777596e-003
253 2.474253e-005 3.509737e-003
254 6.363259e-005 9.778030e-003
255 3.200828e-005 6.404798e-003
256 3.529007e-006 2.333417e-003
257 1.226812e-005 3.655378e-003
258 2.850013e-004 3.321832e-002
259 1.958104e-006 1.306250e-003
260 3.764627e-005 7.856310e-003
261 5.777442e-005 3.292487e-003
262 5.966234e-006 1.405429e-003
263 1.607270e-005 1.664788e-003
264 1.513941e-004 2.294366e-002
265 5.108529e-004 5.288680e-002
266 1.238626e-004 7.728160e-003
267 1.393834e-004 1.593402e-002
268 3.837388e-005 4.200036e-003
269 5.182862e-004 2.419730e-002
270 5.517148e-006 3.340289e-003
271 4.598502e-005 1.215106e-002
272 4.872994e-005 4.428954e-003
273 1.012509e-003 6.966628e-002
274 1.727518e-006 1.835320e-003
275 1.384960e-004 2.012160e-002
276 7.919635e-005 1.315505e-002
277 1.479166e-005 3.852167e-003
278 1.252492e-004 1.802887e-002
279 1.101513e-005 3.407565e-003
280 3.517221e-005 2.025321e-002
281 1.957005e-004 2.116470e-002
282 6.747175e-006 1.698369e-003
283 7.623340e-006 5.923573e-003
284 1.125495e-005 4.523205e-003
285 4.468729e-005 5.312519e-003
286 3.003612e-005 4.949083e-003
287 3.469603e-005 4.463369e-003
288 4.344290e-006 1.932776e-003
289 1.652261e-003 2.832084e-002
290 9.354564e-007 1.401239e-003
291 1.882626e-004 1.129781e-002
292 1.072225e-003 6.563812e-002
293 1.386526e-005 4.593465e-003
294 2.535433e-005 3.256026e-003
295 6.378996e-005 1.570327e-002
296 8.322894e-004 6.942269e-002
297 1.155734e-004 1.259432e-002
298 1.784438e-005 4.684016e-003
299 2.795365e-006 3.333440e-003
300 1.013088e-004 1.188673e-002
301 1.396241e-003 4.486154e-002
302 1.228782e-005 2.530845e-003
303 5.323830e-005 1.803334e-002
304 9.461358e-005 1.106175e-002
305 5.916086e-005 3.024636e-003
306 1.669472e-005 2.513166e-003
307 6.963065e-004 2.624994e-002
308 6.091592e-005 1.007761e-002
309 4.726416e-004 4.424471e-002
310 6.012966e-005 7.689871e-003
311 5.355375e-005 4.936958e-003
312 1.802905e-005 2.557258e-003
313 1.881923e-003 9.612748e-002
314 1.630305e-005 1.750404e-003
315 5.159988e-006 4.552458e-003
316 3.135544e-004 2.427019e-002
317 1.741991e-003 3.418255e-002
318 8.859579e-004 3.181084e-002
319 2.286171e-004 3.131138e-002
320 1.859245e-004 1.956674e-002
321 8.056565e-004 1.188961e-001
322 8.680475e-006 6.693939e-003
323 1.682880e-004 1.257010e-002
324 2.687796e-005 4.800230e-003
325 1.524834e-005 3.740605e-003
326 5.357718e-004 2.515641e-002
327 5.603683e-003 1.526189e-001
328 6.072465e-004 3.009877e-002
329 6.334865e-004 2.855671e-002
330 1.728452e-005 5.872216e-003
331 7.149916e-005 1.935917e-002
332 1.121445e-003 6.427849e-002
333 1.081113e-004 1.099833e-002
334 1.778666e-004 3.436830e-002
335 6.504786e-006 2.012270e-003
336 8.688697e-005 2.507358e-003
337 6.732680e-005 4.088845e-003
338 1.143289e-004 9.405278e-003
339 6.530666e-004 2.149287e-002
340 7.247353e-005 9.696470e-003
341 9.961313e-005 5.385984e-003
342 1.762744e-005 3.117772e-003
343 4.191314e-004 2.166850e-002
344 3.627907e-005 3.763596e-003
345 3.118464e-004 2.593083e-002
346 6.639879e-004 3.559971e-002
347 2.263075e-005 3.488241e-003
348 1.059977e-004 1.038178e-002
349 4.618306e-005 4.055189e-003
350 1.298879e-005 2.383362e-003
351 3.803720e-003 1.731717e-001
352 1.285124e-003 4.354297e-002
353 1.910151e-006 1.197863e-003
354 4.632068e-004 3.769060e-002
355 3.224335e-004 1.413305e-002
356 1.256646e-004 1.703197e-002
357 1.797386e-004 3.782405e-002
358 2.270050e-005 2.572179e-003
359 1.514627e-004 5.863354e-003
360 3.497006e-005 6.567171e-003
361 2.648822e-004 4.720049e-002
362 1.668493e-004 1.283475e-002
363 8.542578e-005 1.678262e-002
364 4.990860e-004 3.109496e-002
365 1.501841e-004 1.987238e-002
366 1.283683e-004 6.546816e-003
367 1.498709e-004 1.118112e-002
368 1.464911e-004 7.724878e-003
369 8.263312e-005 6.268931e-003
370 2.071644e-004 1.030671e-002
371 6.567274e-004 3.489731e-002
372 8.893547e-005 3.409662e-002
373 1.264661e-004 2.288187e-002
374 4.546857e-005 5.647663e-003
375 2.080795e-006 1.229742e-003
376 1.005237e-005 2.819133e-003
377 6.237330e-004 3.369989e-002
378 5.975030e-005 5.541708e-003
379 9.301694e-006 1.699273e-003
380 2.297413e-004 9.681741e-003
381 1.294426e-003 4.249982e-002
382 5.054144e-005 5.402750e-003
383 3.804530e-004 6.171891e-002
384 4.092017e-005 7.015864e-003
385 1.961514e-003 1.023920e-001
386 6.004631e-005 3.151346e-003
387 4.089818e-004 7.534096e-003
388 1.523213e-005 3.102328e-003
389 5.721253e-005 6.816675e-003
390 2.829239e-006 4.291998e-003
391 6.579332e-005 5.485293e-003
392 1.701033e-004 1.540510e-002
393 9.631173e-006 2.257740e-003
394 1.951268e-003 1.236987e-001
395 3.569840e-006 1.413482e-003
396 1.846824e-004 1.483760e-002
397 1.281276e-004 1.434468e-002
398 5.410943e-006 2.251063e-003
399 5.983633e-005 5.726544e-003
400 4.328219e-003 2.330337e-001
401 1.053870e-004 8.435643e-003
402 9.321362e-004 9.485363e-002
403 1.394867e-004 1.401611e-002
404 8.601436e-005 1.449278e-002
405 1.463971e-005 2.957426e-003
406 6.760263e-004 7.048015e-002
407 8.013120e-004 4.892671e-002
408 1.697321e-003 1.045805e-001
409 3.677668e-004 2.961244e-002
410 8.202515e-005 1.185440e-002
411 1.495060e-004 6.530874e-003
412 6.360545e-005 9.065422e-003
413 2.002436e-003 6.182176e-002
414 2.701027e-005 4.956941e-003
415 6.701098e-006 1.687224e-003
416 3.489318e-004 5.424603e-002
417 9.371120e-006 1.705844e-003
418 1.869858e-004 7.537873e-003
419 4.244717e-003 1.109302e-001
420 2.188066e-005 6.122277e-003
421 6.853374e-005 4.303089e-003
422 5.715829e-005 1.756771e-002
423 3.456900e-005 3.113918e-003
424 1.192659e-004 1.224344e-002
425 1.419426e-005 7.365113e-003
426 1.846458e-005 2.032737e-003
427 9.279055e-004 7.077680e-002
428 8.798314e-005 8.241786e-003
429 4.991062e-004 3.821068e-002
430 5.728732e-006 1.341487e-003
431 5.859728e-006 3.933216e-003
432 8.805839e-004 4.622159e-002
433 1.872493e-006 1.178485e-003
434 1.633317e-005 3.812805e-003
435 1.273068e-005 4.674611e-003
436 3.387894e-006 2.175049e-003
437 2.306459e-004 5.225933e-002
438 1.826699e-005 4.974085e-003
439 1.564032e-005 3.838259e-003
440 6.973928e-006 3.939199e-003
441 2.901918e-004 2.287508e-002
442 3.083315e-005 5.091697e-003
443 2.220852e-005 3.656706e-003
444 3.042977e-004 1.556788e-002
445 4.771986e-004 4.888808e-002
446 1.118422e-004 1.144552e-002
447 1.209186e-005 2.112024e-003
448 6.847691e-006 2.062201e-003
449 2.671067e-006 2.128591e-003
450 5.953814e-006 2.979752e-003
451 1.215232e-006 1.150067e-003
452 1.130964e-005 4.312335e-003
453 5.760408e-006 2.593859e-003
454 1.418176e-004 2.224249e-002
455 6.697973e-004 2.023664e-002
456 3.219673e-005 4.541990e-003
457 1.157907e-004 7.640240e-003
458 8.820133e-005 9.590574e-003
459 1.056607e-004 9.006927e-003
460 1.423453e-005 3.029382e-003
461 1.883100e-004 2.130829e-002
462 7.205452e-004 1.803962e-002
463 2.176965e-004 5.094145e-002
464 1.549319e-005 3.159765e-003
465 7.713032e-006 1.641605e-003
466 7.445769e-006 2.557821e-003
467 4.148020e-004 2.983276e-002
468 1.399412e-005 5.441455e-003
469 4.380481e-004 1.842518e-002
470 7.005389e-005 9.795464e-003
471 1.278596e-004 8.423860e-003
472 2.046138e-005 2.676559e-003
473 4.521068e-005 6.754909e-003
474 5.295791e-005 3.270908e-003
475 1.269710e-004 1.157509e-002
476 3.380439e-006 2.146657e-003
477 1.435308e-004 1.586425e-002
478 1.602555e-006 3.540849e-003
479 1.979649e-006 1.732111e-003
480 4.216589e-005 8.140379e-003
481 3.095759e-005 6.716723e-003
482 4.615872e-004 3.359390e-002
483 1.820572e-006 1.130333e-003
484 4.386383e-006 1.709212e-003
485 4.350216e-004 3.434654e-002
486 2.167235e-005 3.532848e-003
487 4.425843e-004 2.336639e-002
488 2.239781e-005 3.118418e-003
489 4.813662e-005 5.952572e-003
490 2.362673e-004 2.110754e-002
491 2.730790e-005 7.757928e-003
492 3.171009e-005 2.608894e-003
493 1.071647e-005 1.762609e-003
494 2.188753e-004 1.519408e-002
495 4.587056e-004 2.278727e-002
496 7.680509e-004 7.267193e-002
497 9.122941e-004 7.051818e-002
498 5.233744e-004 1.449798e-002
499 7.817586e-005 4.111280e-003
500 3.544450e-005 8.749443e-003
501 1.345584e-003 6.583746e-002
502 7.820690e-005 9.032446e-003
503 3.775595e-004 1.340264e-002
504 1.447431e-003 6.516544e-002
505 3.981403e-005 3.863386e-003
506 7.881210e-005 8.548003e-003
507 6.240519e-005 7.183187e-003
508 6.357881e-005 3.481944e-003
509 2.421431e-003 1.120603e-001
510 2.653716e-005 8.614395e-003
511 2.707021e-005 3.857785e-003
512 9.006856e-006 1.696677e-003
513 1.265296e-004 1.610296e-002
514 3.256050e-005 1.573145e-002
515 2.259823e-004 2.316217e-002
516 4.851691e-004 1.917564e-002
517 3.593899e-005 3.470726e-003
518 4.285228e-005 3.489718e-003
519 7.467142e-005 6.308674e-003
520 1.426297e-006 1.471948e-003
521 5.774792e-004 1.212817e-002
522 5.989973e-006 2.788033e-003
523 6.784772e-005 6.476827e-003
524 5.700991e-004 8.311073e-003
525 2.331329e-004 1.765467e-002
526 1.883376e-004 1.092525e-002
527 8.607595e-004 2.765137e-002
528 5.366570e-005 6.434711e-003
529 6.586844e-004 1.994023e-002
530 1.200785e-004 5.805789e-003
531 6.306774e-007 1.565072e-003
532 3.563920e-005 7.502326e-003
533 1.879469e-005 2.249257e-003
534 7.413170e-004 3.747230e-002
535 5.916843e-004 7.313936e-002
536 2.355614e-004 2.536810e-002
537 1.048695e-003 7.991723e-002
538 9.314970e-004 5.259408e-002
539 3.010558e-004 3.289326e-002
540 1.374566e-004 2.338844e-002
541 1.214821e-003 5.214454e-002
542 3.647418e-005 8.056355e-003
543 1.580720e-005 1.756848e-003
544 1.724939e-004 1.360290e-002
545 9.764158e-005 7.594522e-003
546 6.824655e-005 9.670034e-003
547 3.132393e-004 2.214889e-002
548 1.871904e-005 9.998552e-003
549 5.446866e-004 1.966312e-002
550 7.404296e-006 5.407971e-003
551 2.928407e-005 4.726110e-003
552 1.749538e-005 2.105481e-003
553 3.216264e-005 4.772309e-003
554 5.838642e-006 2.914231e-003
555 2.954539e-004 4.127438e-002
556 2.944138e-005 4.727616e-003
557 7.950808e-004 1.823270e-002
558 4.334214e-005 6.020599e-003
559 1.195479e-004 1.242679e-002
560 8.995267e-006 2.933136e-003
561 7.879995e-005 2.701004e-002
562 3.434340e-006 1.372313e-003
563 4.199975e-003 2.309583e-001
564 6.059508e-003 1.455689e-001
565 1.788110e-005 2.197131e-003
566 8.612470e-005 8.147851e-003
567 3.478233e-004 1.758770e-002
568 8.014688e-004 1.853263e-002
569 5.252994e-005 3.840818e-003
570 8.678156e-004 2.087703e-002
571 3.561616e-004 9.567321e-003
572 7.852286e-005 2.443156e-002
573 4.645047e-004 2.044218e-002
574 2.869555e-005 2.778434e-003
575 1.511067e-005 3.457986e-003
576 7.797336e-005 5.575413e-003
577 2.390688e-006 2.615727e-003
578 8.549171e-006 3.148534e-003
579 1.101068e-004 5.935789e-003
580 2.268729e-005 5.293874e-003
581 2.847669e-004 1.715863e-002
582 1.601211e-004 8.249305e-003
583 3.844385e-004 9.536543e-002
584 3.065911e-004 1.553494e-002
585 1.576396e-004 2.297295e-002
586 2.748073e-004 1.451493e-002
587 2.924534e-005 6.111899e-003
588 2.533998e-004 4.448881e-002
589 6.386095e-005 4.922825e-003
590 5.528097e-005 9.458556e-003
591 1.632482e-004 1.760568e-002
592 2.076448e-003 7.410279e-002
593 5.539156e-005 6.108004e-003
594 1.040642e-003 4.002712e-002
595 1.165638e-005 3.757608e-003
596 2.023803e-006 1.252864e-003
597 9.273644e-006 1.596019e-003
598 1.047063e-004 1.032136e-002
599 5.854990e-005 6.897990e-003
600 6.314429e-006 2.641249e-003
601 2.341245e-005 3.025030e-003
602 9.238063e-005 3.779444e-003
603 1.121189e-004 1.169816e-002
604 2.718849e-006 1.902316e-003
605 3.523805e-004 1.132467e-002
606 5.896426e-005 9.252116e-003
607 1.783585e-005 4.322445e-003
608 8.978689e-005 3.930790e-003
609 5.387006e-005 8.526424e-003
610 3.569326e-005 6.574858e-003
611 2.041457e-006 2.282921e-003
612 1.764574e-004 2.314013e-002
613 3.084850e-005 4.680790e-003
614 3.213422e-005 4.199247e-003
615 3.933328e-005 5.273857e-003
616 1.062378e-004 4.474276e-003
617 3.041624e-005 1.078112e-002
618 4.378933e-005 7.229869e-003
619 2.308781e-005 3.096557e-003
620 1.629487e-005 3.324392e-003
621 1.995812e-005 2.253734e-003
622 4.240784e-004 1.170379e-002
623 7.519922e-005 4.779394e-003
624 2.201965e-005 2.499170e-003
625 8.307181e-005 7.999518e-003
626 4.051084e-005 3.907085e-003
627 9.821269e-006 2.991679e-003
628 6.657992e-005 5.193631e-003
629 5.315066e-006 1.402570e-003
630 7.152865e-005 3.463539e-003
631 9.085702e-005 5.169334e-003
632 3.145293e-006 1.125434e-003
633 1.650182e-003 4.103253e-002
634 2.648196e-004 6.158239e-003
635 2.384233e-005 7.703548e-003
636 1.291784e-004 1.595914e-002
637 5.076121e-005 9.001739e-003
638 1.709883e-006 1.976295e-003
639 8.279766e-007 1.494095e-003
640 1.960161e-006 2.271012e-003
641 7.438927e-007 1.415563e-003
642 1.765406e-005 4.528440e-003
643 2.725362e-004 5.364857e-002
644 1.893004e-004 1.949952e-002
645 2.022472e-004 1.311738e-002
646 1.378563e-004 1.008467e-002
647 4.330999e-005 2.653864e-003
648 2.332580e-004 1.049329e-002
649 9.249640e-004 6.421585e-002
650 2.146847e-005 2.600899e-003
651 2.662514e-005 7.720001e-003
652 3.604269e-004 1.987414e-002
653 7.936066e-006 4.532865e-003
654 1.974231e-005 2.530477e-003
655 3.390324e-005 5.464506e-003
656 1.792594e-005 2.395064e-003
657 1.157563e-004 6.489868e-003
658 1.319521e-004 8.376893e-003
659 3.198257e-005 4.934335e-003
660 4.716264e-004 2.075833e-002
661 3.345287e-005 4.376928e-003
662 5.522855e-005 2.043023e-002
663 2.296217e-003 8.494004e-002
664 2.676818e-004 1.568382e-002
665 2.590430e-005 7.791625e-003
666 4.818518e-005 6.825268e-003
667 1.680025e-005 1.686746e-003
668 1.855082e-004 1.052928e-002
669 1.604281e-004 2.828142e-002
670 3.935547e-005 6.834696e-003
671 9.133875e-005 1.137994e-002
672 1.881998e-004 1.803147e-002
673 4.171849e-005 6.773172e-003
674 6.571278e-006 1.638201e-003
675 8.752231e-004 3.860040e-002
676 1.245799e-005 2.099853e-003
677 5.040703e-007 1.324820e-003
678 4.360797e-005 3.604909e-003
679 1.041423e-003 5.140223e-002
680 1.946140e-004 1.141716e-002
681 9.594250e-005 7.535988e-003
682 1.774554e-005 4.827835e-003
683 3.130010e-004 2.119283e-002
684 2.510970e-004 1.094574e-002
685 1.115596e-006 2.126301e-003
686 1.191374e-004 1.111247e-002
687 2.970173e-003 1.094492e-001
688 1.165898e-004 1.429127e-002
689 6.382187e-005 8.282068e-003
690 4.378981e-006 1.821774e-003
691 9.158918e-005 1.410075e-002
692 1.236045e-005 2.233669e-003
693 2.393574e-004 1.051029e-002
694 3.508846e-004 1.633370e-002
695 2.230052e-004 1.811687e-002
696 3.628432e-003 9.802601e-002
697 3.990454e-005 6.567288e-003
698 1.447421e-003 8.971057e-002
699 2.293734e-006 1.449964e-003
700 1.294356e-004 3.222726e-002
701 7.127936e-005 5.873018e-003
702 1.187574e-006 1.189536e-003
703 9.762617e-006 2.993688e-003
704 2.068246e-006 1.240272e-003
705 1.173579e-004 1.066091e-002
706 5.717052e-006 1.401082e-003
707 1.253954e-004 9.715197e-003
708 5.302396e-006 4.842989e-003
709 1.519202e-005 2.638948e-003
710 3.653847e-005 3.960313e-003
711 7.366615e-007 1.166686e-003
712 1.882560e-005 3.725795e-003
713 2.519349e-005 3.636846e-003
714 1.399745e-006 2.388166e-003
715 2.069487e-005 6.885490e-003
716 6.108452e-005 5.958056e-003
717 2.045793e-005 3.002810e-003
718 2.434407e-006 2.611200e-003
719 6.229890e-004 4.864059e-002
720 8.929342e-007 1.175255e-003
721 1.067291e-005 1.515149e-003
722 4.225942e-006 2.671180e-003
723 1.271780e-004 1.204338e-002
724 6.918522e-006 2.302306e-003
725 1.674328e-006 1.361317e-003
726 1.294672e-004 1.310922e-002
727 1.375373e-005 4.046307e-003
728 3.025908e-005 3.631893e-003
729 1.350671e-005 6.446230e-003
730 9.250382e-006 1.653161e-003
731 3.221248e-004 3.345314e-002
732 7.300207e-007 1.334267e-003
733 2.123554e-007 9.103293e-004
734 9.389419e-006 2.572230e-003
735 5.799436e-006 3.031084e-003
736 6.310437e-006 5.169568e-003
737 5.131288e-007 1.332561e-003
738 5.445179e-004 1.947482e-002
739 2.084773e-005 2.696443e-003
740 1.219094e-004 6.888727e-003
741 5.005049e-005 5.904202e-003
742 9.123049e-005 5.449787e-003
743 1.065590e-003 5.096119e-002
744 2.954827e-006 2.447634e-003
745 1.400002e-005 2.122318e-003
746 1.399485e-004 5.448707e-003
747 1.404956e-005 4.779777e-003
748 2.237472e-004 1.673115e-002
749 1.658864e-003 6.306468e-002
750 2.526655e-005 2.493181e-003
751 2.448769e-005 6.990863e-003
752 2.746535e-006 1.754198e-003
753 8.302560e-006 2.631899e-003
754 3.240936e-004 3.610814e-002
755 6.699730e-005 4.456046e-003
756 5.512714e-005 5.387298e-003
757 5.692943e-006 1.331779e-003
758 4.025250e-005 7.540384e-003
759 3.629416e-005 1.993399e-003
760 6.055962e-006 1.777178e-003
761 7.234432e-005 4.511396e-003
762 1.296184e-004 6.200910e-003
763 3.158546e-006 1.878244e-003
764 5.499804e-005 8.156663e-003
765 1.288932e-005 1.014897e-002
766 4.458422e-005 3.729282e-003
767 1.724207e-005 4.843860e-003
768 7.106435e-005 4.711748e-003
769 5.519022e-005 5.810678e-003
770 5.690258e-004 1.406736e-002
771 1.409866e-005 2.616746e-003
772 2.662613e-006 1.478989e-003
773 1.290147e-004 1.101508e-002
774 9.081896e-006 1.497878e-003
775 9.146651e-005 6.006445e-003
776 1.429625e-004 9.358006e-003
777 1.011706e-004 3.592480e-003
778 1.867503e-004 1.641316e-002
779 2.765465e-004 2.316149e-002
780 1.962470e-005 7.881181e-003
781 1.354549e-004 6.576799e-003
782 2.704068e-005 1.930168e-003
783 3.803792e-005 4.163205e-003
784 2.036791e-005 5.448186e-003
785 9.538675e-005 3.528167e-003
786 3.217952e-005 1.286365e-002
787 7.419020e-005 6.452140e-003
788 1.209475e-004 6.391333e-003
789 2.125802e-006 1.201248e-003
790 1.820662e-004 1.234522e-002
791 2.712268e-005 3.994615e-003
792 2.337536e-005 3.204695e-003
793 4.963993e-005 4.979710e-003
794 2.493021e-005 3.006946e-003
795 2.411624e-003 1.589556e-001
796 1.097604e-005 2.968108e-003
797 9.079728e-004 3.873317e-002
798 8.289581e-004 2.844398e-002
799 1.000170e-005 2.937910e-003
800 6.815421e-005 4.344704e-003
801 3.138090e-005 3.193577e-003
802 1.660574e-004 2.326597e-002
803 4.057424e-005 1.364493e-002
804 8.020354e-005 4.969917e-003
805 2.875145e-005 3.155974e-003
806 2.823130e-004 1.480840e-002
807 1.583006e-004 3.347020e-002
808 2.193888e-005 2.223593e-003
809 1.140309e-003 2.430240e-002
810 3.576825e-005 4.577305e-003
811 3.071758e-004 8.719189e-003
812 2.290874e-005 5.483013e-003
813 5.980691e-006 5.159754e-003
814 6.814919e-006 6.982222e-003
815 1.651403e-004 9.840847e-003
816 1.598071e-004 9.486056e-003
817 1.159148e-003 5.230609e-002
818 2.064830e-005 2.434953e-003
819 8.155096e-004 3.449886e-002
820 1.484652e-004 1.089071e-002
821 7.120242e-005 1.696294e-002
822 3.900764e-006 3.405601e-003
823 1.143759e-004 7.376330e-003
824 8.135162e-005 1.119224e-002
825 1.913346e-004 1.293612e-002
826 2.440837e-005 3.817019e-003
827 4.734411e-006 3.065182e-003
828 1.373891e-004 1.209308e-002
829 1.956215e-005 5.143370e-003
830 3.860182e-004 3.654648e-002
831 2.765030e-005 4.121632e-003
832 3.292722e-005 2.905229e-003
833 1.837566e-004 1.381049e-002
834 8.014494e-005 1.353545e-002
835 7.983151e-006 2.035860e-003
836 1.464074e-006 9.699375e-004
837 4.776348e-005 1.234254e-002
838 1.460494e-005 2.233231e-003
839 7.422607e-005 1.231797e-002
840 1.413585e-004 1.878715e-002
841 1.490284e-004 8.916549e-003
842 2.209777e-003 9.491467e-002
843 8.297018e-005 7.329903e-003
844 8.998411e-005 1.941650e-002
845 3.312142e-004 2.121351e-002
846 2.844409e-005 5.178715e-003
847 2.774057e-005 5.124485e-003
848 3.260367e-004 3.997733e-002
849 1.648141e-005 4.716789e-003
850 1.199329e-003 6.878569e-002
851 3.728449e-005 6.378652e-003
852 6.811628e-004 4.641247e-002
853 3.597051e-004 3.450183e-002
854 3.311444e-004 3.405966e-002
855 1.060961e-003 6.203171e-002
856 1.074670e-004 1.107212e-002
857 4.092271e-004 2.795616e-002
858 6.039273e-005 1.241591e-002
859 1.815638e-005 3.696603e-003
860 4.694660e-004 1.779217e-002
861 1.119473e-006 1.582262e-003
862 5.451153e-005 1.460414e-002
863 2.880202e-004 6.310768e-003
864 1.492101e-005 6.084816e-003
865 2.858497e-004 2.245181e-002
866 9.643005e-004 4.379137e-002
867 3.067256e-003 6.114588e-002
868 7.451595e-005 4.255418e-003
869 7.179901e-005 2.895326e-002
870 7.200438e-005 3.341362e-002
871 1.126462e-004 1.642296e-002
872 6.410065e-004 9.668801e-002
873 5.064918e-004 4.504051e-002
874 6.885464e-004 1.406694e-002
875 1.798668e-005 2.948779e-003
876 2.372183e-007 1.058269e-003
877 1.786962e-005 8.390740e-003
878 6.738070e-004 8.090989e-002
879 4.407273e-004 1.344653e-002
880 3.827750e-005 6.699308e-003
881 7.540921e-006 2.051077e-003
882 3.701426e-004 2.685850e-002
883 1.119399e-003 4.390533e-002
884 2.943992e-004 2.390035e-002
885 1.246363e-004 2.438753e-002
886 5.447786e-005 6.757033e-003
887 4.950669e-005 9.338244e-003
888 1.088974e-004 9.206242e-003
889 1.310901e-004 1.552663e-002
890 1.447464e-004 1.571279e-002
891 8.070606e-004 8.222852e-002
892 5.509834e-006 2.656038e-003
893 1.008186e-004 2.398956e-002
894 2.394602e-005 4.788120e-003
895 1.369595e-004 1.141430e-002
896 2.242676e-004 4.833850e-002
897 4.313366e-004 2.262954e-002
898 1.997940e-005 4.225506e-003
899 3.146039e-005 1.196696e-002
900 1.536940e-004 9.676837e-003
901 2.093858e-004 1.588125e-002
902 2.774485e-006 1.883953e-003
903 2.348984e-004 1.167627e-002
904 4.223869e-005 2.040592e-002
905 3.343966e-005 5.264103e-003
906 2.526022e-005 6.923131e-003
907 6.448480e-006 1.700941e-003
908 4.817493e-006 8.551250e-003
909 1.283827e-004 1.120293e-002
910 6.467222e-005 5.912912e-003
911 2.558323e-004 1.430083e-002
912 1.727608e-005 8.949603e-003
913 1.516873e-005 2.965374e-003
914 1.048841e-005 7.139376e-003
915 9.752241e-005 9.633270e-003
916 4.383064e-006 2.723419e-003
917 2.184081e-006 2.322736e-003
918 5.957350e-006 2.459382e-003
919 9.719679e-004 5.398005e-002
920 3.495728e-006 6.301135e-003
921 1.762169e-005 2.187588e-003
922 1.345030e-004 1.078070e-002
923 7.688715e-006 5.013866e-003
924 7.957293e-004 4.235161e-002
925 4.127003e-004 2.260169e-002
926 2.579730e-004 1.754425e-002
927 3.842947e-004 4.117742e-002
928 2.025483e-004 3.355265e-002
929 2.749678e-004 1.908471e-002
930 6.318742e-005 2.378702e-002
931 4.782265e-005 8.883255e-003
932 1.125161e-004 1.206223e-002
933 1.400237e-005 2.765586e-003
934 8.653541e-006 4.333353e-003
935 1.463696e-005 3.061077e-003
936 1.236846e-004 1.341691e-002
937 6.152935e-006 5.472201e-003
938 1.358924e-005 1.858640e-003
939 1.062334e-004 5.510011e-003
940 5.100370e-004 4.216030e-002
941 1.913117e-005 2.350436e-003
942 1.228944e-003 3.054263e-002
943 4.668203e-005 1.562429e-002
944 1.118128e-006 1.939118e-003
945 1.001905e-004 5.626250e-003
946 3.538045e-006 2.045064e-003
947 2.348593e-005 1.397196e-002
948 3.355983e-007 1.470574e-003
949 7.210857e-005 1.201847e-002
950 4.881300e-004 3.909891e-002
951 2.369542e-004 2.245083e-002
952 2.237134e-004 1.948391e-002
953 1.995271e-006 2.388920e-003
954 1.876566e-004 2.158539e-002
955 1.732800e-005 3.127040e-003
956 6.117820e-005 4.033670e-003
957 1.200994e-004 9.936575e-003
958 9.971084e-005 6.675597e-003
959 1.267313e-004 1.223226e-002
960 1.457855e-006 2.359776e-003
961 3.976922e-005 8.215107e-003
962 1.136362e-005 1.017630e-002
963 2.086264e-005 2.968133e-003
964 6.898984e-006 1.580494e-003
965 9.157351e-005 5.318337e-003
966 5.168993e-005 3.595120e-003
967 5.618204e-005 4.712226e-003
968 1.022718e-004 4.757818e-003
969 3.484074e-004 9.979661e-003
970 8.952318e-005 6.839034e-003
971 2.666142e-005 5.421098e-003
972 3.865613e-004 1.690949e-002
973 9.270667e-005 4.544372e-003
974 2.535628e-005 3.130208e-003
975 4.513490e-004 1.586808e-002
976 7.738313e-004 1.821577e-002
977 3.027629e-005 3.676683e-003
978 2.387626e-004 1.211328e-002
979 1.309275e-005 2.115675e-003
980 1.685406e-004 9.436004e-003
981 4.878380e-005 8.183187e-003
982 2.814684e-006 1.211027e-003
983 2.128158e-005 2.946505e-003
984 2.251491e-004 1.154418e-002
985 5.005539e-004 4.288496e-002
986 1.263674e-003 5.361332e-002
987 1.320879e-005 5.602974e-003
988 2.979100e-006 1.911190e-003
989 8.567316e-005 6.249587e-003
990 1.827771e-006 1.831858e-003
991 1.518567e-003 6.373172e-002
992 3.098745e-005 3.690755e-003
993 9.648037e-006 7.898792e-003
994 4.958367e-007 1.332236e-003
995 8.178487e-005 1.267378e-002
996 1.625595e-003 5.098217e-002
997 2.270240e-005 5.032785e-003
998 8.025706e-006 2.499129e-003
999 1.122907e-004 9.520374e-003
1000 4.958367e-007 1.332236e-003
1001 2.427577e-005 7.863974e-003
1002 2.770528e-004 3.630092e-002
1003 9.095848e-005 6.725331e-003
1004 2.415353e-004 2.406900e-002
1005 9.690131e-006 1.467818e-003
1006 1.006712e-003 4.217255e-002
1007 1.454788e-005 2.591873e-003
1008 2.039429e-005 4.349141e-003
1009 6.584167e-006 1.702601e-003
1010 1.296515e-004 6.237649e-003
1011 2.443825e-005 1.513134e-002
1012 7.627079e-004 7.631163e-002
1013 4.203442e-005 8.183654e-003
1014 2.834238e-005 4.363038e-003
1015 1.694524e-004 2.014965e-002
1016 6.886166e-005 4.428174e-003
1017 2.121893e-004 5.880558e-003
1018 4.548358e-004 4.250545e-002
1019 4.940744e-006 1.799674e-003
1020 1.987151e-005 1.038624e-002
1021 7.656585e-005 9.897676e-003
1022 1.208633e-006 1.364825e-003
1023 1.243214e-004 1.120928e-002
1024 9.926758e-005 5.139858e-003
1025 1.334096e-006 1.484202e-003
1026 2.607760e-006 1.888192e-003
1027 1.137289e-005 6.356190e-003
1028 3.706938e-004 6.976812e-002
1029 2.180197e-005 3.231823e-003
1030 4.851338e-006 2.406616e-003
1031 5.908585e-005 6.415892e-003
1032 1.913419e-003 6.586011e-002
1033 5.879108e-006 1.418490e-003
1034 8.479087e-005 1.002382e-002
1035 1.442400e-004 7.971425e-003
1036 2.390977e-004 1.566401e-002
1037 1.756689e-006 2.968643e-003
1038 1.080238e-005 2.497929e-003
1039 2.583553e-005 4.168837e-003
1040 5.123128e-006 2.733743e-003
1041 7.201265e-004 3.523692e-002
1042 6.219881e-005 3.684364e-003
1043 1.912154e-006 1.196206e-003
1044 4.812872e-006 2.439820e-003
1045 5.630466e-006 2.140525e-003
1046 3.538393e-007 1.270893e-003
1047 3.488396e-006 1.188484e-003
1048 6.420277e-006 4.150531e-003
1049 1.154810e-006 1.115515e-003
1050 1.880325e-003 1.004799e-001
1051 1.386263e-004 2.473318e-002
1052 9.282578e-006 1.737104e-003
1053 1.273225e-005 4.849893e-003
1054 6.815107e-006 1.651984e-003
1055 1.154810e-006 1.115515e-003
1056 7.225453e-005 4.657429e-003
1057 8.159689e-005 6.474861e-003
1058 3.837449e-006 1.391600e-003
1059 2.358823e-004 1.230417e-002
1060 4.912268e-006 1.258399e-003
1061 1.341651e-005 1.565771e-003
1062 1.154810e-006 1.115515e-003
1063 1.010775e-004 2.045390e-002
1064 3.061357e-004 1.188042e-002
1065 2.965954e-006 1.757883e-003
1066 4.728338e-006 1.093599e-003
1067 8.450092e-005 8.596811e-003
1068 6.115412e-006 1.435444e-003
1069 1.207195e-005 1.911079e-003
1070 2.044988e-006 1.122585e-003
1071 3.718082e-006 1.393675e-003
1072 1.168726e-005 2.177298e-003
1073 4.606643e-006 1.236788e-003
1074 4.523713e-006 1.757236e-003
1075 1.506080e-005 3.304977e-003
1076 1.215263e-005 2.618302e-003
1077 1.601762e-005 3.557692e-003
1078 9.437845e-005 6.034768e-003
1079 3.645879e-005 2.947624e-003
1080 4.001826e-004 2.015973e-002
1081 3.424905e-004 1.820345e-002
1082 1.196327e-005 2.715628e-003
1083 9.129151e-006 2.155188e-003
1084 1.946585e-006 1.138249e-003
1085 8.381400e-006 1.385507e-003
1086 1.246039e-005 2.466508e-003
1087 2.217445e-006 1.274320e-003
1088 3.142060e-005 2.251423e-003
1089 2.066752e-006 1.215566e-003
1090 2.990698e-006 1.146099e-003
1091 5.299437e-006 1.327305e-003
1092 9.128342e-006 1.481301e-003
1093 1.438844e-004 1.015860e-002
1094 6.554951e-005 6.629642e-003
1095 9.977289e-006 1.954362e-003
1096 1.064762e-004 1.065859e-002
1097 5.080782e-004 2.853853e-002
1098 1.699579e-005 7.291116e-003
1099 1.411374e-005 3.151955e-003
1100 7.082396e-007 1.087730e-003
1101 1.753898e-004 1.510280e-002
1102 9.871273e-005 9.553266e-003
1103 8.371178e-006 3.034547e-003
1104 1.254775e-004 1.562512e-002
1105 2.932725e-006 2.003185e-003
1106 2.450944e-004 1.705273e-002
1107 7.993670e-006 2.306028e-003
1108 2.754348e-005 5.775777e-003
1109 1.429757e-006 1.773248e-003
1110 2.926134e-005 6.791231e-003
1111 4.552640e-006 1.785385e-003
1112 1.780331e-006 1.753888e-003
1113 7.486715e-005 1.093071e-002
1114 1.318175e-004 6.072604e-003
1115 3.760557e-004 1.463839e-002
1116 6.332194e-007 1.956860e-003
1117 7.669218e-004 1.957167e-002
1118 2.013184e-005 4.193612e-003
1119 1.467943e-004 2.002937e-002
1120 5.699012e-004 2.218482e-002
1121 5.760715e-005 3.653403e-003
1122 1.665944e-004 1.066049e-002
1123 1.123681e-005 2.782471e-003
1124 4.208658e-005 1.197754e-002
1125 6.954973e-006 3.103233e-003
1126 1.669074e-005 6.171308e-003
1127 3.023322e-006 4.044155e-003
1128 1.613156e-004 3.093878e-002
1129 1.923541e-005 3.296675e-003
1130 3.457694e-005 9.427518e-003
1131 6.051482e-004 2.418214e-002
1132 1.930393e-005 4.003557e-003
1133 6.169212e-006 1.831261e-003
1134 5.793645e-005 6.009376e-003
1135 4.645110e-005 4.934599e-003
1136 1.318406e-004 8.695983e-003
1137 1.289487e-004 1.463890e-002
1138 9.048392e-007 1.844023e-003
1139 5.926083e-005 3.439295e-003
1140 1.203691e-006 2.113296e-003
1141 1.670674e-005 4.038394e-003
1142 2.951493e-004 1.021702e-002
1143 2.431679e-004 4.120980e-002
1144 3.340058e-005 5.663105e-003
1145 1.478783e-004 1.722579e-002
1146 5.973521e-004 4.684662e-002
1147 2.069026e-004 2.214399e-002
1148 1.239304e-006 2.312528e-003
1149 2.539427e-004 1.762233e-002
1150 8.807081e-006 2.193661e-003
1151 5.862146e-005 8.313124e-003
1152 4.746579e-004 1.645803e-002
1153 4.362990e-006 4.857475e-003
1154 4.497032e-006 1.810259e-003
1155 6.137992e-004 2.557846e-002
1156 1.732489e-005 2.002207e-003
1157 2.412390e-004 1.100541e-002
1158 9.599522e-006 3.595725e-003
1159 3.620169e-007 1.487847e-003
1160 8.380438e-006 2.404889e-003
1161 1.680650e-004 1.136874e-002
1162 7.981701e-004 4.383595e-002
1163 3.399729e-005 2.572624e-003
1164 4.332020e-004 3.401496e-002
1165 2.028864e-003 6.703276e-002
1166 2.417868e-005 4.041920e-003
1167 3.140948e-004 3.608397e-002
1168 5.774656e-005 7.815000e-003
1169 3.204708e-005 7.177057e-003
1170 2.026747e-005 5.222185e-003
1171 3.514963e-005 8.161047e-003
1172 4.261042e-004 3.655792e-002
1173 6.530510e-007 1.089431e-003
1174 1.761386e-003 4.343069e-002
1175 1.758246e-004 6.921782e-003
1176 1.041410e-005 1.642403e-003
1177 1.434634e-004 1.857583e-002
1178 4.714714e-004 5.075884e-002
1179 9.643595e-005 9.345383e-003
1180 2.798909e-005 5.509490e-003
1181 3.855229e-006 1.292670e-003
1182 1.474252e-005 6.819499e-003
1183 2.599190e-004 1.119994e-002
1184 1.165986e-004 1.108858e-002
1185 2.781721e-005 9.288492e-003
1186 1.416748e-004 1.316689e-002
1187 4.619633e-005 2.563335e-003
1188 2.603812e-006 1.784079e-003
1189 1.043207e-005 2.044557e-003
1190 7.065054e-007 1.968645e-003
1191 3.219966e-006 2.100434e-003
1192 4.883739e-004 7.060784e-002
1193 5.721853e-006 3.089480e-003
1194 2.618902e-004 1.563299e-002
1195 4.909534e-004 2.047862e-002
1196 1.578578e-005 4.492690e-003
1197 9.690040e-006 2.782559e-003
1198 9.481547e-006 1.479163e-003
1199 2.508447e-004 1.617097e-002
1200 1.056224e-003 2.423825e-002
1201 6.865488e-007 1.113221e-003
1202 3.348520e-005 5.180515e-003
1203 3.197065e-004 1.968509e-002
1204 1.820659e-005 3.577321e-003
1205 7.152453e-007 1.932221e-003
1206 5.858709e-004 3.475714e-002
1207 1.206435e-005 2.934577e-003
1208 1.355399e-005 3.117896e-003
1209 3.237639e-004 2.497504e-002
1210 1.121621e-004 5.177851e-003
1211 1.482024e-004 9.953113e-003
1212 4.992661e-006 2.478067e-003
1213 3.876495e-005 4.272701e-003
1214 6.490167e-005 2.250943e-003
1215 5.078921e-006 2.111984e-003
1216 3.418561e-006 2.123262e-003
1217 2.573369e-004 2.344177e-002
1218 3.026717e-005 3.634696e-003
1219 6.080240e-005 3.156981e-003
1220 1.243771e-004 1.516456e-002
1221 5.681546e-005 1.327915e-002
1222 1.611088e-004 2.006174e-002
1223 2.121612e-004 1.456747e-002
1224 2.031619e-005 7.489874e-003
1225 1.206356e-005 1.874423e-003
1226 3.366293e-006 1.356304e-003
1227 2.371305e-005 3.697663e-003
1228 4.813108e-005 5.891016e-003
1229 1.121147e-004 9.035774e-003
1230 5.813231e-005 5.471737e-003
1231 9.295527e-005 2.320988e-002
1232 1.044587e-005 5.159805e-003
1233 1.111419e-004 7.467707e-003
1234 5.763465e-006 7.424065e-003
1235 2.472454e-004 3.805777e-002
1236 1.550607e-005 4.185942e-003
1237 6.018912e-004 8.409047e-002
1238 6.717986e-005 9.108391e-003
1239 3.403499e-005 5.003845e-003
1240 1.379911e-005 2.747769e-003
1241 5.239951e-006 1.965272e-003
1242 7.566445e-004 7.198727e-002
1243 3.639533e-004 1.434188e-002
1244 1.382974e-005 2.823584e-003
1245 1.970521e-005 4.146437e-003
1246 1.925316e-006 1.913791e-003
1247 9.568841e-006 3.167705e-003
1248 1.621162e-004 1.944013e-002
1249 5.372091e-005 9.145640e-003
1250 1.875147e-005 5.815807e-003
1251 2.038565e-004 8.693785e-003
1252 4.711107e-005 3.785897e-003
1253 1.468834e-003 8.738486e-002
1254 1.260660e-005 4.777955e-003
1255 9.370144e-005 7.492597e-003
1256 1.013091e-005 1.681036e-003
1257 6.962474e-004 3.769798e-002
1258 5.539801e-006 3.779774e-003
1259 1.253200e-004 1.239625e-002
1260 1.780205e-003 5.520251e-002
1261 3.658513e-005 3.558304e-003
1262 1.200784e-004 7.390193e-003
1263 3.696312e-004 2.744146e-002
1264 3.112039e-004 1.926420e-002
1265 2.272906e-005 7.502412e-003
1266 1.633395e-004 2.642824e-002
1267 1.137694e-004 1.210956e-002
1268 1.475891e-005 8.489615e-003
1269 2.737074e-005 7.556320e-003
1270 1.313569e-003 5.496203e-002
1271 2.847968e-004 1.469933e-002
1272 1.248557e-006 1.232874e-003
1273 2.050822e-004 1.344855e-002
1274 7.409987e-005 1.531198e-002
1275 2.191528e-004 1.364698e-002
1276 2.850931e-004 1.568848e-002
1277 1.000317e-003 3.216682e-002
1278 7.422806e-004 3.260802e-002
1279 4.996268e-006 1.982293e-003
1280 3.286939e-004 4.588809e-002
1281 2.478773e-005 3.440169e-003
1282 1.125989e-004 5.532793e-003
1283 6.808559e-005 1.503714e-002
1284 4.538615e-005 2.210059e-003
1285 4.185529e-004 1.359088e-002
1286 6.576764e-006 2.978124e-003
1287 9.411713e-005 6.562658e-003
1288 1.446214e-004 6.756279e-003
1289 7.022396e-005 6.371677e-003
1290 5.289891e-005 2.113885e-002
1291 2.156591e-005 3.886324e-003
1292 1.712250e-003 1.107107e-001
1293 8.822603e-006 3.081362e-003
1294 1.653446e-005 4.454323e-003
1295 1.795810e-005 2.794734e-003
1296 6.279571e-005 1.036803e-002
1297 7.208042e-004 3.266659e-002
1298 1.224533e-005 8.795343e-003
1299 2.791423e-005 2.427300e-003
1300 1.939274e-005 2.301095e-003
1301 3.565674e-006 2.865943e-003
1302 2.589039e-004 1.684827e-002
1303 2.340480e-005 5.986182e-003
1304 3.012208e-005 4.866573e-003
1305 7.126499e-005 1.238966e-002
1306 7.152121e-005 2.743543e-003
1307 2.868355e-005 3.819148e-003
1308 6.141893e-006 2.314424e-003
1309 1.454563e-004 2.584396e-002
1310 2.084125e-006 1.363664e-003
1311 1.354467e-003 7.383219e-002
1312 4.919906e-004 4.818875e-002
1313 5.644417e-006 1.569085e-003
1314 1.862889e-005 4.177050e-003
1315 8.521036e-006 2.208109e-003
1316 1.029427e-005 1.678118e-003
1317 2.083673e-006 1.274333e-003
1318 6.884284e-005 2.616337e-002
1319 1.895655e-003 5.762272e-002
1320 4.754508e-006 3.266819e-003
1321 7.413284e-005 1.006472e-002
1322 7.221235e-007 1.116252e-003
1323 6.516195e-006 1.674340e-003
1324 2.065530e-004 8.067941e-003
1325 2.718626e-005 8.586438e-003
1326 1.206522e-005 3.928913e-003
1327 9.391944e-005 1.297626e-002
1328 1.081148e-005 2.035243e-003
1329 3.787070e-005 5.501435e-003
1330 6.212048e-005 6.066163e-003
1331 4.968889e-006 1.910235e-003
1332 3.791459e-006 1.340640e-003
1333 8.399640e-005 3.578067e-003
1334 9.883478e-005 5.362345e-003
1335 7.796655e-005 9.114213e-003
1336 1.032117e-005 2.907241e-003
1337 4.504790e-005 3.005968e-003
1338 2.524250e-005 3.136829e-003
1339 2.311257e-004 8.620766e-003
1340 3.021147e-005 4.229805e-003
1341 1.495555e-003 3.366332e-002
1342 1.582883e-005 1.693129e-003
1343 1.010873e-005 1.697679e-003
1344 6.604032e-006 3.047462e-003
1345 1.416491e-005 1.173312e-002
1346 7.602792e-005 5.725494e-003
1347 1.668600e-006 1.298398e-003
1348 1.490522e-005 6.227239e-003
1349 6.616821e-004 7.216296e-002
1350 5.863097e-005 4.635166e-003
1351 3.636311e-005 3.992686e-003
1352 3.628679e-005 6.094895e-003
1353 5.751339e-005 7.227403e-003
1354 1.315256e-005 4.152086e-003
1355 5.910324e-005 4.972058e-003
1356 6.670448e-005 9.908487e-003
1357 4.296437e-005 5.099129e-003
1358 3.653754e-005 3.406294e-003
1359 7.096541e-006 1.865258e-003
1360 2.373215e-005 3.289316e-003
1361 3.378725e-005 4.548802e-003
1362 1.058907e-004 5.373715e-003
1363 2.412513e-005 4.346546e-003
1364 3.525260e-004 1.331988e-002
1365 5.503565e-006 4.062827e-003
1366 1.003620e-005 3.617822e-003
1367 9.269713e-006 1.524076e-003
1368 2.572426e-004 2.451600e-002
1369 9.628159e-007 2.443293e-003
1370 1.736615e-006 1.531893e-003
1371 7.027024e-005 1.006803e-002
1372 8.788962e-006 3.677610e-003
1373 4.555547e-005 2.558433e-003
1374 1.608747e-005 2.854017e-003
1375 4.926396e-005 4.816630e-003
1376 1.420757e-003 1.712162e-001
1377 3.694423e-005 6.376271e-003
1378 3.321674e-006 1.285239e-003
1379 2.482573e-005 1.654043e-003
1380 1.122759e-003 5.807247e-002
1381 6.400541e-006 2.880534e-003
1382 1.258821e-006 1.147257e-003
1383 6.632189e-005 1.237116e-002
1384 7.861550e-006 3.956669e-003
1385 7.861550e-006 3.956669e-003
1386 1.297671e-005 4.303957e-003
1387 1.765584e-005 4.262925e-003
1388 2.014163e-005 2.447247e-003
1389 1.723654e-005 2.546906e-003
1390 1.849877e-005 1.704178e-003
1391 2.184488e-005 5.031130e-003
1392 9.599827e-006 1.528444e-003
1393 3.017904e-005 6.946376e-003
1394 2.106276e-005 5.274458e-003
1395 3.953176e-004 2.112372e-002
1396 7.882332e-005 1.606199e-002
1397 8.551525e-006 2.589106e-003
1398 5.966520e-005 1.276076e-002
1399 6.941698e-005 1.375193e-002
1400 6.532028e-006 3.884828e-003
1401 3.633047e-004 3.712824e-002
1402 3.442571e-005 2.725248e-003
1403 1.152988e-005 3.773151e-003
1404 1.031664e-005 1.889491e-003
1405 2.583824e-006 3.679922e-003
1406 3.906287e-005 7.774968e-003
1407 1.240337e-005 2.261131e-003
1408 5.772390e-004 7.247965e-002
1409 1.753025e-004 3.708052e-002
1410 8.302438e-005 7.956063e-003
1411 8.806145e-005 3.643554e-003
1412 1.898773e-005 3.964308e-003
1413 6.460367e-007 1.132019e-003
1414 1.093043e-005 2.121808e-003
1415 4.741195e-005 2.786893e-003
1416 5.127203e-006 2.716368e-003
1417 1.618842e-005 1.790257e-003
1418 1.141439e-005 3.913432e-003
1419 1.964216e-005 3.093441e-003
1420 1.239111e-004 6.703591e-003
1421 8.823352e-005 5.644374e-003
1422 2.096090e-004 7.532465e-003
1423 2.278759e-005 3.045958e-003
1424 5.778630e-005 3.217628e-003
1425 5.778630e-005 3.217628e-003
1426 5.778630e-005 3.217628e-003
1427 3.472755e-005 2.767599e-003
1428 4.501670e-005 4.101131e-003
1429 4.554161e-005 5.219867e-003
1430 2.753146e-004 1.867878e-002
1431 1.208130e-004 1.980496e-002
1432 7.512939e-005 1.475981e-002
1433 2.734669e-005 5.254576e-003
1434 1.218400e-005 2.352432e-003
1435 1.882146e-005 2.365010e-003
1436 9.303900e-006 3.296959e-003
1437 6.654254e-006 1.857322e-003
1438 1.638375e-004 4.935133e-003
1439 1.525027e-003 5.002154e-002
1440 3.120088e-006 2.563685e-003
1441 2.519651e-006 1.613577e-003
1442 1.171470e-005 4.283063e-003
1443 7.269557e-006 3.691624e-003
1444 2.027929e-005 3.068171e-003
1445 4.921251e-005 5.268701e-003
1446 1.875815e-005 2.160882e-003
1447 1.588898e-003 1.228291e-001
1448 4.516201e-006 1.749841e-003
1449 4.020791e-006 2.814641e-003
1450 4.869340e-005 6.038514e-003
1451 1.092650e-004 8.526731e-003
1452 4.344555e-004 1.813805e-002
1453 4.590966e-006 2.903674e-003
1454 3.173352e-005 2.433550e-003
1455 6.281574e-005 3.819137e-003
1456 5.654519e-006 1.384767e-003
1457 4.601531e-006 1.840381e-003
1458 7.227638e-006 2.079902e-003
1459 5.233603e-005 3.016354e-003
1460 4.545985e-005 1.000876e-002
1461 9.661116e-006 1.438990e-003
1462 5.873818e-006 1.395831e-003
1463 2.302908e-006 1.363785e-003
1464 4.913177e-006 1.814215e-003
1465 2.106538e-006 1.305969e-003
1466 1.321016e-004 1.299435e-002
1467 5.785347e-005 3.687507e-003
1468 2.940807e-005 4.719796e-003
1469 3.451198e-005 7.445410e-003
1470 7.201378e-006 3.548446e-003
1471 2.756550e-005 6.522840e-003
1472 3.135259e-005 5.228948e-003
1473 2.420074e-005 2.842291e-003
1474 8.543141e-005 1.311542e-002
1475 2.473463e-006 1.693235e-003
1476 1.153630e-004 1.213809e-002
1477 7.045681e-007 1.731477e-003
1478 1.069392e-004 9.934192e-003
1479 1.251199e-005 8.608168e-003
1480 4.067724e-004 2.759740e-002
1481 1.158360e-004 2.205507e-002
1482 2.967059e-005 9.965918e-003
1483 9.916097e-006 2.691792e-003
1484 1.110720e-004 4.028809e-002
1485 1.422245e-004 1.838015e-002
1486 2.065723e-004 2.740934e-002
1487 2.074864e-006 1.860317e-003
1488 1.552270e-004 9.482113e-003
1489 2.373306e-006 1.291317e-003
1490 1.675805e-005 2.751805e-003
1491 1.198629e-004 3.373344e-002
1492 1.515542e-005 6.226720e-003
1493 1.369595e-004 7.613713e-003
1494 9.426331e-006 2.729434e-003
1495 2.035531e-005 4.778676e-003
1496 1.050454e-005 3.517102e-003
1497 1.008014e-003 4.137950e-002
1498 8.974312e-006 4.717135e-003
1499 2.449164e-006 2.784629e-003
1500 1.626491e-005 3.358722e-003
1501 4.345789e-006 4.604030e-003
1502 2.565344e-004 1.732342e-002
1503 6.916342e-004 3.849622e-002
1504 4.224837e-005 7.606224e-003
1505 3.009990e-005 4.359983e-003
1506 2.519798e-005 3.324621e-003
1507 6.952663e-005 5.169968e-003
1508 1.033442e-003 3.494973e-002
1509 2.377417e-005 3.220771e-003
1510 2.921536e-005 5.752178e-003
1511 2.712059e-005 3.827403e-003
1512 4.771267e-005 5.202952e-003
1513 2.978364e-005 5.437694e-003
1514 2.036548e-005 5.368526e-003
1515 1.011707e-003 3.826452e-002
1516 4.534294e-005 9.526613e-003
1517 6.513661e-004 3.121703e-002
1518 9.715624e-006 4.556799e-003
1519 4.382200e-005 8.169827e-003
1520 4.097644e-006 1.655220e-003
1521 3.777141e-005 6.226168e-003
1522 6.770294e-005 8.995339e-003
1523 4.611533e-005 5.573851e-003
1524 9.064578e-005 9.695294e-003
1525 9.603166e-005 1.379516e-002
1526 3.076270e-005 1.018746e-002
1527 7.182869e-005 9.827862e-003
1528 5.818940e-005 6.418298e-003
1529 1.988629e-005 4.096724e-003
1530 3.658476e-005 1.225294e-002
1531 3.938853e-005 6.583570e-003
1532 1.208819e-005 3.972329e-003
1533 2.415986e-005 4.891577e-003
1534 3.840171e-005 6.176160e-003
1535 3.699680e-006 1.384812e-003
1536 1.205853e-005 2.244186e-003
1537 9.953294e-006 3.026304e-003
1538 1.669252e-005 3.367334e-003
1539 9.677384e-006 1.671761e-003
1540 5.777658e-005 6.710007e-003
1541 2.044435e-003 5.596970e-002
1542 7.066401e-004 4.328400e-002
1543 5.853946e-004 6.328827e-002
1544 3.854704e-005 6.044692e-003
1545 1.786694e-004 1.396455e-002
1546 4.190432e-005 3.692301e-003
1547 6.625512e-004 3.099732e-002
1548 9.864953e-005 7.324176e-003
1549 9.572203e-006 3.085782e-003
1550 4.104724e-006 4.299495e-003
1551 2.499937e-005 3.152377e-003
1552 1.201288e-003 3.844400e-002
1553 3.067177e-003 1.252284e-001
1554 3.707117e-005 7.449666e-003
1555 5.515470e-004 3.886922e-002
1556 6.818077e-005 9.503252e-003
1557 6.755061e-004 3.457962e-002
1558 1.245645e-004 1.137975e-002
1559 5.730777e-005 8.167996e-003
1560 3.111081e-004 1.928650e-002
1561 5.611688e-004 4.335661e-002
1562 1.815661e-005 5.669584e-003
1563 8.868158e-006 8.914040e-003
1564 3.304086e-004 3.310636e-002
1565 2.625083e-005 1.181600e-002
1566 8.297350e-006 4.969678e-003
1567 3.045551e-003 1.162842e-001
1568 4.906038e-005 1.215948e-002
1569 1.983969e-005 3.874434e-003
1570 4.624742e-004 2.438915e-002
1571 2.788969e-006 1.772897e-003
1572 2.278921e-005 2.797809e-003
1573 1.546722e-003 6.777068e-002
1574 3.096196e-005 7.273035e-003
1575 1.126946e-004 1.540350e-002
1576 4.564728e-004 1.445353e-002
1577 9.224969e-004 5.782051e-002
1578 1.333589e-004 8.832759e-003
1579 1.657042e-005 3.738634e-003
1580 2.747481e-003 8.628248e-002
1581 1.203194e-004 7.425018e-003
1582 4.216748e-006 2.908157e-003
1583 2.878570e-004 2.088236e-002
1584 9.782466e-005 7.848782e-003
1585 5.025561e-004 4.211503e-002
1586 2.554608e-005 6.793177e-003
1587 3.020992e-006 1.951017e-003
1588 2.179068e-004 4.719863e-003
1589 2.172559e-006 2.882581e-003
1590 4.577358e-006 2.804713e-003
1591 5.388945e-006 4.130831e-003
1592 1.530040e-005 3.047396e-003
1593 2.138216e-005 2.542204e-003
1594 2.999165e-005 8.302865e-003
1595 5.084592e-005 2.861529e-003
1596 1.044625e-004 2.333001e-002
1597 2.564549e-005 5.793777e-003
1598 1.265010e-005 3.647765e-003
1599 7.755768e-004 5.852542e-002
1600 4.014257e-005 7.927476e-003
1601 1.963278e-005 2.832306e-003
1602 2.074178e-003 1.306291e-001
1603 1.827893e-005 7.005005e-003
1604 2.987444e-005 3.451981e-003
1605 1.524862e-005 1.794655e-003
1606 6.759160e-004 1.036167e-001
1607 2.132399e-004 1.165343e-002
1608 1.287623e-005 4.197887e-003
1609 1.184046e-004 1.986318e-002
1610 3.521259e-003 9.925530e-002
1611 3.239708e-005 9.714068e-003
1612 7.081901e-006 3.428795e-003
1613 4.745251e-007 1.199634e-003
1614 5.722687e-005 9.153977e-003
1615 9.684599e-004 6.893098e-002
1616 9.394261e-006 2.446884e-003
1617 4.309428e-006 3.325175e-003
1618 4.295176e-006 1.467562e-003
1619 3.438430e-004 1.960539e-002
1620 2.906097e-004 4.348371e-002
1621 5.340598e-004 8.731607e-002
1622 1.229334e-004 8.334579e-003
1623 1.092739e-004 3.836726e-002
1624 4.977046e-004 3.286461e-002
1625 1.358272e-005 3.992848e-003
1626 2.635440e-004 3.127514e-002
1627 1.253375e-004 1.045063e-002
1628 1.654110e-004 2.363195e-002
1629 7.084543e-004 4.249803e-002
1630 1.091971e-003 5.403853e-002
1631 2.364053e-004 3.420671e-002
1632 2.460232e-004 2.854690e-002
1633 3.902906e-006 2.929721e-003
1634 1.334830e-005 5.766703e-003
1635 7.410658e-007 1.115001e-003
1636 5.454523e-006 2.701281e-003
1637 1.662174e-006 1.554915e-003
1638 9.992579e-006 2.610373e-003
1639 5.991839e-007 1.807554e-003
1640 3.420306e-004 1.887282e-002
1641 4.045308e-004 1.419286e-002
1642 1.638117e-003 4.613118e-002
1643 2.746918e-004 1.760667e-002
1644 2.517556e-005 7.404771e-003
1645 1.709301e-005 3.952808e-003
1646 2.436287e-003 2.060753e-001
1647 1.181234e-004 7.813520e-003
1648 8.939763e-006 2.794775e-003
1649 4.740674e-004 8.018791e-002
1650 3.553806e-004 1.917234e-002
1651 6.531470e-006 3.606029e-003
1652 2.183914e-004 3.532493e-002
1653 4.188492e-004 5.253525e-002
1654 4.303937e-005 1.756426e-002
1655 3.279312e-004 3.844712e-002
1656 1.512474e-004 1.213262e-002
1657 5.931197e-005 9.039726e-003
1658 5.713661e-006 4.124357e-003
1659 1.147443e-004 8.470803e-003
1660 5.899574e-005 5.846448e-003
1661 7.209772e-005 5.383513e-003
1662 2.041618e-005 4.239207e-003
1663 2.638127e-004 3.164132e-002
1664 2.238082e-005 6.087102e-003
1665 1.493924e-005 4.393380e-003
1666 3.168174e-004 1.666630e-002
1667 2.354810e-004 2.246711e-002
1668 8.403101e-008 8.836937e-004
1669 5.338114e-005 9.859538e-003
1670 8.779523e-006 2.147617e-003
1671 9.167522e-005 9.237253e-003
1672 4.379855e-004 4.738018e-002
1673 3.497606e-005 1.137981e-002
1674 7.333018e-005 8.301088e-003
1675 1.319606e-004 6.065258e-003
1676 3.557662e-006 2.536456e-003
1677 1.081617e-005 6.712187e-003
1678 2.204458e-006 3.401818e-003
1679 8.774427e-007 1.361810e-003
1680 1.324945e-004 7.977897e-003
1681 4.965263e-005 1.511387e-002
1682 4.039021e-005 1.024848e-002
1683 4.994696e-006 1.400262e-003
1684 1.082602e-005 2.273155e-003
1685 7.404844e-005 8.573694e-003
1686 1.125196e-004 8.402095e-003
1687 1.902682e-004 2.082467e-002
1688 9.837941e-005 8.713802e-003
1689 3.275413e-004 9.060516e-003
1690 4.175629e-006 1.363778e-003
1691 1.862228e-006 1.590195e-003
1692 3.698441e-005 4.120185e-003
1693 1.319039e-004 9.798717e-003
1694 5.730771e-004 2.322305e-002
1695 7.945176e-006 1.542981e-003
1696 1.191828e-003 9.544351e-002
1697 4.555942e-005 6.029375e-003
1698 6.617466e-004 3.811420e-002
1699 2.559951e-003 9.422513e-002
1700 9.454411e-006 3.653727e-003
1701 6.968199e-004 2.099642e-002
1702 1.078258e-003 3.336596e-002
1703 9.718988e-004 3.322396e-002
1704 5.015464e-006 1.296307e-003
1705 9.816169e-006 1.558374e-003
1706 6.601628e-006 1.801615e-003
1707 5.414375e-004 1.658923e-002
1708 2.107485e-005 7.436684e-003
1709 1.645467e-005 9.082418e-003
1710 1.834980e-005 1.061487e-002
1711 2.403203e-004 1.412666e-002
1712 1.825574e-004 2.097597e-002
1713 2.171299e-005 6.406656e-003
1714 1.009844e-004 1.465271e-002
1715 1.441299e-005 5.379201e-003
1716 2.201660e-005 3.951526e-003
1717 1.557658e-004 1.154381e-002
1718 8.307120e-005 9.851318e-003
1719 2.900542e-005 6.477813e-003
1720 5.031378e-005 7.238541e-003
1721 1.004341e-004 2.527753e-002
1722 2.010128e-005 6.849945e-003
1723 9.853239e-004 7.116880e-002
1724 3.383243e-006 2.175439e-003
1725 5.070545e-005 9.008520e-003
1726 3.046881e-004 2.623699e-002
1727 9.122233e-005 1.131068e-002
1728 1.810915e-004 1.279161e-002
1729 4.070347e-006 3.254138e-003
1730 3.515575e-004 2.680525e-002
1731 1.285306e-005 4.822799e-003
1732 4.709308e-006 1.725352e-003
1733 1.060092e-007 1.008911e-003
1734 2.496339e-004 1.227017e-002
1735 1.630801e-004 1.069265e-002
1736 1.190588e-006 1.120648e-003
1737 7.337494e-005 8.046401e-003
1738 1.073052e-005 1.821065e-003
1739 5.649190e-005 8.675089e-003
1740 2.845952e-004 4.223994e-002
1741 9.081125e-006 4.150033e-003
1742 6.174033e-004 3.074371e-002
1743 1.532866e-004 1.949267e-002
1744 2.705842e-004 1.078721e-002
1745 5.821575e-005 6.854602e-003
1746 1.445167e-005 1.895594e-003
1747 1.064466e-005 6.209430e-003
1748 1.606630e-003 1.190109e-001
1749 4.142730e-005 7.128017e-003
1750 1.412114e-005 6.994146e-003
1751 1.728231e-005 5.648936e-003
1752 5.869264e-006 1.875682e-003
1753 8.638141e-004 1.640021e-002
1754 2.510675e-006 4.863515e-003
1755 4.022437e-005 3.883218e-003
1756 5.280574e-005 1.646551e-002
1757 4.588961e-005 1.266390e-002
1758 1.296946e-004 5.781428e-003
1759 1.778116e-005 3.827717e-003
1760 1.454192e-003 6.902017e-002
1761 2.330107e-005 6.439899e-003
1762 9.436393e-006 2.996475e-003
1763 2.512556e-005 1.029809e-002
1764 3.279694e-005 5.654239e-003
1765 7.584739e-005 1.437105e-002
1766 2.217681e-005 3.057100e-003
1767 6.486403e-005 4.067271e-003
1768 9.903579e-005 1.771042e-002
1769 2.341097e-004 7.682328e-003
1770 1.047400e-004 6.886023e-003
1771 5.059363e-005 6.923390e-003
1772 1.357550e-003 7.998294e-002
1773 5.982061e-004 6.136583e-002
1774 3.965949e-006 2.654279e-003
1775 6.813606e-006 2.497807e-003
1776 1.754212e-004 1.690502e-002
1777 4.809144e-005 4.421491e-003
1778 3.814661e-005 5.141178e-003
1779 8.547370e-005 1.084598e-002
1780 9.641490e-006 2.637191e-003
1781 8.204787e-007 1.272362e-003
1782 1.345132e-005 2.965357e-003
1783 1.686908e-005 6.028160e-003
1784 1.438060e-004 1.457501e-002
1785 8.275423e-006 2.644280e-003
1786 2.361353e-004 2.281048e-002
1787 1.798068e-004 2.001267e-002
1788 2.014817e-005 4.096219e-003
1789 6.333627e-005 2.689645e-002
1790 3.876632e-006 1.556400e-003
1791 5.765542e-005 3.033390e-003
1792 1.254319e-005 2.792575e-003
1793 1.234897e-005 8.931304e-003
1794 3.800313e-005 1.424584e-002
1795 4.605603e-006 1.605698e-003
1796 1.026413e-003 6.981411e-002
1797 1.292232e-004 1.286865e-002
1798 3.868316e-005 5.221646e-003
1799 4.258447e-006 2.050094e-003
1800 6.196076e-004 2.921474e-002
1801 2.241893e-005 2.233163e-003
1802 7.429769e-005 1.126344e-002
1803 2.828629e-006 1.866446e-003
1804 4.694098e-006 1.845574e-003
1805 7.852183e-006 1.092091e-002
1806 2.599557e-005 4.091605e-003
1807 2.394942e-006 1.336158e-003
1808 1.346185e-003 1.481119e-001
1809 4.090311e-005 6.554853e-003
1810 2.040825e-004 1.589141e-002
1811 2.062904e-005 6.349841e-003
1812 7.178283e-005 4.554248e-003
1813 2.596332e-005 7.348999e-003
1814 8.702631e-006 2.023756e-003
1815 8.832577e-005 1.609393e-002
1816 1.571460e-004 1.402308e-002
1817 5.878416e-006 2.819279e-003
1818 1.765962e-005 4.178158e-003
1819 8.006219e-007 2.071786e-003
1820 4.152509e-006 1.457725e-003
1821 5.485668e-006 3.292519e-003
1822 1.682269e-004 1.426588e-002
1823 5.396791e-004 2.382942e-002
1824 1.626349e-004 3.152027e-002
1825 6.206385e-004 3.085008e-002
1826 4.450284e-004 2.447352e-002
1827 6.287584e-005 1.278774e-002
1828 8.362295e-005 7.616557e-003
1829 2.567598e-005 7.194390e-003
1830 9.275489e-006 2.706520e-003
1831 5.166254e-006 1.529214e-003
1832 7.443440e-005 1.197162e-002
1833 8.527672e-005 3.616129e-003
1834 3.460907e-005 2.953644e-003
1835 8.444620e-006 3.223492e-003
1836 1.693607e-004 2.436241e-002
1837 3.510183e-004 1.992723e-002
1838 2.765289e-005 2.583456e-003
1839 1.607317e-004 2.184833e-002
1840 1.636660e-004 1.202256e-002
1841 3.523300e-004 1.891183e-002
1842 8.334241e-006 6.246952e-003
1843 2.355253e-005 5.443869e-003
1844 8.730091e-006 2.421285e-003
1845 1.249887e-004 9.750751e-003
1846 7.777264e-006 3.393794e-003
1847 2.220052e-004 2.800093e-002
1848 6.851534e-006 2.075041e-003
1849 1.282875e-004 1.172056e-002
1850 2.155637e-005 1.369603e-002
1851 1.669261e-004 3.242494e-002
1852 8.219716e-005 1.205175e-002
1853 1.546653e-004 1.040515e-002
1854 5.312995e-004 5.613031e-002
1855 1.843921e-004 2.475950e-002
1856 5.795635e-006 2.185610e-003
1857 3.162084e-006 4.356717e-003
1858 8.380574e-006 2.660374e-003
1859 9.162331e-006 2.768183e-003
1860 1.105480e-004 1.047490e-002
1861 1.745631e-005 6.951312e-003
1862 1.304460e-003 4.828646e-002
1863 7.697365e-006 2.536435e-003
1864 7.079816e-006 1.862365e-003
1865 6.212962e-005 9.441496e-003
1866 7.803240e-005 1.714590e-002
1867 3.359521e-006 2.535147e-003
1868 1.440619e-005 2.872191e-003
1869 8.366516e-004 6.140199e-002
1870 2.900706e-005 3.804810e-003
1871 4.206227e-005 9.749549e-003
1872 4.069184e-005 6.811269e-003
1873 4.260700e-006 1.697951e-003
1874 7.233086e-007 1.906271e-003
1875 3.531184e-004 2.049581e-002
1876 3.655168e-006 2.153808e-003
1877 1.772961e-005 2.214106e-003
1878 1.556689e-005 5.850158e-003
1879 5.011047e-005 9.820040e-003
1880 1.424729e-004 4.560043e-003
1881 2.388635e-004 3.552344e-002
1882 1.241954e-005 2.458640e-003
1883 5.497668e-005 8.704281e-003
1884 7.191613e-005 3.081219e-003
1885 4.018222e-005 4.700929e-003
1886 2.371744e-005 4.081674e-003
1887 1.878875e-005 6.853562e-003
1888 9.533650e-006 2.489033e-003
1889 1.887355e-006 1.144148e-003
1890 1.618806e-005 6.697422e-003
1891 9.927157e-004 6.306377e-002
1892 2.996247e-005 8.472241e-003
1893 1.629851e-004 1.634329e-002
1894 1.597191e-003 8.873377e-002
1895 3.276531e-004 2.445415e-002
1896 1.519260e-004 1.368178e-002
1897 1.108401e-005 3.496759e-003
1898 2.688323e-004 3.092858e-002
1899 6.218749e-005 5.381558e-003
1900 1.877511e-004 5.764415e-003
1901 4.642972e-006 2.364722e-003
1902 4.530025e-006 1.563650e-003
1903 3.597039e-005 6.912871e-003
1904 3.137835e-005 3.465607e-003
1905 1.287667e-005 2.227169e-003
1906 1.200644e-005 4.032020e-003
1907 1.084082e-005 3.407241e-003
1908 4.026881e-006 1.424482e-003
1909 1.422053e-005 2.958796e-003
1910 2.177416e-004 2.019571e-002
1911 6.809736e-005 5.704373e-003
1912 8.498068e-005 1.209210e-002
1913 5.091802e-005 3.129251e-003
1914 3.502090e-005 2.882933e-003
1915 2.393123e-005 6.902025e-003
1916 2.660162e-003 5.272678e-002
1917 2.159437e-003 9.479644e-002
1918 1.431442e-004 2.014514e-002
1919 9.926157e-005 8.269028e-003
1920 2.392358e-005 2.641228e-003
1921 2.236525e-006 1.277700e-003
1922 2.666160e-005 1.943916e-003
1923 6.465051e-006 1.595426e-003
1924 7.378219e-006 1.983741e-003
1925 1.042184e-005 1.581892e-003
1926 5.332918e-004 1.631043e-002
1927 1.378540e-004 7.027985e-003
1928 3.931164e-006 1.569683e-003
1929 2.480029e-005 3.745499e-003
1930 3.477177e-004 1.091563e-002
1931 4.312952e-005 8.280988e-003
1932 4.899526e-004 1.436822e-002
1933 4.863797e-005 9.795206e-003
1934 5.376488e-004 3.050751e-002
1935 6.659566e-005 1.050166e-002
1936 8.466824e-005 6.982634e-003
1937 1.525278e-005 3.177507e-003
1938 1.044096e-005 1.529538e-003
1939 1.350344e-003 3.947512e-002
1940 5.200631e-005 1.860073e-002
1941 5.870187e-005 6.985286e-003
1942 2.533343e-004 3.951441e-002
1943 1.277870e-004 1.975690e-002
1944 1.511997e-004 1.505901e-002
1945 1.242166e-004 8.792695e-003
1946 9.994900e-006 3.943941e-003
1947 7.538524e-006 1.725508e-003
1948 2.854843e-006 1.540358e-003
1949 3.579340e-004 6.158939e-002
1950 6.993956e-005 9.162682e-003
1951 4.173463e-004 1.988286e-002
1952 1.667198e-005 5.834730e-003
1953 1.547404e-004 1.226602e-002
1954 4.306709e-004 1.242973e-002
1955 2.934693e-005 4.252198e-003
1956 1.068761e-004 1.279893e-002
1957 2.147445e-005 5.134014e-003
1958 5.714139e-005 8.813880e-003
1959 1.046069e-004 1.923662e-002
1960 7.355654e-005 9.421366e-003
1961 1.495850e-004 2.005690e-002
1962 1.405938e-004 1.608972e-002
1963 1.944288e-004 1.947744e-002
1964 3.700176e-005 2.747667e-003
1965 9.788659e-005 9.268946e-003
1966 3.751639e-005 5.658402e-003
1967 4.403237e-004 3.682199e-002
1968 4.433263e-006 1.770277e-003
1969 2.387553e-004 1.315991e-002
1970 1.007705e-004 1.338984e-002
1971 9.135537e-004 3.881378e-002
1972 1.564802e-005 3.240727e-003
1973 8.133745e-004 2.227504e-002
1974 2.591036e-005 3.689274e-003
1975 4.885745e-004 4.123129e-002
1976 2.313557e-004 2.835569e-002
1977 4.457864e-005 4.068610e-003
1978 5.903403e-006 3.782147e-003
1979 1.610683e-004 2.711870e-002
1980 1.640913e-005 1.311819e-003
1981 1.089648e-004 1.370033e-002
1982 1.895026e-005 2.094662e-003
1983 7.193350e-006 1.937607e-003
1984 1.626110e-004 1.745729e-002
1985 4.341357e-005 4.191161e-003
1986 1.020051e-005 3.595250e-003
1987 1.962235e-004 1.933187e-002
1988 5.172106e-004 1.986441e-002
1989 2.261934e-006 1.228530e-003
1990 1.418905e-005 2.843117e-003
1991 9.162044e-006 4.694675e-003
1992 1.934213e-003 3.972955e-002
1993 1.176448e-006 1.135702e-003
1994 1.231177e-006 1.199719e-003
1995 5.303083e-004 1.467952e-002
1996 1.178617e-005 3.054485e-003
1997 9.816169e-006 1.558374e-003
1998 2.960768e-005 3.246978e-003
1999 7.338386e-005 4.402122e-003
2000 7.372291e-006 2.299237e-003
2001 5.088962e-006 2.437445e-003
