1 2.877883e-004 5.202888e-003
2 2.349542e-005 1.722235e-002
3 1.688784e-005 1.647567e-003
4 2.338276e-006 1.577576e-003
5 7.107558e-006 1.938090e-003
6 6.531368e-004 2.893134e-002
7 6.151097e-005 5.657256e-003
8 5.411956e-004 2.803792e-002
9 1.081687e-006 2.360933e-003
10 1.016570e-003 2.642748e-002
11 2.010864e-005 3.770261e-003
12 8.098589e-007 1.171718e-003
13 1.096555e-003 3.654199e-002
14 2.211926e-005 6.949797e-003
15 5.494273e-006 2.559765e-003
16 1.914546e-004 5.331743e-003
17 5.935819e-006 1.394633e-003
18 2.757902e-004 1.409017e-002
19 3.693020e-005 5.779746e-003
20 6.111442e-007 9.977187e-004
21 5.386267e-004 4.264173e-002
22 4.752416e-006 2.094754e-003
23 2.316975e-004 9.965080e-003
24 8.615539e-004 3.061052e-002
25 6.905498e-004 2.804934e-002
26 8.280378e-006 2.306929e-003
27 3.154379e-005 3.942928e-003
28 1.883235e-005 1.962703e-003
29 1.117839e-003 5.139252e-002
30 2.243646e-003 1.108602e-001
31 2.486011e-003 5.124448e-002
32 2.256343e-005 2.681467e-003
33 3.387386e-006 1.100367e-003
34 2.601292e-006 9.479695e-004
35 1.434324e-005 2.556174e-003
36 9.185367e-004 1.616858e-002
37 3.507528e-004 1.877617e-002
38 3.722415e-005 4.930010e-003
39 4.106959e-006 1.792134e-003
40 1.577041e-005 2.821260e-003
41 1.403534e-004 2.858227e-003
42 1.168500e-005 4.620514e-003
43 1.107342e-003 3.639975e-002
44 5.818351e-005 3.751310e-003
45 1.018983e-004 5.337575e-003
46 2.695161e-005 4.770866e-003
47 7.819698e-004 2.698799e-002
48 2.217918e-004 1.665741e-002
49 6.973763e-005 3.909334e-003
50 2.106063e-003 6.905530e-002
51 6.000155e-005 6.989674e-003
52 1.778516e-004 9.846794e-003
53 1.953475e-005 2.082225e-003
54 7.330267e-005 5.343616e-003
55 2.300031e-005 3.704285e-003
56 4.604526e-005 3.872499e-003
57 1.322665e-004 8.997242e-003
58 2.512141e-004 9.738228e-003
59 1.803625e-004 1.062605e-002
60 3.352835e-006 1.291822e-003
61 4.970954e-003 1.050576e-001
62 1.588336e-004 2.005012e-002
63 3.814137e-006 1.526749e-003
64 6.106481e-006 3.816024e-003
65 1.215276e-004 8.034674e-003
66 2.132218e-005 2.251737e-003
67 3.133084e-005 4.773129e-003
68 5.677797e-005 5.438979e-003
69 5.158240e-006 1.298823e-003
70 3.028990e-006 1.184623e-003
71 1.108029e-003 2.565370e-002
72 8.384992e-005 3.010877e-003
73 3.471686e-005 3.255768e-003
74 5.894000e-004 7.938397e-002
75 2.756871e-005 1.896224e-003
76 7.678039e-006 2.249995e-003
77 3.865417e-004 9.447540e-003
78 2.269594e-003 6.354599e-002
79 1.293930e-004 6.830084e-003
80 4.091080e-006 1.407545e-003
81 2.920865e-006 1.227572e-003
82 2.155101e-005 1.359394e-003
83 4.503964e-005 4.721372e-003
84 6.289721e-006 1.613615e-003
85 6.048736e-005 7.391285e-003
86 4.757358e-005 3.745297e-003
87 6.501094e-006 1.936322e-003
88 6.608263e-006 1.532041e-003
89 3.774310e-004 8.116810e-003
90 4.795234e-004 3.044064e-002
91 5.426176e-004 8.569514e-003
92 3.022943e-003 4.871538e-002
93 4.609974e-005 4.033741e-003
94 3.205292e-005 2.414993e-003
95 1.588198e-003 5.526641e-002
96 3.917327e-005 1.659083e-003
97 3.287337e-004 1.384156e-002
98 2.874702e-005 1.688024e-003
99 1.429510e-005 1.503899e-003
100 8.413006e-004 3.147069e-002
101 2.441258e-005 3.199451e-003
102 5.338571e-005 1.211783e-002
103 2.100685e-004 2.302564e-002
104 1.752526e-004 8.622321e-003
105 2.268968e-004 6.717018e-003
106 4.147627e-005 7.267899e-003
107 8.522261e-006 2.576159e-003
108 1.504285e-004 1.195652e-002
109 1.182882e-005 4.344840e-003
110 6.320618e-005 6.198155e-003
111 1.131022e-003 4.268151e-002
112 1.695912e-004 1.682254e-002
113 1.089094e-003 4.735249e-002
114 8.141612e-004 2.540527e-002
115 3.851527e-004 1.618265e-002
116 4.207911e-004 1.533371e-002
117 2.508706e-004 1.623298e-002
118 1.585181e-004 1.232661e-002
119 8.639183e-006 4.385955e-003
120 4.619994e-006 3.509146e-003
121 7.205803e-005 7.819384e-003
122 2.737851e-006 1.501316e-003
123 1.989058e-005 4.097439e-003
124 3.922331e-005 5.575128e-003
125 7.574204e-006 3.711738e-003
126 1.450527e-005 4.647638e-003
127 4.858424e-005 7.645920e-003
128 4.042219e-005 5.546517e-003
129 7.574204e-006 3.711738e-003
130 4.514441e-006 3.412373e-003
131 2.523602e-005 4.898986e-003
132 7.274916e-006 3.746788e-003
133 2.504437e-005 5.214437e-003
134 1.000685e-004 1.166895e-002
135 1.082852e-005 3.222754e-003
136 9.682317e-006 2.823380e-003
137 9.918884e-005 6.496251e-003
138 4.804703e-005 7.780117e-003
139 6.901359e-005 6.324825e-003
140 2.130055e-005 4.645879e-003
141 9.365690e-006 2.758148e-003
142 9.365690e-006 2.758148e-003
143 2.457957e-005 5.336935e-003
144 4.676465e-005 6.632229e-003
145 5.305256e-006 4.444603e-003
146 1.407750e-005 4.801746e-003
147 2.129707e-005 3.895540e-003
148 2.907193e-005 7.023075e-003
149 7.246303e-006 3.546982e-003
150 1.185535e-005 3.642262e-003
151 4.095165e-005 5.514141e-003
152 1.739727e-005 3.157609e-003
153 9.348156e-006 2.705560e-003
154 1.781952e-005 3.180883e-003
155 6.189769e-006 2.826681e-003
156 9.490003e-006 2.792119e-003
157 1.153350e-005 3.276442e-003
158 1.708135e-005 2.813344e-003
159 2.730933e-005 3.463275e-003
160 2.812244e-005 4.254133e-003
161 9.714491e-006 2.947818e-003
162 5.763114e-006 2.927114e-003
163 5.763114e-006 2.927114e-003
164 2.540551e-006 1.590619e-003
165 4.282434e-006 1.599746e-003
166 2.540551e-006 1.590619e-003
167 3.448544e-006 2.864015e-003
168 9.714491e-006 2.947818e-003
169 4.710277e-005 4.006692e-003
170 2.540551e-006 1.590619e-003
171 2.685047e-005 2.588759e-003
172 1.589344e-005 3.003876e-003
173 2.562531e-006 1.568265e-003
174 9.117455e-006 2.898737e-003
175 9.510349e-006 2.909948e-003
176 5.812976e-006 2.876404e-003
177 3.984917e-006 1.572793e-003
178 8.028432e-006 2.029368e-003
179 2.562531e-006 1.568265e-003
180 9.510349e-006 2.909948e-003
181 2.929314e-006 2.059449e-003
182 1.034043e-005 3.177083e-003
183 8.714807e-007 1.179364e-003
184 2.562531e-006 1.568265e-003
185 2.256453e-006 1.186197e-003
186 5.061901e-006 2.084861e-003
187 1.919271e-006 1.861053e-003
188 1.520220e-006 1.562803e-003
189 8.258106e-007 1.118666e-003
190 1.338639e-006 1.181388e-003
191 1.027958e-004 8.122156e-003
192 9.730332e-006 2.880298e-003
193 6.062680e-005 6.805027e-003
194 6.575156e-005 8.797109e-003
195 2.871663e-005 3.923107e-003
196 5.207432e-005 5.486739e-003
197 5.207432e-005 5.486739e-003
198 2.871663e-005 3.923107e-003
199 6.643414e-005 7.726721e-003
200 3.654678e-005 5.905070e-003
201 4.999526e-005 4.890670e-003
202 5.341799e-005 1.252307e-002
203 9.730332e-006 2.880298e-003
204 2.401397e-005 2.952613e-003
205 3.254791e-005 4.791691e-003
206 9.730332e-006 2.880298e-003
207 5.319441e-005 5.164554e-003
208 1.621156e-005 2.950449e-003
209 3.254791e-005 4.791691e-003
210 2.401397e-005 2.952613e-003
211 7.786817e-006 1.990861e-003
212 5.319441e-005 5.164554e-003
213 4.673722e-006 1.957166e-003
214 1.592021e-005 3.204719e-003
215 9.274607e-006 2.854474e-003
216 1.621156e-005 2.950449e-003
217 3.942986e-006 1.579415e-003
218 1.157221e-004 1.171368e-002
219 4.720445e-005 4.981901e-003
220 9.274607e-006 2.854474e-003
221 9.274607e-006 2.854474e-003
222 2.684062e-005 4.406529e-003
223 4.057760e-005 7.330374e-003
224 4.916948e-006 2.714217e-003
225 1.159936e-005 4.344559e-003
226 9.079368e-006 2.850431e-003
227 9.115219e-006 3.074494e-003
228 1.023671e-005 3.773284e-003
229 3.391893e-005 6.178737e-003
230 1.906786e-005 4.929847e-003
231 1.165478e-005 4.813836e-003
232 6.946580e-006 4.280159e-003
233 1.846082e-005 4.580072e-003
234 9.958167e-006 3.924729e-003
235 4.091326e-006 4.220307e-003
236 9.657566e-006 3.621773e-003
237 3.318407e-006 3.164915e-003
238 1.130296e-005 4.459264e-003
239 3.708965e-006 3.307718e-003
240 5.248387e-006 2.583937e-003
241 5.598082e-006 3.368256e-003
242 9.657566e-006 3.621773e-003
243 1.977865e-006 2.990721e-003
244 1.124922e-005 3.809511e-003
245 5.897244e-006 3.679419e-003
246 5.598082e-006 3.368256e-003
247 9.958167e-006 3.924729e-003
248 1.781509e-006 2.490594e-003
249 1.190699e-005 4.989012e-003
250 6.068072e-006 3.364888e-003
251 2.914647e-006 2.518054e-003
252 1.165478e-005 4.813836e-003
253 3.336616e-006 3.111918e-003
254 6.908669e-006 4.390496e-003
255 1.228951e-005 5.219310e-003
256 2.914647e-006 2.518054e-003
257 3.318407e-006 3.164915e-003
258 2.207065e-005 2.455411e-003
259 3.706996e-005 2.690493e-003
260 7.655446e-005 4.334444e-003
261 3.706996e-005 2.690493e-003
262 3.706996e-005 2.690493e-003
263 6.080242e-005 2.743663e-003
264 1.390122e-004 5.814100e-003
265 4.270920e-005 3.588196e-003
266 1.262264e-004 4.793505e-003
267 3.450301e-004 1.658157e-002
268 1.041298e-004 8.584201e-003
269 2.878967e-004 9.347134e-003
270 3.726516e-005 2.910826e-003
271 3.706996e-005 2.690493e-003
272 6.863582e-005 3.937703e-003
273 3.726516e-005 2.910826e-003
274 6.112258e-005 2.964277e-003
275 5.001617e-005 4.945899e-003
276 2.878967e-004 9.347134e-003
277 2.199173e-005 2.582535e-003
278 1.877891e-005 1.985564e-003
279 1.382840e-004 5.312355e-003
280 4.364073e-005 4.095466e-003
281 5.001617e-005 4.945899e-003
282 1.461008e-004 6.615277e-003
283 3.080130e-005 2.012499e-003
284 3.706996e-005 2.690493e-003
285 4.805964e-005 4.442492e-003
286 6.863582e-005 3.937703e-003
287 3.706996e-005 2.690493e-003
288 9.012398e-005 7.129563e-003
289 1.362020e-004 6.784681e-003
290 1.362020e-004 6.784681e-003
291 3.726516e-005 2.910826e-003
292 6.085372e-005 2.934415e-003
293 1.424886e-004 7.334371e-003
294 1.126720e-004 4.238315e-003
295 2.078740e-004 9.630346e-003
296 3.938713e-004 1.763216e-002
297 3.498883e-004 1.530777e-002
298 1.252893e-004 5.236690e-003
299 2.182556e-005 2.404993e-003
300 4.063939e-005 3.562477e-003
301 1.592643e-004 8.811590e-003
302 6.636382e-005 3.588201e-003
303 2.058711e-005 2.759989e-003
304 1.812811e-005 2.012631e-003
305 1.227050e-005 2.557532e-003
306 1.227050e-005 2.557532e-003
307 1.227050e-005 2.557532e-003
308 7.507918e-006 2.500387e-003
309 5.095178e-005 2.409363e-003
310 3.383944e-005 2.709936e-003
311 1.227050e-005 2.557532e-003
312 1.767736e-005 1.905051e-003
313 7.483822e-006 2.485924e-003
314 7.483822e-006 2.485924e-003
315 7.682695e-006 2.581371e-003
316 1.259658e-005 2.664112e-003
317 3.933813e-006 1.869909e-003
318 3.942346e-006 1.881282e-003
319 1.080487e-005 1.834356e-003
320 4.579105e-006 2.451071e-003
321 2.110158e-006 1.393149e-003
322 3.318704e-004 2.846469e-002
323 2.474097e-004 1.547734e-002
324 1.777932e-005 8.426008e-003
325 6.674771e-005 6.782260e-003
326 1.579865e-005 2.641090e-003
327 1.533899e-004 6.601170e-003
328 9.164873e-005 6.330051e-003
329 4.361883e-004 2.146730e-002
330 2.349273e-004 1.407160e-002
331 1.428094e-004 1.306595e-002
332 7.941402e-004 3.207843e-002
333 2.888420e-005 3.472214e-003
334 1.334472e-004 5.258690e-003
335 7.511504e-005 4.395469e-003
336 6.279220e-005 6.460390e-003
337 2.052409e-004 1.123534e-002
338 8.297829e-005 9.289468e-003
339 2.592933e-004 9.616436e-003
340 2.233688e-005 2.670841e-003
341 1.296345e-005 2.427995e-003
342 7.884882e-005 5.252632e-003
343 1.174536e-004 1.129784e-002
344 2.089083e-005 2.645770e-003
345 2.948300e-005 4.594425e-003
346 4.348707e-006 2.163584e-003
347 2.120892e-005 2.512812e-003
348 7.713581e-005 4.607739e-003
349 4.576077e-005 4.443344e-003
350 2.306007e-005 2.849073e-003
351 1.322794e-005 2.470053e-003
352 6.567026e-006 2.012342e-003
353 2.306007e-005 2.849073e-003
354 2.306007e-005 2.849073e-003
355 2.300170e-005 2.966959e-003
356 7.396825e-006 2.173390e-003
357 4.576077e-005 4.443344e-003
358 1.261985e-004 5.011709e-003
359 4.401299e-005 3.673094e-003
360 4.576077e-005 4.443344e-003
361 3.331709e-004 1.401687e-002
362 1.168178e-005 2.225652e-003
363 2.353056e-005 2.899722e-003
364 6.567026e-006 2.012342e-003
365 1.040745e-004 9.177970e-003
366 2.318150e-005 3.206219e-003
367 5.244592e-005 5.552090e-003
368 4.576077e-005 4.443344e-003
369 3.629302e-004 1.924073e-002
370 1.142299e-004 9.221372e-003
371 1.293045e-004 1.275956e-002
372 2.442464e-003 5.392210e-002
373 1.434523e-003 6.839618e-002
374 2.755722e-003 8.202581e-002
375 1.872702e-004 9.152133e-003
376 6.850175e-004 2.563093e-002
377 5.200768e-005 6.660160e-003
378 5.670424e-005 8.761561e-003
379 3.328156e-005 5.846170e-003
380 4.493648e-005 3.811580e-003
381 9.619993e-006 1.315251e-003
382 1.204151e-004 4.530350e-003
383 9.619993e-006 1.315251e-003
384 3.578023e-005 2.497499e-003
385 6.869546e-006 4.241105e-003
386 1.901942e-005 4.586981e-003
387 4.609982e-005 9.738837e-003
388 7.479896e-006 2.241402e-003
389 1.572086e-005 3.902078e-003
390 2.787567e-005 3.700339e-003
391 1.571987e-004 1.444835e-002
392 9.180210e-005 5.317743e-003
393 4.532606e-005 7.563828e-003
394 8.669598e-006 2.442585e-003
395 2.220704e-005 5.467327e-003
396 2.393187e-004 1.696823e-002
397 1.004659e-004 6.592872e-003
398 1.642934e-004 6.501593e-003
399 4.995412e-005 4.783637e-003
400 1.009147e-004 7.671888e-003
401 5.201593e-005 4.948619e-003
402 5.201593e-005 4.948619e-003
403 4.995412e-005 4.783637e-003
404 8.767973e-005 5.135486e-003
405 8.767973e-005 5.135486e-003
406 4.995412e-005 4.783637e-003
407 2.621222e-005 3.709695e-003
408 2.989165e-005 4.569451e-003
409 3.761955e-004 1.453206e-002
410 1.813907e-004 8.138090e-003
411 1.846569e-004 8.749268e-003
412 2.967952e-004 8.949993e-003
413 2.989165e-005 4.569451e-003
414 5.359216e-005 4.854817e-003
415 4.418416e-005 3.803862e-003
416 5.359216e-005 4.854817e-003
417 8.767973e-005 5.135486e-003
418 3.820543e-004 1.605695e-002
419 4.622309e-004 2.828687e-002
420 3.820543e-004 1.605695e-002
421 9.195024e-005 5.545982e-003
422 1.939656e-004 8.520173e-003
423 6.616649e-004 1.872166e-002
424 2.179996e-003 4.530802e-002
425 3.803146e-004 1.590608e-002
426 3.173385e-004 9.535995e-003
427 1.082520e-003 2.218688e-002
428 3.178998e-004 1.082670e-002
429 3.275330e-004 1.025342e-002
430 3.275330e-004 1.025342e-002
431 6.140062e-004 1.777203e-002
432 1.939656e-004 8.520173e-003
433 1.939656e-004 8.520173e-003
434 3.275330e-004 1.025342e-002
435 6.129220e-004 1.527910e-002
436 2.288105e-004 1.498833e-002
437 3.178998e-004 1.082670e-002
438 3.275330e-004 1.025342e-002
439 1.765512e-003 2.906555e-002
440 1.184660e-004 9.385451e-003
441 1.184660e-004 9.385451e-003
442 2.226459e-004 2.849943e-002
443 1.755424e-004 1.733318e-002
444 1.265657e-003 5.509704e-002
445 7.483804e-004 2.750756e-002
446 3.602156e-007 9.053993e-004
447 8.417417e-007 1.203959e-003
448 2.196159e-007 9.050843e-004
449 2.196159e-007 9.050843e-004
450 4.241761e-007 9.843261e-004
451 6.416772e-006 1.587866e-003
452 8.417417e-007 1.203959e-003
453 1.207051e-006 1.068179e-003
454 1.418867e-006 1.208552e-003
455 8.417417e-007 1.203959e-003
456 7.116710e-007 1.019792e-003
457 3.708464e-007 9.153708e-004
458 8.417417e-007 1.203959e-003
459 1.298742e-004 1.155775e-002
460 3.695945e-006 2.521667e-003
461 4.358092e-007 1.046711e-003
462 6.372687e-006 2.727465e-003
463 1.199301e-006 1.084198e-003
464 1.412251e-006 1.274339e-003
465 2.025156e-006 1.119168e-003
466 2.384746e-006 1.340487e-003
467 1.207051e-006 1.068179e-003
468 7.311887e-007 1.083149e-003
469 1.412251e-006 1.274339e-003
470 9.642962e-007 1.719190e-003
471 8.417417e-007 1.203959e-003
472 1.199301e-006 1.084198e-003
473 1.412251e-006 1.274339e-003
474 2.663781e-007 1.042605e-003
475 1.412251e-006 1.274339e-003
476 1.160100e-006 1.363920e-003
477 7.792433e-006 2.362612e-003
478 2.049260e-005 2.467380e-003
479 1.260837e-006 1.457336e-003
480 2.917724e-006 1.920207e-003
481 4.261834e-006 1.624840e-003
482 1.555099e-006 2.029006e-003
483 9.505177e-007 2.018270e-003
484 6.440791e-006 1.714936e-003
485 1.485260e-006 1.688277e-003
486 6.372333e-005 8.546215e-003
487 1.262624e-006 1.442493e-003
488 6.206217e-005 6.393025e-003
489 8.125910e-004 1.705755e-002
490 3.127478e-005 4.437570e-003
491 3.534818e-005 4.840995e-003
492 1.988925e-005 4.447498e-003
493 3.119561e-005 4.556615e-003
494 2.250864e-005 5.530524e-003
495 1.165378e-005 4.223428e-003
496 1.171248e-004 7.890182e-003
497 1.318518e-004 8.952531e-003
498 3.127478e-005 4.437570e-003
499 5.827481e-005 5.900454e-003
500 1.906758e-005 4.410221e-003
501 3.681834e-005 6.260756e-003
502 8.648295e-004 2.974792e-002
503 3.127478e-005 4.437570e-003
504 5.116727e-005 4.601360e-003
505 1.855374e-005 4.370916e-003
506 6.947925e-005 7.490199e-003
507 1.042805e-004 7.116943e-003
508 5.790593e-005 5.704648e-003
509 3.426569e-005 5.756853e-003
510 6.317966e-005 6.972781e-003
511 2.990472e-005 4.427699e-003
512 3.530403e-005 5.654011e-003
513 2.990472e-005 4.427699e-003
514 5.792147e-004 3.673756e-002
515 2.285214e-005 5.017772e-003
516 2.285214e-005 5.017772e-003
517 4.413765e-005 7.439977e-003
518 1.292300e-005 4.720461e-003
519 4.413765e-005 7.439977e-003
520 7.851441e-005 9.706399e-003
521 4.413765e-005 7.439977e-003
522 4.413765e-005 7.439977e-003
523 4.413765e-005 7.439977e-003
524 4.065060e-005 6.191205e-003
525 2.285214e-005 5.017772e-003
526 4.413765e-005 7.439977e-003
527 2.285214e-005 5.017772e-003
528 1.338565e-005 4.493506e-003
529 4.413765e-005 7.439977e-003
530 8.325222e-006 4.398072e-003
531 2.285214e-005 5.017772e-003
532 4.993319e-005 8.636300e-003
533 3.176727e-005 9.468773e-003
534 2.807044e-005 7.194912e-003
535 2.807044e-005 7.194912e-003
536 1.025958e-004 1.487805e-002
537 6.270927e-005 1.425385e-002
538 3.176727e-005 9.468773e-003
539 5.421652e-005 1.029127e-002
540 6.270927e-005 1.425385e-002
541 6.270927e-005 1.425385e-002
542 1.785667e-004 2.044841e-002
543 5.197301e-005 9.784981e-003
544 2.285214e-005 5.017772e-003
545 3.465258e-005 2.748307e-003
546 2.856939e-005 2.017919e-003
547 1.889530e-005 2.036334e-003
548 2.065392e-005 2.323510e-003
549 5.352800e-006 1.436599e-003
550 3.465258e-005 2.748307e-003
551 1.702817e-005 1.757698e-003
552 8.554765e-005 7.968426e-003
553 1.539366e-004 6.794011e-003
554 5.343792e-005 2.438978e-003
555 5.669354e-005 2.975033e-003
556 1.605033e-005 1.579091e-003
557 3.185052e-005 2.104215e-003
558 3.357401e-005 2.571080e-003
559 1.889530e-005 2.036334e-003
560 3.185052e-005 2.104215e-003
561 1.889530e-005 2.036334e-003
562 1.889530e-005 2.036334e-003
563 4.077128e-005 3.227511e-003
564 1.889530e-005 2.036334e-003
565 1.932556e-004 5.081471e-003
566 3.185052e-005 2.104215e-003
567 1.054876e-004 3.455447e-003
568 1.054876e-004 3.455447e-003
569 1.054876e-004 3.455447e-003
570 1.054876e-004 3.455447e-003
571 5.343792e-005 2.438978e-003
572 1.002660e-004 3.231718e-003
573 5.079275e-005 2.325641e-003
574 1.054876e-004 3.455447e-003
575 8.820764e-005 2.696811e-003
576 1.054876e-004 3.455447e-003
577 8.820764e-005 2.696811e-003
578 7.769951e-005 5.389147e-003
579 5.664548e-004 2.527347e-002
580 1.054876e-004 3.455447e-003
581 1.991374e-005 2.239357e-003
582 1.054876e-004 3.455447e-003
583 6.404272e-005 3.814209e-003
584 5.343792e-005 2.438978e-003
585 1.054876e-004 3.455447e-003
586 8.816998e-005 6.100156e-003
587 1.056000e-004 8.496547e-003
588 7.359557e-005 4.228532e-003
589 2.495939e-005 1.607455e-003
590 7.505218e-004 3.093732e-002
591 1.757513e-004 3.871037e-003
592 3.373130e-005 2.289767e-003
593 2.744370e-004 9.429934e-003
594 6.454438e-005 3.092911e-003
595 5.227343e-005 5.191854e-003
596 2.242540e-003 7.525115e-002
597 6.573245e-006 1.804990e-003
598 6.384814e-006 1.737598e-003
599 6.573245e-006 1.804990e-003
600 1.078148e-005 1.814418e-003
601 1.261435e-005 2.335154e-003
602 1.269586e-005 2.265749e-003
603 2.178018e-005 2.782580e-003
604 6.573245e-006 1.804990e-003
605 1.078148e-005 1.814418e-003
606 6.573245e-006 1.804990e-003
607 3.906658e-006 1.709513e-003
608 1.078148e-005 1.814418e-003
609 2.736120e-005 6.594745e-003
610 1.530432e-005 3.211487e-003
611 2.765177e-004 2.573822e-002
612 7.604684e-005 1.069005e-002
613 4.622097e-005 9.874439e-003
614 8.521721e-005 1.377798e-002
615 3.832203e-005 6.602957e-003
616 2.552391e-006 3.131228e-003
617 4.100849e-005 7.716974e-003
618 1.129530e-005 3.845653e-003
619 1.837792e-005 3.930145e-003
620 2.028296e-005 4.659073e-003
621 2.613673e-004 8.946833e-003
622 2.053508e-005 4.846898e-003
623 1.416389e-005 5.965676e-003
624 3.326827e-005 4.688165e-003
625 7.011318e-006 3.682498e-003
626 2.339767e-004 1.777982e-002
627 1.150001e-005 3.692555e-003
628 1.166096e-004 7.418196e-003
629 7.935213e-005 9.238554e-003
630 1.123787e-004 6.842485e-003
631 5.295513e-005 5.285902e-003
632 1.386276e-004 1.380936e-002
633 3.060238e-005 4.696728e-003
634 1.172700e-005 4.044216e-003
635 1.915759e-005 3.886378e-003
636 2.012333e-005 4.552071e-003
637 6.096176e-005 6.629946e-003
638 3.603619e-005 6.708330e-003
639 7.580238e-005 8.593671e-003
640 1.727205e-005 3.373693e-003
641 1.951102e-005 4.610219e-003
642 3.427492e-005 5.266874e-003
643 2.366742e-004 1.222275e-002
644 1.976740e-005 4.086345e-003
645 7.481171e-005 7.361432e-003
646 1.439730e-004 1.050345e-002
647 2.558877e-005 5.929374e-003
648 1.293042e-004 1.155079e-002
649 5.665392e-005 4.724181e-003
650 2.210100e-005 4.376981e-003
651 3.612059e-005 4.564027e-003
652 3.873354e-005 5.171375e-003
653 1.680975e-003 6.446998e-002
654 2.135282e-004 3.446951e-002
655 1.026168e-005 2.589145e-003
656 1.336395e-004 1.070975e-002
657 2.379502e-003 9.954109e-002
658 9.277179e-005 6.318413e-003
659 7.636875e-005 9.188558e-003
660 7.702948e-005 8.781533e-003
661 1.266271e-004 9.630617e-003
662 4.366095e-004 2.366864e-002
663 9.304586e-005 5.680577e-003
664 7.206770e-005 9.225236e-003
665 7.702948e-005 8.781533e-003
666 2.195196e-004 1.295263e-002
667 9.652107e-005 6.576070e-003
668 5.567696e-005 5.115405e-003
669 9.068319e-005 1.346543e-002
670 1.215767e-004 1.086788e-002
671 2.195196e-004 1.295263e-002
672 3.526648e-005 5.715423e-003
673 1.201667e-003 3.169154e-002
674 3.075017e-005 4.891684e-003
675 4.453676e-004 1.506840e-002
676 1.613035e-004 7.555847e-003
677 2.023055e-004 1.230515e-002
678 7.369226e-005 4.098023e-003
679 3.591119e-004 1.573939e-002
680 1.449901e-005 2.763244e-003
681 8.028633e-005 5.290213e-003
682 1.769534e-003 6.409954e-002
683 2.097563e-004 5.438642e-003
684 5.485266e-004 1.548054e-002
685 6.900399e-005 4.103699e-003
686 4.089531e-004 2.279102e-002
687 2.267594e-005 2.621710e-003
688 1.242180e-004 4.362761e-003
689 1.172235e-004 4.407954e-003
690 3.980093e-005 2.838053e-003
691 1.466456e-004 6.437943e-003
692 1.057018e-004 3.259398e-003
693 6.708972e-005 2.981038e-003
694 1.396142e-005 2.831098e-003
695 5.423298e-005 5.052502e-003
696 3.820543e-004 1.605695e-002
697 7.819070e-004 3.248027e-002
698 4.109801e-004 3.195083e-002
699 1.194415e-004 9.739414e-003
700 1.799548e-004 8.201371e-003
701 9.068402e-005 5.348844e-003
702 6.584960e-005 7.112104e-003
703 4.593873e-005 4.159649e-003
704 2.262532e-004 1.320871e-002
705 4.593873e-005 4.159649e-003
706 8.872814e-005 5.407340e-003
707 2.807896e-005 3.975933e-003
708 1.511094e-003 3.424631e-002
709 2.125100e-004 1.265274e-002
710 2.335827e-004 1.258959e-002
711 2.749859e-004 2.047948e-002
712 1.440008e-004 6.428552e-003
713 2.125100e-004 1.265274e-002
714 7.167203e-005 8.509409e-003
715 2.202005e-005 5.472488e-003
716 8.214255e-005 1.051457e-002
717 1.534873e-004 1.550748e-002
718 6.035852e-005 5.877881e-003
719 4.253053e-005 7.733667e-003
720 1.385727e-004 1.209177e-002
721 5.909014e-005 5.740383e-003
722 1.165792e-004 8.516660e-003
723 2.125100e-004 1.265274e-002
724 3.611745e-005 5.504072e-003
725 3.611745e-005 5.504072e-003
726 6.975888e-005 7.794669e-003
727 5.380815e-004 3.456686e-002
728 7.268644e-005 9.465835e-003
729 4.161179e-005 8.031995e-003
730 7.296256e-005 9.127273e-003
731 1.829638e-005 4.412503e-003
732 1.829638e-005 4.412503e-003
733 3.611745e-005 5.504072e-003
734 4.161179e-005 8.031995e-003
735 5.199930e-005 4.987252e-003
736 8.199613e-005 1.199682e-002
737 2.869500e-004 2.462721e-002
738 1.409232e-004 1.375462e-002
739 3.611745e-005 5.504072e-003
740 5.909014e-005 5.740383e-003
741 2.993390e-005 4.532214e-003
742 6.565813e-005 8.403723e-003
743 5.909014e-005 5.740383e-003
744 6.035852e-005 5.877881e-003
745 1.296105e-004 1.159937e-002
746 3.611745e-005 5.504072e-003
747 3.611745e-005 5.504072e-003
748 2.109468e-005 5.256409e-003
749 2.349176e-004 1.498980e-002
750 4.002948e-004 9.486810e-003
751 8.073879e-005 6.070116e-003
752 1.324284e-004 6.185922e-003
753 1.652572e-003 2.800739e-002
754 1.029732e-004 3.882881e-003
755 1.981513e-004 5.133102e-003
756 1.395138e-004 7.530962e-003
757 2.947253e-004 9.380044e-003
758 4.090067e-005 4.109300e-003
759 9.595079e-005 3.128720e-003
760 6.224257e-004 1.173185e-002
761 7.666053e-004 2.171769e-002
762 3.052551e-005 5.204147e-003
763 3.052551e-005 5.204147e-003
764 3.274860e-005 5.269480e-003
765 1.916559e-003 7.422081e-002
766 1.980763e-003 8.276435e-002
767 7.980102e-004 2.163943e-002
768 2.369536e-004 4.234241e-002
769 1.281150e-004 5.867439e-003
770 5.643686e-005 3.285050e-003
771 5.643686e-005 3.285050e-003
772 2.454399e-005 3.809804e-003
773 2.591362e-004 8.845388e-003
774 4.015532e-005 3.961904e-003
775 7.953567e-005 5.751382e-003
776 4.389266e-005 4.405964e-003
777 1.283553e-004 6.543641e-003
778 2.459561e-004 7.857877e-003
779 8.262597e-005 5.884590e-003
780 4.015532e-005 3.961904e-003
781 4.197657e-005 4.070460e-003
782 1.079180e-005 2.083003e-003
783 3.535902e-005 2.784616e-003
784 2.105294e-004 6.727745e-003
785 6.051597e-005 3.152392e-003
786 3.582755e-005 3.123965e-003
787 6.220844e-005 3.470399e-003
788 1.009812e-004 3.943144e-003
789 6.172238e-005 3.680626e-003
790 2.984246e-004 5.553485e-003
791 1.593058e-005 1.639387e-003
792 6.386540e-005 3.943938e-003
793 6.427808e-005 3.766948e-003
794 2.639576e-003 4.245588e-002
795 2.712118e-005 2.144238e-003
796 1.776662e-005 2.539971e-003
797 2.918714e-004 5.885413e-003
798 5.276816e-005 2.793964e-003
799 1.091652e-004 6.111683e-003
800 5.478877e-005 3.448864e-003
801 3.783302e-005 4.308023e-003
802 3.080005e-005 2.941649e-003
803 3.147453e-004 8.529731e-003
804 5.648499e-005 3.669034e-003
805 3.993555e-005 4.742502e-003
806 5.066602e-004 2.994431e-002
807 5.792329e-005 3.065244e-003
808 1.903952e-005 2.153965e-003
809 1.787341e-004 5.772276e-003
810 9.627430e-006 1.923839e-003
811 1.236770e-004 6.313177e-003
812 1.894093e-005 2.746942e-003
813 9.554468e-005 1.525600e-002
814 6.544018e-005 8.110928e-003
815 1.073355e-004 8.204791e-003
816 1.381916e-004 9.522042e-003
817 1.392291e-004 9.664339e-003
818 6.804904e-005 7.786260e-003
819 6.804904e-005 7.786260e-003
820 2.171038e-004 1.357798e-002
821 2.302811e-004 1.457553e-002
822 2.351244e-004 1.957445e-002
823 6.504665e-004 5.371066e-002
824 1.807735e-003 1.071693e-001
825 1.326883e-003 8.811134e-002
826 1.406270e-003 4.815008e-002
827 5.755341e-004 4.936449e-002
828 3.780198e-003 1.310882e-001
829 1.636150e-003 6.545384e-002
830 1.214775e-005 4.633653e-003
831 1.004927e-005 3.181688e-003
832 8.350029e-006 4.314114e-003
833 2.432420e-005 7.470286e-003
834 9.823376e-006 3.023107e-003
835 1.270729e-005 5.118687e-003
836 3.898288e-006 3.353086e-003
837 3.107611e-005 4.724781e-003
838 1.019927e-005 3.585189e-003
839 1.022140e-005 3.648217e-003
840 6.742757e-005 1.031493e-002
841 1.022140e-005 3.648217e-003
842 2.038113e-005 6.118753e-003
843 3.022754e-005 5.069575e-003
844 5.581176e-005 6.656475e-003
845 5.381307e-005 5.762556e-003
846 5.961566e-005 8.988363e-003
847 1.022140e-005 3.648217e-003
848 3.229912e-005 5.529695e-003
849 5.809258e-005 6.957908e-003
850 1.032807e-005 3.753307e-003
851 2.684664e-004 1.329919e-002
852 1.694866e-005 4.027472e-003
853 1.725999e-005 4.049231e-003
854 1.042087e-005 3.448532e-003
855 1.720744e-005 3.827767e-003
856 2.508555e-006 1.430566e-003
857 2.250627e-006 1.166464e-003
858 4.818710e-006 1.888838e-003
859 4.096451e-006 1.432154e-003
860 2.158237e-004 1.218526e-002
861 5.271787e-005 4.265570e-003
862 4.096451e-006 1.432154e-003
863 2.428277e-006 1.369672e-003
864 1.449021e-006 1.364236e-003
865 1.527936e-006 1.396905e-003
866 4.781426e-006 1.810124e-003
867 2.428277e-006 1.369672e-003
868 8.589446e-007 1.329412e-003
869 1.590354e-006 1.543223e-003
870 4.096451e-006 1.432154e-003
871 1.487010e-006 1.368731e-003
872 4.991958e-006 1.782642e-003
873 2.501860e-006 1.364222e-003
874 2.599068e-006 1.276429e-003
875 8.042244e-005 2.522609e-002
876 1.527936e-006 1.396905e-003
877 1.449021e-006 1.364236e-003
878 4.628411e-006 1.686129e-003
879 8.589446e-007 1.329412e-003
880 8.589446e-007 1.329412e-003
881 1.487010e-006 1.368731e-003
882 2.943697e-006 1.538752e-003
883 3.938052e-006 1.286445e-003
884 1.484227e-006 1.360259e-003
885 2.421566e-006 1.388169e-003
886 2.364496e-005 2.228136e-003
887 1.368421e-005 1.751652e-003
888 3.784474e-005 5.790006e-003
889 1.036016e-004 5.855773e-003
890 3.601215e-005 4.814033e-003
891 1.441974e-004 1.330737e-002
892 1.230279e-004 6.799258e-003
893 2.828338e-005 2.686306e-003
894 1.368421e-005 1.751652e-003
895 4.250906e-005 2.845306e-003
896 4.948763e-005 4.463187e-003
897 1.341858e-004 9.912089e-003
898 4.475507e-005 6.903269e-003
899 1.562940e-004 1.357257e-002
900 2.295899e-005 2.007743e-003
901 2.251656e-005 1.995181e-003
902 4.220154e-005 2.962756e-003
903 5.170457e-005 3.940430e-003
904 8.035143e-004 3.442040e-002
905 1.579593e-004 5.559004e-003
906 4.988163e-004 1.534729e-002
907 2.103884e-003 4.138870e-002
908 4.784248e-006 1.999394e-003
909 8.010305e-006 2.156450e-003
910 4.143946e-006 1.415777e-003
911 7.522500e-006 1.787138e-003
912 1.029966e-005 1.414466e-003
913 2.025475e-006 1.132544e-003
914 1.995005e-005 1.845184e-003
915 7.730349e-006 1.924119e-003
916 9.336724e-005 5.982279e-003
917 2.835986e-006 1.877341e-003
918 6.439562e-006 1.455807e-003
919 2.337078e-006 1.315652e-003
920 7.385053e-006 1.573306e-003
921 1.846746e-006 1.008208e-003
922 3.399257e-006 1.261816e-003
923 1.107218e-004 1.035935e-002
924 5.517206e-005 4.384239e-003
925 2.833889e-006 9.398723e-004
926 4.664791e-005 3.399494e-003
927 3.323073e-006 1.073643e-003
928 6.636992e-006 1.472180e-003
929 8.897346e-006 2.255788e-003
930 3.946263e-006 1.386734e-003
931 1.276216e-005 1.944944e-003
932 2.294955e-006 1.321510e-003
933 5.280933e-006 1.086919e-003
934 1.677956e-005 1.527813e-003
935 6.024120e-006 1.266529e-003
936 3.275512e-006 1.063628e-003
937 1.530810e-005 1.242667e-003
938 6.486839e-006 1.412445e-003
939 7.623112e-006 1.595115e-003
940 9.311861e-006 1.290689e-003
941 3.012404e-005 1.965389e-003
942 6.445164e-006 1.346024e-003
943 8.782346e-006 1.042356e-003
944 8.595680e-006 1.158179e-003
945 1.771313e-005 1.384915e-003
946 2.922329e-005 1.571193e-003
947 2.817917e-004 1.494988e-002
948 1.105991e-005 5.817395e-003
949 7.754460e-005 7.117264e-003
950 2.785050e-005 6.498895e-003
951 9.618088e-005 1.242969e-002
952 3.939344e-005 7.248319e-003
953 7.119891e-005 6.391283e-003
954 9.171839e-006 2.772847e-003
955 1.274629e-004 1.026562e-002
956 9.171839e-006 2.772847e-003
957 4.303081e-005 7.046953e-003
958 1.414092e-005 5.452043e-003
959 3.108067e-004 2.499087e-002
960 1.601060e-004 1.411392e-002
961 1.595071e-005 6.692093e-003
962 8.494373e-005 9.517829e-003
963 1.840351e-005 3.249474e-003
964 2.550828e-004 1.535251e-002
965 2.080587e-005 4.965916e-003
966 3.707519e-004 3.396506e-002
967 3.190068e-004 1.963934e-002
968 9.927256e-006 2.984122e-003
969 6.032853e-005 4.391014e-003
970 1.332313e-004 9.983848e-003
971 3.399828e-006 2.697210e-003
972 2.502987e-005 6.161751e-003
973 7.583557e-005 7.000399e-003
974 1.050088e-005 2.867339e-003
975 2.367356e-005 5.121173e-003
976 3.867912e-004 1.273779e-002
977 3.806358e-005 2.196822e-003
978 2.406098e-005 2.268349e-003
979 9.312585e-006 2.336622e-003
980 1.378135e-006 1.129008e-003
981 7.075534e-006 3.227725e-003
982 4.320496e-005 2.830216e-003
983 1.349550e-005 1.962807e-003
984 4.397413e-005 2.628001e-003
985 1.561036e-005 2.424138e-003
986 1.561036e-005 2.424138e-003
987 2.106146e-006 1.073012e-003
988 8.072810e-006 1.702372e-003
989 2.259648e-005 3.969651e-003
990 9.369487e-006 2.393157e-003
991 2.161089e-005 3.852684e-003
992 4.746397e-006 1.892898e-003
993 8.100126e-006 1.938372e-003
994 4.805394e-006 1.925543e-003
995 7.929909e-006 1.908846e-003
996 9.485948e-006 2.457599e-003
997 7.146278e-005 3.898461e-003
998 9.369487e-006 2.393157e-003
999 1.393316e-005 1.799018e-003
1000 2.468824e-006 1.339968e-003
1001 2.468824e-006 1.339968e-003
1002 3.790800e-005 1.876472e-003
1003 4.125833e-006 1.377752e-003
1004 2.631332e-005 2.465814e-003
1005 5.676220e-006 2.363848e-003
1006 3.356580e-005 2.074423e-003
1007 9.485948e-006 2.457599e-003
1008 8.000679e-006 1.905570e-003
1009 2.413435e-005 2.269001e-003
1010 5.239345e-006 2.196459e-003
1011 2.413435e-005 2.269001e-003
1012 2.369935e-005 2.294398e-003
1013 4.805394e-006 1.925543e-003
1014 2.413435e-005 2.269001e-003
1015 8.006193e-006 1.941432e-003
1016 2.536754e-006 1.381327e-003
1017 4.089526e-006 1.411515e-003
1018 1.448567e-005 2.225304e-003
1019 1.571014e-005 2.627395e-003
1020 4.330551e-006 1.527665e-003
1021 8.327478e-006 1.714405e-003
1022 1.275945e-006 1.066423e-003
1023 6.982731e-006 1.393992e-003
1024 2.507994e-006 1.285344e-003
1025 1.320501e-005 1.832758e-003
1026 4.020556e-003 1.322290e-001
1027 1.546634e-004 1.372900e-002
1028 2.542479e-004 1.516208e-002
1029 2.607813e-004 1.534113e-002
1030 5.636922e-004 3.563545e-002
1031 1.454052e-003 4.308359e-002
1032 3.264715e-005 4.586507e-003
1033 8.372150e-005 1.028606e-002
1034 7.772148e-004 2.868219e-002
1035 2.314538e-005 2.838501e-003
1036 5.743963e-005 6.420796e-003
1037 2.070461e-004 9.682898e-003
1038 9.479188e-006 2.523183e-003
1039 1.520324e-004 6.281138e-003
1040 2.416336e-005 6.735280e-003
1041 1.553651e-004 1.849754e-002
1042 3.760800e-005 8.553917e-003
1043 1.027723e-004 8.914923e-003
1044 2.621420e-004 7.655882e-003
1045 8.078153e-005 4.612896e-003
1046 2.577899e-004 9.253571e-003
1047 1.428598e-004 1.408943e-002
1048 2.827405e-004 2.383515e-002
1049 2.397948e-005 6.752699e-003
1050 7.521058e-004 5.463284e-002
1051 4.242393e-004 4.358936e-002
1052 2.108171e-006 1.175676e-003
1053 2.845414e-006 1.707571e-003
1054 1.615335e-004 1.344279e-002
1055 2.434019e-006 1.474272e-003
1056 1.276966e-005 4.018026e-003
1057 4.773956e-006 1.886585e-003
1058 7.287808e-006 1.794102e-003
1059 1.070219e-006 9.962619e-004
1060 1.002440e-006 9.291168e-004
1061 2.006868e-005 1.769594e-003
1062 2.427740e-006 1.578844e-003
1063 1.682438e-005 2.958822e-003
1064 1.984524e-004 6.896950e-003
1065 7.395365e-005 6.348721e-003
1066 6.291573e-006 1.443251e-003
1067 2.339331e-006 1.390840e-003
1068 3.845575e-006 1.423758e-003
1069 1.060528e-005 1.460047e-003
1070 6.379774e-005 1.170684e-002
1071 1.420445e-005 4.310356e-003
1072 4.931408e-006 2.342429e-003
1073 4.788938e-005 6.889427e-003
1074 1.070219e-006 9.962619e-004
1075 4.945289e-005 9.707338e-003
1076 1.030932e-005 2.643283e-003
1077 7.379359e-005 6.287696e-003
1078 2.502348e-006 1.459249e-003
1079 2.243129e-005 4.514924e-003
1080 6.386052e-006 1.359844e-003
1081 3.903323e-006 1.340058e-003
1082 3.903323e-006 1.340058e-003
1083 6.591907e-006 1.372720e-003
1084 2.108171e-006 1.175676e-003
1085 1.082949e-005 3.598498e-003
1086 2.108171e-006 1.175676e-003
1087 3.367082e-006 1.250950e-003
1088 8.142573e-006 4.459763e-003
1089 2.108171e-006 1.175676e-003
1090 1.261491e-006 1.161490e-003
1091 2.108171e-006 1.175676e-003
1092 2.748061e-003 6.255763e-002
1093 1.953504e-004 1.274001e-002
1094 1.196590e-004 9.384616e-003
1095 2.495907e-006 1.378492e-003
1096 2.495907e-006 1.378492e-003
1097 2.511474e-005 2.949316e-003
1098 6.517741e-005 3.628051e-003
1099 1.408727e-005 2.584310e-003
1100 1.138749e-005 1.627954e-003
1101 1.919512e-005 1.658355e-003
1102 7.575016e-006 1.907514e-003
1103 6.942714e-006 1.620133e-003
1104 3.609115e-004 1.553483e-002
1105 4.093805e-006 1.381303e-003
1106 8.454259e-006 1.947282e-003
1107 2.286376e-005 2.399759e-003
1108 6.900649e-006 1.392233e-003
1109 1.077297e-005 1.584117e-003
1110 5.849910e-005 2.977847e-003
1111 2.443794e-005 2.912365e-003
1112 1.992314e-004 5.594842e-003
1113 1.941412e-004 5.292611e-003
1114 4.915572e-006 1.811176e-003
1115 1.949936e-004 5.748860e-003
1116 2.495907e-006 1.378492e-003
1117 6.729717e-006 1.468564e-003
1118 3.740370e-005 3.094262e-003
1119 1.992314e-004 5.594842e-003
1120 2.368374e-005 2.538038e-003
1121 3.579619e-005 2.727809e-003
1122 1.269341e-005 2.375280e-003
1123 1.203938e-005 1.605923e-003
1124 9.128852e-006 2.441471e-003
1125 8.551862e-006 2.048134e-003
1126 2.181602e-005 2.460002e-003
1127 1.300297e-005 1.933732e-003
1128 2.087957e-005 1.803081e-003
1129 7.460863e-006 1.884330e-003
1130 1.338022e-005 2.615203e-003
1131 1.073184e-004 5.525978e-003
1132 6.977592e-004 2.803542e-002
1133 2.251136e-004 1.038225e-002
1134 3.700408e-005 2.574601e-003
1135 6.489130e-006 1.227959e-003
1136 7.481369e-006 1.537947e-003
1137 1.595290e-005 2.523305e-003
1138 1.472000e-005 2.247709e-003
1139 1.701501e-005 2.706235e-003
1140 1.487336e-003 3.150055e-002
1141 5.796803e-005 5.249544e-003
1142 2.545851e-005 2.276893e-003
1143 2.618448e-005 2.602375e-003
1144 2.108493e-004 9.026218e-003
1145 4.802038e-005 3.580865e-003
1146 3.643119e-004 9.989890e-003
1147 2.303629e-004 1.187252e-002
1148 4.802038e-005 3.580865e-003
1149 2.808593e-005 2.816294e-003
1150 3.503797e-005 1.933063e-003
1151 3.531526e-005 1.947689e-003
1152 2.150004e-005 2.310679e-003
1153 2.139468e-005 1.835806e-003
1154 1.502033e-005 2.293069e-003
1155 1.234917e-005 1.586339e-003
1156 1.734510e-004 7.725370e-003
1157 1.451354e-004 1.123752e-002
1158 7.700066e-005 6.808773e-003
1159 2.880091e-004 2.077383e-002
1160 2.821786e-005 3.112188e-003
1161 2.876382e-005 2.806628e-003
1162 1.075866e-004 8.023313e-003
1163 3.031923e-004 8.518384e-003
1164 2.656452e-005 3.121714e-003
1165 1.766772e-005 3.190397e-003
1166 1.555527e-004 1.261168e-002
1167 6.674845e-005 5.718769e-003
1168 2.943593e-005 3.272960e-003
1169 1.075866e-004 8.023313e-003
1170 1.075866e-004 8.023313e-003
1171 2.821786e-005 3.112188e-003
1172 7.700066e-005 6.808773e-003
1173 6.261329e-004 1.580218e-002
1174 3.135593e-004 2.021303e-002
1175 1.889961e-004 1.279159e-002
1176 4.676671e-003 1.825836e-001
1177 1.399355e-005 2.439936e-003
1178 4.376204e-005 9.132448e-003
1179 5.806359e-005 1.403776e-002
1180 1.997363e-005 1.349111e-002
1181 2.630337e-005 7.973325e-003
1182 1.875758e-005 9.950780e-003
1183 2.414003e-004 8.291588e-003
1184 6.235515e-004 2.041166e-002
1185 8.810924e-004 1.682714e-002
1186 1.671859e-004 7.924222e-003
1187 8.246333e-005 4.604062e-003
1188 2.279935e-004 5.058056e-003
1189 1.932759e-004 1.055772e-002
1190 4.112236e-004 2.529267e-002
1191 7.157632e-005 8.740123e-003
1192 2.973419e-004 1.269462e-002
1193 3.200918e-004 1.522903e-002
1194 3.461762e-004 1.833239e-002
1195 1.869685e-004 1.099497e-002
1196 1.109189e-004 1.055954e-002
1197 5.675899e-005 6.443948e-003
1198 1.892667e-004 1.310267e-002
1199 2.650843e-004 8.662184e-003
1200 1.948087e-004 1.299157e-002
1201 2.873774e-004 1.330642e-002
1202 6.607993e-005 9.626176e-003
1203 3.294663e-004 1.414658e-002
1204 3.070845e-004 1.565455e-002
1205 1.537214e-005 3.531985e-003
1206 6.328659e-005 7.585149e-003
1207 5.882441e-006 3.229831e-003
1208 7.884259e-005 1.483588e-002
1209 5.348218e-005 5.157149e-003
1210 3.193481e-005 4.618083e-003
1211 3.068943e-005 1.940037e-003
1212 2.173722e-005 2.293601e-003
1213 2.021472e-005 5.087218e-003
1214 1.363170e-005 5.709147e-003
1215 1.021425e-004 1.648218e-002
1216 3.724641e-006 3.928988e-003
1217 2.977216e-004 2.661476e-002
1218 2.672329e-005 3.903433e-003
1219 2.943358e-006 1.040523e-003
1220 2.147283e-005 2.572269e-003
1221 1.534934e-005 1.582958e-003
1222 9.303502e-004 1.756150e-002
1223 1.128194e-005 1.702121e-003
1224 9.752698e-006 1.415059e-003
1225 6.724722e-005 3.539925e-003
1226 6.984179e-006 2.026201e-003
1227 1.076802e-003 4.870056e-002
1228 2.353384e-005 2.506160e-003
1229 2.230534e-006 1.079413e-003
1230 4.910707e-006 1.990002e-003
1231 1.521789e-006 1.390003e-003
1232 2.760603e-006 1.861686e-003
1233 4.888638e-006 2.031554e-003
1234 1.456572e-005 2.373164e-003
1235 8.169763e-006 2.090733e-003
1236 8.169763e-006 2.090733e-003
1237 8.144886e-006 2.047718e-003
1238 1.361152e-005 2.117747e-003
1239 4.888638e-006 2.031554e-003
1240 3.530426e-003 7.186305e-002
1241 3.403766e-005 2.024202e-003
1242 1.251096e-005 2.060996e-003
1243 1.326224e-005 2.065034e-003
1244 4.888638e-006 2.031554e-003
1245 8.169763e-006 2.090733e-003
1246 4.838148e-006 2.006206e-003
1247 1.584480e-004 6.166606e-003
1248 2.579773e-004 1.746546e-002
1249 1.104944e-004 7.638062e-003
1250 1.812337e-004 7.796546e-003
1251 2.742625e-004 8.068074e-003
1252 3.060337e-004 9.299472e-003
1253 2.127404e-004 7.152095e-003
1254 6.998279e-005 3.712276e-003
1255 8.509748e-004 1.953929e-002
1256 2.616957e-005 2.844616e-003
1257 1.037601e-003 2.839265e-002
1258 9.683400e-005 7.513577e-003
1259 7.363552e-004 1.503806e-002
1260 4.214202e-005 5.865409e-003
1261 6.387971e-006 1.623233e-003
1262 1.580058e-004 8.367232e-003
1263 2.350502e-005 2.204758e-003
1264 2.546511e-004 7.757275e-003
1265 1.437244e-005 2.508772e-003
1266 4.620299e-005 3.893717e-003
1267 1.751890e-006 1.891983e-003
1268 4.058494e-005 2.554394e-003
1269 3.812090e-004 1.418206e-002
1270 1.044442e-004 6.282698e-003
1271 3.622618e-005 5.484959e-003
1272 9.334428e-006 2.652423e-003
1273 1.398526e-005 1.977121e-003
1274 6.863678e-005 1.043589e-002
1275 3.050708e-004 1.021874e-002
1276 3.916753e-004 1.701920e-002
1277 4.794775e-004 3.001674e-002
1278 2.933410e-004 2.557441e-002
1279 3.085581e-005 2.183748e-003
1280 5.807575e-005 5.961849e-003
1281 2.730326e-005 7.451538e-003
1282 4.155287e-005 9.223748e-003
1283 5.285734e-005 7.141072e-003
1284 3.265591e-004 1.562148e-002
1285 4.749629e-005 4.702936e-003
1286 5.050676e-004 1.114587e-002
1287 8.052441e-006 2.187680e-003
1288 5.050822e-004 2.186734e-002
1289 9.663546e-004 6.297633e-002
1290 3.811719e-006 1.439996e-003
1291 1.893695e-004 5.002677e-003
1292 2.339161e-005 2.629263e-003
1293 4.018745e-004 2.221742e-002
1294 8.261873e-006 2.053974e-003
1295 2.887510e-005 4.308361e-003
1296 2.782203e-005 4.567413e-003
1297 5.380283e-004 4.092304e-002
1298 2.194063e-004 3.747993e-002
1299 2.179554e-005 5.057023e-003
1300 7.905944e-004 3.881067e-002
1301 8.494475e-006 2.174879e-003
1302 7.537225e-006 1.873680e-003
1303 5.045116e-005 1.042829e-002
1304 1.358523e-004 9.809892e-003
1305 2.795173e-005 7.681447e-003
1306 6.754076e-005 7.150018e-003
1307 5.633897e-005 4.829306e-003
1308 6.884377e-005 8.159812e-003
1309 1.331751e-004 1.130758e-002
1310 2.107504e-004 2.350112e-002
1311 8.766519e-005 1.406436e-002
1312 4.879423e-004 1.971900e-002
1313 5.997811e-006 3.171726e-003
1314 4.589600e-005 5.150333e-003
1315 3.733250e-005 2.965074e-003
1316 6.666670e-006 4.519219e-003
1317 9.646027e-006 3.110631e-003
1318 2.408009e-006 1.789996e-003
1319 1.252637e-005 1.989661e-003
1320 1.044876e-005 4.029369e-003
1321 6.533798e-006 3.737847e-003
1322 2.305804e-006 1.422883e-003
1323 1.320781e-004 5.638215e-003
1324 1.103441e-005 1.430395e-003
1325 4.639532e-005 3.456414e-003
1326 4.356102e-005 2.533860e-003
1327 3.444433e-005 4.783721e-003
1328 4.591081e-005 1.955673e-003
1329 9.217694e-006 2.646102e-003
1330 3.978180e-005 2.494247e-003
1331 3.116976e-004 4.582686e-003
1332 7.007650e-004 2.299406e-002
1333 2.831165e-004 9.508892e-003
1334 8.394356e-005 1.477263e-002
1335 5.682215e-005 6.511928e-003
1336 8.346491e-005 5.225515e-003
1337 1.761908e-005 1.961181e-003
1338 2.743723e-005 4.347416e-003
1339 2.186380e-004 1.675587e-002
1340 5.913280e-005 7.705854e-003
1341 2.251591e-005 2.487997e-003
1342 3.441159e-006 1.464930e-003
1343 5.270871e-004 3.043587e-002
1344 1.221505e-005 4.326846e-003
1345 5.548305e-004 1.627791e-002
1346 1.850993e-004 1.485293e-002
1347 2.981491e-004 1.742658e-002
1348 1.679221e-004 7.773747e-003
1349 1.309559e-004 7.685982e-003
1350 6.687622e-004 4.777360e-002
1351 1.080472e-003 4.384000e-002
1352 1.793676e-004 1.220054e-002
1353 6.404928e-006 3.133105e-003
1354 1.386106e-005 2.341984e-003
1355 2.815107e-004 1.930864e-002
1356 1.948257e-005 4.079995e-003
1357 2.071974e-005 4.117682e-003
1358 2.506576e-004 1.223142e-002
1359 2.477553e-004 1.626037e-002
1360 3.806523e-006 1.510050e-003
1361 4.260404e-005 4.240999e-003
1362 1.354819e-005 2.203693e-003
1363 3.625158e-006 1.221952e-003
1364 3.428376e-006 1.101000e-003
1365 6.681643e-006 1.540883e-003
1366 3.750417e-005 5.692741e-003
1367 5.046601e-005 3.872455e-003
1368 2.081266e-005 2.056990e-003
1369 4.762531e-006 1.655196e-003
1370 7.438857e-007 1.060894e-003
1371 4.008855e-006 1.407310e-003
1372 6.887551e-007 1.021350e-003
1373 4.622300e-006 1.768467e-003
1374 9.361082e-006 2.734542e-003
1375 6.320453e-004 1.960313e-002
1376 1.729866e-005 1.485991e-003
1377 5.253593e-005 4.049383e-003
1378 4.409307e-005 5.124427e-003
1379 1.965319e-004 7.515007e-003
1380 2.481162e-004 1.578377e-002
1381 1.926624e-004 1.064278e-002
1382 1.681634e-005 1.411851e-003
1383 1.062742e-005 1.595375e-003
1384 6.633318e-004 2.831382e-002
1385 9.148326e-005 6.754299e-003
1386 2.513775e-004 1.021328e-002
1387 4.027318e-004 1.832201e-002
1388 6.759587e-004 2.393695e-002
1389 4.118198e-005 3.860399e-003
1390 3.928242e-004 1.685940e-002
1391 1.397357e-005 4.897659e-003
1392 8.394323e-005 1.222150e-002
1393 1.990180e-005 2.019781e-003
1394 3.613431e-005 5.957102e-003
1395 1.019212e-004 1.468171e-002
1396 1.325395e-005 2.584942e-003
1397 9.524388e-006 1.527108e-003
1398 1.443431e-004 1.248293e-002
1399 4.782890e-005 4.580381e-003
1400 3.104387e-005 1.851219e-003
1401 1.897496e-004 1.075417e-002
1402 1.951560e-005 1.949482e-003
1403 1.142481e-005 1.738702e-003
1404 3.491816e-004 1.046840e-002
1405 4.713711e-006 1.758141e-003
1406 1.122376e-005 4.571737e-003
1407 7.560528e-006 1.922154e-003
1408 4.565107e-006 2.078383e-003
1409 1.943580e-005 6.109741e-003
1410 1.344369e-004 3.236076e-003
1411 2.159932e-003 4.418124e-002
1412 4.356049e-004 1.957501e-002
1413 1.422124e-005 1.436882e-003
1414 3.571411e-004 1.795377e-002
1415 1.170043e-005 2.575685e-003
1416 2.038765e-005 1.960603e-003
1417 6.953149e-006 1.705593e-003
1418 1.971966e-005 1.984300e-003
1419 1.135059e-004 8.397013e-003
1420 2.084247e-004 1.387117e-002
1421 6.371144e-004 2.414969e-002
1422 3.291378e-005 6.070378e-003
1423 3.890702e-004 1.290356e-002
1424 5.336528e-005 6.147243e-003
1425 2.633558e-004 1.465517e-002
1426 5.297058e-004 1.145372e-002
1427 2.875960e-004 1.340890e-002
1428 6.039198e-006 1.211261e-003
1429 3.878313e-005 5.469412e-003
1430 1.455672e-004 7.595116e-003
1431 4.251915e-004 1.047467e-002
1432 4.882699e-005 5.862930e-003
1433 8.141797e-005 5.673074e-003
1434 1.814146e-004 2.368905e-002
1435 1.838315e-004 1.506093e-002
1436 5.388784e-004 1.788372e-002
1437 2.210607e-005 2.048196e-003
1438 1.371746e-005 2.013377e-003
1439 1.998650e-003 9.826904e-002
1440 7.735650e-005 9.328416e-003
1441 7.605416e-004 7.088101e-002
1442 7.698907e-006 1.864526e-003
1443 1.689722e-004 1.820436e-002
1444 1.776984e-004 2.252831e-002
1445 1.626287e-004 1.645283e-002
1446 5.001930e-005 4.587910e-003
1447 3.095045e-005 2.291959e-003
1448 3.104948e-005 6.426474e-003
1449 1.394318e-004 6.093225e-003
1450 9.000215e-005 7.420489e-003
1451 1.237620e-005 1.291823e-003
1452 1.233464e-004 7.283194e-003
1453 6.112392e-006 1.529873e-003
1454 3.076557e-005 9.977066e-003
1455 1.236729e-005 4.108005e-003
1456 2.010794e-005 4.408959e-003
1457 6.768954e-006 4.031792e-003
1458 1.906902e-006 2.786397e-003
1459 1.455169e-005 3.162453e-003
1460 1.317959e-005 4.113395e-003
1461 2.560124e-005 6.755185e-003
1462 1.560159e-005 6.913227e-003
1463 1.580775e-004 7.714374e-003
1464 2.084951e-003 3.400146e-002
1465 6.947781e-004 1.833723e-002
1466 1.449125e-003 4.999853e-002
1467 1.026885e-004 1.575401e-002
1468 4.322566e-004 2.077386e-002
1469 9.819833e-004 3.584910e-002
1470 8.996836e-005 2.686479e-003
1471 2.223202e-004 6.672462e-003
1472 2.178742e-004 5.430911e-003
1473 9.031265e-006 2.460167e-003
1474 1.245743e-004 1.073880e-002
1475 1.652171e-005 3.686667e-003
1476 1.586987e-005 3.272500e-003
1477 1.952643e-004 2.020099e-002
1478 1.590396e-004 1.478887e-002
1479 3.288077e-004 2.425779e-002
1480 3.705736e-004 1.578119e-002
1481 4.726376e-005 1.021898e-002
1482 2.999913e-004 2.491483e-002
1483 8.823226e-006 5.767955e-003
1484 1.708843e-005 4.486456e-003
1485 7.609977e-006 4.342338e-003
1486 3.328868e-004 1.277828e-002
1487 1.290585e-005 2.043081e-003
1488 5.261966e-005 4.761492e-003
1489 9.480761e-006 2.535339e-003
1490 1.665040e-005 2.904230e-003
1491 3.173241e-004 2.255760e-002
1492 2.843697e-005 4.096546e-003
1493 1.264290e-005 2.000785e-003
1494 1.047673e-004 6.563120e-003
1495 4.481333e-004 8.137102e-003
1496 9.703172e-006 1.254850e-003
1497 2.574497e-004 1.485536e-002
1498 1.121290e-003 2.753996e-002
1499 2.704335e-005 1.449368e-003
1500 6.403521e-005 3.548096e-003
1501 2.265600e-004 1.498967e-002
1502 3.041288e-004 5.241312e-003
1503 7.228822e-005 4.464164e-003
1504 8.699358e-004 2.026934e-002
1505 8.925398e-004 4.114912e-002
1506 8.535057e-006 1.140909e-003
1507 1.279971e-004 4.115940e-003
1508 3.865759e-003 8.408026e-002
1509 1.222518e-005 1.967339e-003
1510 1.019193e-005 2.807554e-003
1511 1.323568e-004 5.032818e-003
1512 1.739473e-006 9.651075e-004
1513 8.258727e-005 6.495009e-003
1514 4.770311e-005 3.486239e-003
1515 8.258496e-005 5.034165e-003
1516 6.811445e-004 1.293212e-002
1517 6.643888e-005 3.220155e-003
1518 9.426819e-004 2.797282e-002
1519 3.862050e-006 1.594383e-003
1520 1.909227e-004 5.601555e-003
1521 4.639872e-006 1.937061e-003
1522 1.109648e-005 3.513261e-003
1523 3.746011e-005 3.056541e-003
1524 5.387292e-004 1.127834e-002
1525 8.423510e-005 5.232024e-003
1526 1.839654e-004 8.481887e-003
1527 5.311309e-005 4.864698e-003
1528 3.254543e-005 4.511534e-003
1529 1.002806e-004 7.477789e-003
1530 2.739509e-005 3.109675e-003
1531 4.136350e-004 1.428856e-002
1532 5.854903e-005 5.249237e-003
1533 3.945100e-004 1.234760e-002
1534 9.757434e-004 4.404119e-002
1535 2.417429e-003 3.754567e-002
1536 1.300882e-003 6.494239e-002
1537 3.253060e-005 4.976208e-003
1538 3.342783e-003 1.026245e-001
1539 2.013689e-004 9.562766e-003
1540 2.262283e-004 3.910632e-002
1541 9.922278e-004 4.800611e-002
1542 1.521147e-003 4.127391e-002
1543 2.213845e-005 4.708317e-003
1544 1.831895e-004 1.060987e-002
1545 1.040711e-005 3.401014e-003
1546 7.972561e-005 4.480970e-003
1547 8.907182e-005 1.331604e-002
1548 3.080936e-004 3.165278e-002
1549 5.057484e-006 2.355271e-003
1550 1.296180e-004 4.692442e-003
1551 6.278326e-005 8.032263e-003
1552 1.116500e-006 1.114495e-003
1553 8.267708e-006 2.569240e-003
1554 1.118520e-003 2.765006e-002
1555 1.718651e-003 5.090958e-002
1556 1.871992e-004 1.045617e-002
1557 5.589852e-004 1.462889e-002
1558 8.596422e-004 4.707795e-002
1559 3.969834e-005 3.779664e-003
1560 1.457032e-005 3.196106e-003
1561 5.018170e-005 4.879801e-003
1562 2.719081e-005 1.070869e-002
1563 7.364666e-006 1.683885e-003
1564 1.334163e-005 6.278553e-003
1565 1.035944e-004 1.656682e-002
1566 8.750881e-005 5.097198e-003
1567 2.639360e-005 2.693564e-003
1568 1.133717e-005 1.789809e-003
1569 7.873726e-005 3.448226e-003
1570 1.041168e-004 8.253292e-003
1571 1.497189e-004 5.786164e-003
1572 4.538829e-006 1.798989e-003
1573 4.655006e-004 2.377302e-002
1574 3.017125e-005 3.278984e-003
1575 1.284354e-004 9.206471e-003
1576 2.121987e-004 8.876332e-003
1577 7.726204e-004 2.032427e-002
1578 7.514791e-006 5.951934e-003
1579 4.845970e-005 9.292717e-003
1580 3.174619e-006 2.430018e-003
1581 1.631193e-005 3.048811e-003
1582 9.858993e-006 4.232898e-003
1583 2.372742e-004 1.480214e-002
1584 1.865082e-005 5.088109e-003
1585 9.177599e-004 3.782361e-002
1586 1.107345e-003 5.427810e-002
1587 5.774635e-004 2.029681e-002
1588 1.754976e-004 1.367532e-002
1589 3.305008e-004 1.350231e-002
1590 1.254956e-003 4.437807e-002
1591 1.972928e-004 1.349981e-002
1592 1.701293e-004 9.280947e-003
1593 3.354976e-004 1.316215e-002
1594 1.095636e-004 7.566591e-003
1595 4.063793e-005 8.655567e-003
1596 8.041739e-005 4.113117e-003
1597 6.079193e-005 7.442735e-003
1598 1.726897e-004 1.494633e-002
1599 9.911998e-006 1.437818e-003
1600 4.045919e-004 1.877999e-002
1601 3.221453e-006 1.134665e-003
1602 2.624597e-004 1.761501e-002
1603 2.669256e-006 1.866273e-003
1604 1.998936e-005 1.993333e-003
1605 1.416452e-004 8.558851e-003
1606 5.095869e-006 2.862377e-003
1607 1.549299e-006 1.870284e-003
1608 2.650912e-006 1.735795e-003
1609 4.112344e-005 3.850720e-003
1610 1.534195e-004 9.851719e-003
1611 2.662265e-006 1.842147e-003
1612 4.676368e-006 1.782265e-003
1613 1.911348e-005 1.900528e-003
1614 4.742266e-005 4.008781e-003
1615 7.478346e-004 2.480065e-002
1616 3.119321e-004 1.408733e-002
1617 9.931011e-005 6.470700e-003
1618 2.167548e-004 1.013945e-002
1619 1.040654e-003 2.351032e-002
1620 8.403036e-005 6.546341e-003
1621 7.840950e-004 3.133418e-002
1622 3.559670e-005 2.600503e-003
1623 9.374653e-004 2.234346e-002
1624 4.511686e-005 3.990601e-003
1625 6.701277e-006 1.521151e-003
1626 9.518568e-005 6.260788e-003
1627 2.345914e-005 3.161782e-003
1628 1.078630e-005 1.786330e-003
1629 2.393869e-004 1.324636e-002
1630 9.778877e-006 1.491481e-003
1631 5.380001e-005 4.851481e-003
1632 1.529831e-004 7.063204e-003
1633 1.633748e-004 1.479817e-002
1634 1.863333e-003 5.521755e-002
1635 1.715563e-004 2.166591e-002
1636 6.710763e-003 1.898867e-001
1637 8.204055e-004 2.553255e-002
1638 1.590371e-004 6.779854e-003
1639 2.298483e-003 8.215513e-002
1640 2.003544e-004 8.872705e-003
1641 2.865239e-003 6.896141e-002
1642 1.947904e-004 2.195690e-002
1643 1.277740e-004 1.102252e-002
1644 2.297917e-004 3.747925e-002
1645 2.551789e-006 1.363161e-003
1646 6.619022e-006 1.827025e-003
1647 5.973419e-004 3.598622e-002
1648 2.139423e-005 4.126315e-003
1649 7.233745e-005 3.466574e-003
1650 5.391113e-004 1.512060e-002
1651 2.296081e-006 9.201877e-004
1652 1.342641e-003 4.124481e-002
1653 8.174705e-004 2.873783e-002
1654 8.017506e-006 2.321140e-003
1655 1.086772e-005 3.597157e-003
1656 1.084008e-005 3.394916e-003
1657 4.855490e-006 1.161450e-003
1658 2.123884e-005 2.126315e-003
1659 1.809941e-005 4.112356e-003
1660 2.599107e-006 1.958158e-003
1661 1.876985e-004 1.810767e-002
1662 4.342767e-005 7.057182e-003
1663 5.864103e-005 1.300124e-002
1664 9.906425e-006 6.595255e-003
1665 3.232471e-005 3.957749e-003
1666 7.084975e-005 1.206987e-002
1667 2.077510e-004 1.744045e-002
1668 1.007642e-005 1.438606e-003
1669 1.254101e-005 4.142589e-003
1670 3.512704e-005 6.915837e-003
1671 2.953895e-005 3.307229e-003
1672 4.147676e-004 2.015857e-002
1673 7.792955e-005 8.667255e-003
1674 1.227828e-005 2.173433e-003
1675 3.637443e-005 2.333325e-003
1676 3.465217e-006 1.220591e-003
1677 2.715119e-005 8.255194e-003
1678 1.353618e-003 4.802488e-002
1679 9.524518e-005 7.411796e-003
1680 6.058496e-005 7.283894e-003
1681 1.177261e-004 8.996780e-003
1682 5.034741e-005 4.263642e-003
1683 1.490651e-004 7.610418e-003
1684 1.975402e-005 4.217283e-003
1685 1.193388e-005 2.036463e-003
1686 2.148811e-005 1.060258e-002
1687 1.223952e-005 4.117451e-003
1688 3.340981e-006 1.047730e-003
1689 3.400642e-004 1.931045e-002
1690 9.728657e-005 6.768956e-003
1691 5.119706e-004 1.358154e-002
1692 2.845357e-003 7.509496e-002
1693 2.892203e-004 1.525104e-002
1694 4.237535e-004 3.322603e-002
1695 3.163599e-005 5.137441e-003
1696 5.288580e-006 2.390628e-003
1697 1.511506e-005 5.454625e-003
1698 1.156227e-004 1.465298e-002
1699 1.092183e-004 8.437845e-003
1700 3.662569e-005 4.425734e-003
1701 5.686800e-005 5.436246e-003
1702 2.269615e-005 5.350803e-003
1703 4.984182e-005 8.416840e-003
1704 7.762233e-005 4.020454e-003
1705 6.132991e-004 4.490182e-002
1706 2.741462e-004 8.032086e-003
1707 5.358250e-006 2.154597e-003
1708 1.897965e-006 2.013175e-003
1709 1.407684e-005 5.092183e-003
1710 1.411376e-006 1.330154e-003
1711 3.143994e-005 9.644197e-003
1712 2.736041e-005 3.134550e-003
1713 1.920489e-005 3.891387e-003
1714 3.733609e-005 5.119290e-003
1715 1.253719e-005 3.846310e-003
1716 1.639623e-005 5.681050e-003
1717 2.103365e-006 2.141105e-003
1718 4.272136e-005 1.430171e-002
1719 2.846494e-006 1.931895e-003
1720 1.220779e-005 3.410707e-003
1721 1.552722e-006 1.448865e-003
1722 4.466421e-005 7.446405e-003
1723 4.794473e-007 1.289835e-003
1724 1.365780e-006 1.387442e-003
1725 6.952005e-006 1.715772e-003
1726 1.347785e-004 2.852109e-002
1727 9.681091e-005 8.656122e-003
1728 8.086897e-006 2.292042e-003
1729 3.603451e-005 6.064818e-003
1730 1.884273e-005 3.835294e-003
1731 3.898792e-006 2.934843e-003
1732 2.370415e-004 1.228828e-002
1733 1.643271e-003 4.753154e-002
1734 1.498987e-003 2.359321e-002
1735 5.715462e-004 1.894470e-002
1736 1.308293e-004 4.810833e-003
1737 5.684321e-005 5.495928e-003
1738 7.800099e-004 5.675197e-002
1739 7.580154e-005 8.175679e-003
1740 7.580154e-005 8.175679e-003
1741 2.372875e-006 1.215720e-003
1742 3.782297e-006 1.271320e-003
1743 1.197972e-005 3.420492e-003
1744 4.649159e-006 1.952885e-003
1745 1.909593e-006 2.129615e-003
1746 3.526069e-005 4.953805e-003
1747 1.564869e-004 1.604542e-002
1748 8.246580e-005 3.423324e-003
1749 5.389806e-005 4.242940e-003
1750 4.465593e-005 4.929267e-003
1751 1.522734e-005 3.127676e-003
1752 3.150895e-005 3.705053e-003
1753 4.364149e-004 1.363794e-002
1754 7.891125e-004 2.451511e-002
1755 8.168848e-004 2.894539e-002
1756 9.407880e-005 1.229496e-002
1757 4.959897e-004 2.648847e-002
1758 2.576895e-003 7.384770e-002
1759 1.565070e-003 4.531420e-002
1760 5.048243e-004 3.661403e-002
1761 2.466890e-003 6.607054e-002
1762 1.380244e-003 5.416951e-002
1763 2.347230e-003 4.992205e-002
1764 4.077785e-004 1.482965e-002
1765 4.186399e-004 1.795526e-002
1766 2.679369e-003 6.622148e-002
1767 8.120009e-005 1.289568e-002
1768 1.500890e-004 1.457483e-002
1769 1.456475e-003 4.794380e-002
1770 8.620411e-004 3.255609e-002
1771 2.542880e-004 1.728469e-002
1772 4.613558e-006 4.225209e-003
1773 5.480928e-003 8.338994e-002
1774 6.786885e-004 2.134953e-002
1775 6.138535e-003 1.264132e-001
1776 2.090362e-004 1.363528e-002
1777 2.211857e-004 1.589775e-002
1778 1.057461e-003 2.969279e-002
1779 3.523581e-004 1.445588e-002
1780 1.313184e-004 1.037454e-002
1781 1.886067e-004 8.864344e-003
1782 9.374923e-005 1.526953e-002
1783 8.403689e-004 3.949632e-002
1784 6.850838e-004 2.043853e-002
1785 7.886812e-004 2.409102e-002
1786 1.837062e-005 3.748598e-003
1787 3.351092e-005 5.146652e-003
1788 8.655664e-004 6.721856e-002
1789 8.440445e-004 5.725230e-002
1790 5.724334e-005 9.977188e-003
1791 8.958617e-004 6.699406e-002
1792 2.470530e-004 2.980693e-002
1793 2.780541e-004 1.035936e-002
1794 9.491199e-005 6.105674e-003
1795 1.740236e-004 9.545077e-003
1796 7.586038e-004 2.740564e-002
1797 1.191068e-003 2.608162e-002
1798 4.034754e-004 2.409366e-002
1799 7.407349e-005 1.118028e-002
1800 7.351155e-004 4.142137e-002
1801 1.153718e-004 1.055138e-002
1802 3.733025e-004 2.634434e-002
1803 5.981988e-004 2.024564e-002
1804 6.172160e-004 2.524842e-002
1805 2.388627e-004 1.587339e-002
1806 6.977487e-004 2.098839e-002
1807 1.286343e-004 1.088651e-002
1808 1.124908e-003 3.493389e-002
1809 3.597663e-004 1.417769e-002
1810 2.660690e-005 8.297441e-003
1811 7.472297e-005 8.603910e-003
1812 1.964694e-004 8.413889e-003
1813 7.305975e-005 4.257051e-003
1814 3.328804e-004 1.229819e-002
1815 3.789346e-004 1.940283e-002
1816 1.596349e-004 5.959451e-003
1817 4.652941e-004 1.370448e-002
1818 9.941112e-004 2.277597e-002
1819 1.383295e-003 4.193801e-002
1820 4.114839e-004 1.993335e-002
1821 6.891562e-005 1.072034e-002
1822 1.136515e-004 1.019306e-002
1823 6.174421e-004 2.194849e-002
1824 2.112594e-004 1.290073e-002
1825 1.900671e-003 3.514189e-002
1826 2.363691e-004 1.973555e-002
1827 1.252733e-004 5.660704e-003
1828 7.540615e-005 8.331734e-003
1829 4.953145e-005 9.254938e-003
1830 1.529670e-003 5.841107e-002
1831 3.623974e-005 5.466915e-003
1832 1.064531e-004 1.958264e-002
1833 4.769919e-005 9.494753e-003
1834 7.081853e-005 7.529002e-003
1835 4.038135e-005 7.205296e-003
1836 1.953435e-005 4.785120e-003
1837 1.227154e-004 1.312063e-002
1838 2.030341e-004 1.139031e-002
1839 2.372844e-004 2.131585e-002
1840 2.600253e-004 2.195301e-002
1841 1.496117e-004 1.525930e-002
1842 2.030341e-004 1.139031e-002
1843 1.827893e-004 8.725656e-003
1844 8.388703e-005 1.150277e-002
1845 3.120881e-005 1.065270e-002
1846 2.534558e-005 6.260518e-003
1847 2.770455e-005 7.598596e-003
1848 5.024349e-005 1.046554e-002
1849 6.706817e-005 9.708341e-003
1850 6.211263e-005 5.459329e-003
1851 2.255644e-005 3.566255e-003
1852 6.047701e-006 3.874986e-003
1853 3.527820e-005 2.637783e-003
1854 1.228080e-004 1.018608e-002
1855 1.600388e-004 8.892058e-003
1856 2.435376e-004 1.779983e-002
1857 2.030952e-004 1.082995e-002
1858 1.807959e-004 1.196990e-002
1859 2.289428e-005 3.413564e-003
1860 1.997773e-004 1.632216e-002
1861 2.299056e-005 6.518874e-003
1862 4.659850e-005 5.568558e-003
1863 2.480131e-004 1.405206e-002
1864 5.880008e-004 1.807965e-002
1865 3.731932e-004 1.707709e-002
1866 2.206646e-004 1.418135e-002
1867 2.763298e-005 7.371550e-003
1868 1.129641e-004 8.458935e-003
1869 3.968123e-005 5.302296e-003
1870 1.262102e-004 1.019359e-002
1871 2.392334e-004 1.910159e-002
1872 3.596746e-004 3.474944e-002
1873 7.614729e-005 7.555007e-003
1874 3.910675e-004 1.256253e-002
1875 3.435830e-004 1.072481e-002
1876 3.729542e-005 4.570651e-003
1877 5.014603e-005 8.527634e-003
1878 1.476221e-005 5.718024e-003
1879 1.482372e-004 1.277410e-002
1880 7.703373e-005 7.958913e-003
1881 9.518566e-004 4.268134e-002
1882 4.474288e-004 2.983603e-002
1883 3.846974e-004 1.985456e-002
1884 2.122853e-004 1.355377e-002
1885 5.691002e-005 8.303453e-003
1886 3.649626e-004 1.573390e-002
1887 2.637181e-005 6.570123e-003
1888 1.423287e-004 1.060701e-002
1889 4.455320e-005 6.774089e-003
1890 8.056391e-006 5.153721e-003
1891 8.177046e-006 4.454047e-003
1892 2.428254e-005 4.970910e-003
1893 1.822065e-004 1.808588e-002
1894 4.200103e-004 2.002751e-002
1895 1.110099e-004 1.008127e-002
1896 1.272549e-005 4.369757e-003
1897 3.718415e-006 3.360514e-003
1898 2.128174e-005 2.641976e-003
1899 8.058000e-005 7.698643e-003
1900 1.164076e-004 8.263967e-003
1901 9.593993e-007 1.661935e-003
1902 6.293198e-004 1.423308e-002
1903 1.481010e-003 5.398622e-002
1904 1.819136e-004 7.224590e-003
1905 3.208326e-004 8.682271e-003
1906 5.190113e-003 8.258397e-002
1907 5.998793e-005 5.194057e-003
1908 5.998793e-005 5.194057e-003
1909 3.408771e-005 4.888576e-003
1910 1.237522e-004 8.764840e-003
1911 7.378896e-005 7.992351e-003
1912 5.196041e-004 1.876067e-002
1913 1.577736e-003 2.360503e-002
1914 9.089860e-004 1.537749e-002
1915 1.421472e-003 1.933647e-002
1916 8.797752e-004 1.844964e-002
1917 4.944909e-004 1.405541e-002
1918 5.844737e-004 1.584548e-002
1919 1.527865e-003 5.667830e-002
1920 3.040470e-004 1.975602e-002
1921 2.215373e-004 1.467295e-002
1922 7.581958e-004 3.495855e-002
1923 2.652908e-004 1.661644e-002
1924 1.277683e-003 4.566228e-002
1925 4.880447e-004 1.289652e-002
1926 1.757961e-004 9.825251e-003
1927 3.195316e-004 1.278435e-002
1928 1.132456e-003 2.896118e-002
1929 5.574444e-004 1.348973e-002
1930 6.720909e-005 3.496978e-003
1931 4.615260e-004 2.467913e-002
1932 1.165869e-004 1.985884e-002
1933 5.626142e-005 6.663973e-003
1934 1.313090e-005 6.251533e-003
1935 4.127320e-004 2.122273e-002
1936 8.133313e-005 1.078690e-002
1937 6.923391e-005 7.158819e-003
1938 2.084636e-004 1.283498e-002
1939 2.450576e-004 1.657260e-002
1940 7.085941e-004 3.376166e-002
1941 1.970521e-005 4.567751e-003
1942 6.618839e-004 1.818544e-002
1943 6.839704e-004 2.693969e-002
1944 2.420784e-004 1.302347e-002
1945 3.897474e-005 6.430293e-003
1946 9.494312e-004 4.580010e-002
1947 1.257067e-004 1.175523e-002
1948 1.719804e-004 1.161404e-002
1949 7.535043e-004 3.199220e-002
1950 1.292410e-004 6.413628e-003
1951 3.810556e-004 1.755798e-002
1952 3.156974e-004 1.232472e-002
1953 2.271200e-004 1.309070e-002
1954 6.507167e-005 6.085212e-003
1955 1.761531e-003 7.395544e-002
1956 1.873902e-003 8.272468e-002
1957 1.947784e-003 9.991909e-002
1958 8.886933e-004 3.933300e-002
1959 3.639563e-005 6.275530e-003
1960 5.388118e-005 6.043220e-003
1961 9.088986e-006 2.730184e-003
1962 1.829684e-005 5.213794e-003
1963 7.393555e-006 1.910008e-003
1964 2.449763e-005 3.010156e-003
1965 7.251458e-005 8.171409e-003
1966 6.839404e-005 7.810143e-003
1967 3.615277e-004 1.791219e-002
1968 5.790657e-005 5.992155e-003
1969 1.978837e-004 1.039028e-002
1970 9.703139e-006 8.647594e-003
1971 1.448297e-004 1.526848e-002
1972 1.289919e-005 5.919415e-003
1973 4.125166e-004 2.941038e-002
1974 2.114488e-004 1.278343e-002
1975 7.208683e-005 1.079778e-002
1976 2.113208e-004 8.993232e-003
1977 3.705287e-004 1.662779e-002
1978 1.874373e-004 9.248656e-003
1979 2.042575e-004 8.760621e-003
1980 4.203414e-005 6.627027e-003
1981 7.480908e-005 8.076082e-003
1982 6.413854e-004 3.251057e-002
1983 1.825635e-003 5.645367e-002
1984 1.046710e-003 3.582452e-002
1985 9.741049e-004 6.681924e-002
1986 4.738279e-004 2.878232e-002
1987 2.783326e-003 1.127633e-001
1988 1.657152e-004 2.309857e-002
1989 6.112354e-004 2.615521e-002
1990 1.235059e-003 5.056280e-002
1991 1.009537e-004 8.181465e-003
1992 1.814617e-004 1.255987e-002
1993 5.633437e-004 1.434316e-002
1994 3.058435e-004 9.899552e-003
1995 1.191945e-004 8.703244e-003
1996 6.221432e-005 7.976710e-003
1997 5.457081e-004 1.842396e-002
1998 1.120086e-003 2.590645e-002
1999 1.069840e-003 3.201613e-002
2000 1.727555e-004 1.368256e-002
